0.144590	0.001560	0.162873	-0.202654
0.144624	0.001885	0.162424	-0.203671
0.144566	0.002603	0.162887	-0.201541
0.144703	0.002659	0.161781	-0.203333
0.144491	0.003739	0.160856	-0.201409
0.144633	0.002901	0.161838	-0.200991
0.144509	0.001387	0.162242	-0.201974
0.144602	0.001290	0.161108	-0.202533
0.144506	0.001898	0.161406	-0.202269
0.144765	0.000844	0.162310	-0.201672
0.144322	0.000993	0.162700	-0.201798
0.146923	0.000786	0.163018	-0.202773
0.144911	0.002491	0.162854	-0.202877
0.144454	0.001630	0.162826	-0.202580
0.144608	0.001639	0.161950	-0.202312
0.144565	0.002710	0.162600	-0.201791
0.144377	0.001693	0.161341	-0.201678
0.145343	0.002405	0.162234	-0.202115
0.149739	0.000008	0.162106	-0.202802
0.149455	0.001415	0.161606	-0.202301
0.149730	0.001575	0.162754	-0.203318
0.149484	0.001321	0.161242	-0.201222
0.149785	0.001230	0.163012	-0.203595
0.149448	0.001136	0.161103	-0.203059
0.149756	0.001437	0.161153	-0.201749
0.149376	0.000507	0.161789	-0.203505
0.149841	0.000511	0.161721	-0.202535
0.148506	0.001716	0.162779	-0.202272
0.144582	0.000781	0.162553	-0.201970
0.144446	0.002332	0.161195	-0.203045
0.145586	0.002481	0.162668	-0.203468
0.149797	0.001292	0.160494	-0.201696
0.149474	0.001156	0.160844	-0.200732
0.149699	0.000828	0.162171	-0.202407
0.149489	0.001894	0.162395	-0.202036
0.149660	0.001793	0.162393	-0.202605
0.149523	0.001306	0.161707	-0.201589
0.149598	0.000913	0.162601	-0.202489
0.149570	0.002795	0.161909	-0.202756
0.149545	0.002392	0.162824	-0.201853
0.149600	0.002957	0.162976	-0.201738
0.149467	0.002578	0.163245	-0.200791
0.149706	0.002450	0.163804	-0.201737
0.149503	0.001089	0.162915	-0.202727
0.149700	0.003107	0.162281	-0.202962
0.149369	0.002430	0.162519	-0.202539
0.149830	0.001948	0.161836	-0.202801
0.145972	0.002454	0.160955	-0.201232
0.144425	0.001197	0.163382	-0.202608
0.144666	0.001029	0.162395	-0.201851
0.144577	0.001056	0.163215	-0.202776
0.144391	0.001750	0.163083	-0.202636
0.148203	0.000784	0.162527	-0.203213
0.149842	0.001858	0.163250	-0.202474
0.149393	0.001919	0.161399	-0.202502
0.149792	0.001370	0.162574	-0.202496
0.149529	0.001643	0.161657	-0.201251
0.149607	0.002316	0.162141	-0.203308
0.149541	0.000441	0.162068	-0.203042
0.149646	0.002059	0.162242	-0.203764
0.149581	0.000789	0.162384	-0.204045
0.149640	0.002131	0.162856	-0.201709
0.149553	0.001207	0.162950	-0.202788
0.149541	0.001570	0.162598	-0.202347
0.149543	0.002307	0.163407	-0.202271
0.149644	0.001447	0.161479	-0.203601
0.149555	0.002631	0.162542	-0.202370
0.149550	0.001923	0.163298	-0.202539
0.149596	0.001371	0.161749	-0.203323
0.149605	0.002439	0.161281	-0.203065
0.149583	0.002666	0.161703	-0.202336
0.149528	0.001500	0.162153	-0.201565
0.149636	0.001589	0.162147	-0.201726
0.149640	0.002262	0.161285	-0.201964
0.149588	0.001365	0.162750	-0.202761
0.149647	0.002091	0.161666	-0.203085
0.149654	0.003127	0.163380	-0.200820
0.149545	0.002203	0.163636	-0.203240
0.149583	0.003066	0.162265	-0.202172
0.149647	0.003068	0.163402	-0.203111
0.149536	0.001976	0.162596	-0.202531
0.149620	0.002640	0.162350	-0.203357
0.149662	0.002107	0.162259	-0.202317
0.149608	0.001898	0.163533	-0.201539
0.149592	0.002377	0.162885	-0.201998
0.149596	0.001286	0.162150	-0.200839
0.149612	0.000915	0.161460	-0.201915
0.149585	0.001161	0.161899	-0.202004
0.149540	0.001660	0.162469	-0.203164
0.149626	0.001623	0.163242	-0.200320
0.149557	0.003470	0.161865	-0.202097
0.149595	0.003223	0.160685	-0.201298
0.149601	0.000839	0.160554	-0.203526
0.149563	0.001091	0.161970	-0.202960
0.149632	0.001870	0.161613	-0.201669
0.149536	0.003276	0.163283	-0.200869
0.149572	0.001785	0.163558	-0.202069
0.149532	0.001310	0.162776	-0.201575
0.149586	0.001366	0.162717	-0.202088
0.149568	0.002476	0.163254	-0.203119
0.149591	0.002727	0.162087	-0.202232
0.149570	0.002519	0.163333	-0.202153
0.149590	0.002578	0.164812	-0.201652
0.149551	0.002524	0.162813	-0.201706
0.149595	0.001833	0.162480	-0.201093
0.149649	0.003157	0.163829	-0.202515
0.149571	0.001376	0.163343	-0.202376
0.149607	0.001352	0.162330	-0.200450
0.149615	0.002658	0.163334	-0.200911
0.149541	0.002178	0.162516	-0.202214
0.149669	0.001859	0.160720	-0.201579
0.149600	0.002937	0.163710	-0.201523
0.149581	0.001442	0.161111	-0.203759
0.149518	0.001292	0.163004	-0.201628
0.149641	0.001818	0.164659	-0.201206
0.149492	0.002109	0.161774	-0.203180
0.149577	0.002053	0.164053	-0.202021
0.149514	0.002043	0.162349	-0.202397
0.149627	0.001994	0.163032	-0.200988
0.149606	0.002957	0.162851	-0.201178
0.149561	0.002124	0.162140	-0.201929
0.149518	0.002858	0.161989	-0.202614
0.149597	0.000958	0.161546	-0.203354
0.149546	0.002685	0.161222	-0.200431
0.149646	0.001933	0.161801	-0.202048
0.149565	0.002113	0.161985	-0.201721
0.149484	0.002347	0.161165	-0.202327
0.149605	0.002101	0.163501	-0.201947
0.149593	0.002218	0.162068	-0.201977
0.149585	0.002628	0.162400	-0.202221
0.149598	0.003971	0.161304	-0.202078
0.149624	0.003564	0.162472	-0.201914
0.149625	0.001977	0.163247	-0.203084
0.149568	0.001596	0.162772	-0.201886
0.149615	0.003147	0.164824	-0.200421
0.149568	0.002240	0.164240	-0.202315
0.149607	0.003160	0.164019	-0.201891
0.149528	0.002554	0.164285	-0.200781
0.149567	0.003156	0.162170	-0.201852
0.149536	0.003027	0.162384	-0.203159
0.149518	0.002991	0.163054	-0.202762
0.149537	0.003604	0.162089	-0.203020
0.149537	0.002375	0.163907	-0.202756
0.149565	0.002526	0.162893	-0.202118
0.149622	0.002882	0.161980	-0.202834
0.149620	0.003535	0.162479	-0.203039
0.149652	0.002699	0.163669	-0.202895
0.149565	0.000501	0.163368	-0.202705
0.149600	0.003929	0.162736	-0.202252
0.149645	0.002221	0.162512	-0.201293
0.149573	0.002247	0.162414	-0.203367
0.149563	0.001531	0.162877	-0.202098
0.149585	0.002371	0.163503	-0.202700
0.149602	0.002281	0.163128	-0.202491
0.149610	0.002728	0.162014	-0.202175
0.149568	0.002051	0.162635	-0.202575
0.149573	0.002891	0.162602	-0.201277
0.149590	0.002093	0.162262	-0.201233
0.149555	0.002101	0.163375	-0.201722
0.149624	0.001832	0.162957	-0.201717
0.149610	0.001750	0.162383	-0.202172
0.149583	0.002758	0.162478	-0.202574
0.149630	0.002042	0.161005	-0.202383
0.149646	0.001969	0.161896	-0.201397
0.149551	0.003058	0.163699	-0.203546
0.149578	0.003415	0.161851	-0.202788
0.149507	0.003017	0.164799	-0.202616
0.149620	0.003201	0.163566	-0.202955
0.149598	0.002452	0.162984	-0.201223
0.149558	0.002203	0.164671	-0.202496
0.149565	0.002063	0.162949	-0.201489
0.149596	0.001914	0.162651	-0.202868
0.149617	0.002163	0.163611	-0.203133
0.149600	0.004149	0.163369	-0.202396
0.149590	0.003291	0.163014	-0.201412
0.149553	0.002479	0.162255	-0.202583
0.149593	0.002948	0.163270	-0.202551
0.149634	0.003461	0.163791	-0.202601
0.149616	0.003987	0.163022	-0.200834
0.149580	0.002813	0.162138	-0.202925
0.149537	0.002684	0.161414	-0.201406
0.149625	0.001843	0.163275	-0.202289
0.149636	0.003563	0.162880	-0.203332
0.149560	0.002157	0.162358	-0.202114
0.149621	0.003031	0.163235	-0.200130
0.149596	0.002141	0.163398	-0.200760
0.149541	0.001765	0.162266	-0.201570
0.149566	0.003511	0.162577	-0.201732
0.149621	0.001014	0.163362	-0.203774
0.149580	0.002554	0.161438	-0.204592
0.149639	0.002541	0.163449	-0.203891
0.149597	0.001479	0.161400	-0.203794
0.149631	0.002903	0.161410	-0.202679
0.149619	0.002534	0.162465	-0.202524
0.149602	0.003683	0.161861	-0.202274
0.149655	0.002109	0.162235	-0.202016
0.149571	0.002500	0.161925	-0.202283
0.149635	0.004036	0.162376	-0.202254
0.149572	0.001659	0.161089	-0.202672
0.149591	0.002375	0.161906	-0.202575
0.149577	0.001907	0.161272	-0.201619
0.149581	0.000989	0.161977	-0.202766
0.149561	0.001471	0.161574	-0.200400
0.149562	0.001679	0.160639	-0.201628
0.149622	0.002962	0.162653	-0.203754
0.149603	0.000721	0.162338	-0.202692
0.149676	0.001798	0.162719	-0.201713
0.149540	0.002017	0.163821	-0.202982
0.149615	0.002810	0.162333	-0.201251
0.149620	0.001719	0.162057	-0.201079
0.149543	0.001829	0.161172	-0.202059
0.149586	0.002539	0.162212	-0.203560
0.149607	0.001266	0.162630	-0.202264
0.149551	0.002235	0.161479	-0.202960
0.149610	0.002704	0.162437	-0.201979
0.149595	0.001535	0.162391	-0.203165
0.149591	0.001251	0.160262	-0.203847
0.149601	0.001327	0.161896	-0.202115
0.149617	0.001197	0.160967	-0.201910
0.149502	0.000877	0.163538	-0.202390
0.149657	0.001771	0.161771	-0.202452
0.149503	0.001596	0.163471	-0.203955
0.149709	0.000885	0.161212	-0.202734
0.149434	0.002684	0.160953	-0.201868
0.149882	0.002688	0.161888	-0.202494
0.148505	0.002233	0.162057	-0.203322
0.144427	0.000748	0.161747	-0.202745
0.144620	0.001226	0.161959	-0.202971
0.144539	0.001124	0.161800	-0.203037
0.144647	0.002807	0.160919	-0.202560
0.144566	0.001452	0.161901	-0.202767
0.144608	0.001805	0.162562	-0.202500
0.144504	0.001169	0.161683	-0.202114
0.144603	0.001427	0.162932	-0.203713
0.144618	0.002240	0.160810	-0.201320
0.144647	0.001053	0.160307	-0.202132
0.144589	0.002425	0.163191	-0.202167
0.144526	0.002240	0.162051	-0.202427
0.144653	0.001152	0.162856	-0.203374
0.144642	0.002519	0.161168	-0.201181
0.144691	0.002809	0.161979	-0.201627
0.144452	0.001199	0.162879	-0.203065
0.148122	0.001835	0.161247	-0.201470
0.149976	0.000718	0.162308	-0.202603
0.149296	0.002082	0.162690	-0.202817
0.150026	0.000998	0.162839	-0.201654
0.148141	-0.000658	0.162524	-0.202604
0.144447	0.001525	0.162259	-0.202920
0.144663	0.001726	0.160172	-0.201122
0.144580	0.001883	0.163192	-0.201912
0.144510	0.001510	0.161937	-0.200986
0.144619	0.001318	0.160493	-0.202549
0.144619	0.001834	0.160885	-0.202787
0.144637	0.001033	0.162297	-0.201416
0.144470	0.000764	0.162235	-0.202931
0.144718	0.001417	0.161478	-0.204457
0.144434	0.002162	0.160557	-0.201795
0.148485	0.001131	0.160055	-0.202206
0.149813	0.002132	0.161927	-0.203079
0.149462	0.001766	0.160065	-0.201994
0.149632	0.000791	0.161170	-0.203545
0.149626	0.001351	0.161215	-0.203846
0.149654	0.000679	0.161161	-0.202906
0.149536	0.000855	0.159621	-0.203516
0.149587	0.000968	0.161963	-0.203433
0.149536	0.001490	0.161443	-0.201985
0.149562	0.001074	0.160688	-0.203793
0.149607	0.002543	0.160815	-0.202211
0.149486	0.002052	0.160849	-0.202638
0.149660	0.001003	0.162478	-0.203062
0.149400	0.000952	0.162198	-0.201891
0.149935	0.001014	0.161759	-0.204185
0.147912	0.002344	0.160945	-0.202009
0.144262	0.002452	0.161711	-0.202756
0.144730	0.002681	0.161534	-0.203752
0.144546	0.002001	0.160769	-0.203034
0.144676	0.001327	0.161052	-0.202189
0.144526	0.001415	0.160468	-0.203363
0.144635	0.002809	0.160885	-0.202756
0.144530	0.003280	0.160152	-0.203240
0.144598	0.002359	0.162107	-0.201347
0.144582	0.002238	0.161365	-0.201897
0.144624	0.003533	0.161332	-0.202449
0.144541	0.000987	0.160529	-0.202713
0.144615	0.001187	0.160132	-0.203435
0.144614	0.002953	0.161353	-0.202254
0.144544	0.002814	0.160701	-0.203928
0.144639	0.000350	0.160134	-0.202673
0.144524	0.002859	0.161769	-0.202342
0.144605	0.000559	0.160206	-0.202246
0.144647	0.001877	0.162341	-0.201541
0.144582	0.001457	0.161616	-0.201944
0.144561	0.001636	0.161305	-0.202293
0.144603	0.002171	0.161213	-0.203447
0.144595	-0.000192	0.160791	-0.203166
0.144639	0.001487	0.161181	-0.201666
0.144524	0.001935	0.159761	-0.200915
0.144598	0.002481	0.160315	-0.202383
0.144592	0.001551	0.161330	-0.203421
0.144602	0.000833	0.161524	-0.203631
0.144574	0.003032	0.162564	-0.202188
0.144619	0.002256	0.160567	-0.201866
0.144546	0.002750	0.161703	-0.204105
0.144603	0.001999	0.160049	-0.204134
0.144516	0.001345	0.162161	-0.201335
0.144666	0.001256	0.161109	-0.202373
0.144604	0.000928	0.160980	-0.201023
0.144490	0.000774	0.162291	-0.202522
0.144561	0.001586	0.159936	-0.202439
0.144573	0.002033	0.160065	-0.201533
0.144555	0.000514	0.160332	-0.201072
0.144548	0.000734	0.161688	-0.201942
0.144614	0.001019	0.161296	-0.203154
0.144589	0.002273	0.161706	-0.202729
0.144569	0.001365	0.161166	-0.202064
0.144654	0.000728	0.160465	-0.203080
0.144613	0.001793	0.160624	-0.202098
0.144570	0.002002	0.160860	-0.202162
0.144577	0.000428	0.160794	-0.202540
0.144612	0.000408	0.160584	-0.203006
0.144526	0.000606	0.160324	-0.202053
0.144579	0.001703	0.162894	-0.202724
0.144593	0.001649	0.161232	-0.203466
0.144620	0.001452	0.161305	-0.202330
0.144545	0.000900	0.161032	-0.202506
0.144594	0.001019	0.160983	-0.203138
0.144546	0.000511	0.161340	-0.203049
0.144501	0.001530	0.159955	-0.203476
0.144612	0.001711	0.161687	-0.203367
0.144603	0.000730	0.161482	-0.202885
0.144593	-0.000275	0.161010	-0.202452
0.144563	0.002281	0.161019	-0.203972
0.144514	0.001978	0.160012	-0.202287
0.144559	0.001910	0.160883	-0.201974
0.144549	0.001137	0.161364	-0.204156
0.144525	0.000864	0.160731	-0.201995
0.144560	0.001300	0.161300	-0.202494
0.144580	0.001572	0.159720	-0.201701
0.144558	0.001894	0.160654	-0.203646
0.144570	0.001865	0.161543	-0.203067
0.144634	0.001352	0.160893	-0.203368
0.144556	0.000022	0.160992	-0.202426
0.144568	0.000701	0.161536	-0.201352
0.144590	0.000833	0.159555	-0.201261
0.144583	0.000281	0.160420	-0.202420
0.144637	0.000042	0.160790	-0.201152
0.144563	0.000641	0.160107	-0.202545
0.144589	0.001089	0.159367	-0.203016
0.144605	0.000594	0.160657	-0.200220
0.144513	0.001625	0.160340	-0.203153
0.144627	0.001378	0.160642	-0.201974
0.144570	0.000248	0.160073	-0.203205
0.144530	-0.000028	0.161588	-0.202583
0.144625	-0.000066	0.160380	-0.201603
0.144593	0.002379	0.160443	-0.202530
0.144592	-0.000263	0.161232	-0.202885
0.144564	0.000662	0.161162	-0.202216
0.144625	0.000806	0.160415	-0.203099
0.144646	0.000264	0.161064	-0.203095
0.144564	-0.000001	0.159087	-0.203096
0.144588	0.001052	0.159585	-0.201473
0.144531	0.001828	0.161123	-0.202946
0.144594	-0.000031	0.160089	-0.202211
0.144614	0.000244	0.161286	-0.201812
0.144548	0.001078	0.160431	-0.202183
0.144644	0.000808	0.160119	-0.203045
0.144590	0.000261	0.161597	-0.202814
0.144612	0.002743	0.161178	-0.202841
0.144619	0.000562	0.159761	-0.203383
0.144593	-0.000509	0.161331	-0.202239
0.144544	0.001660	0.159704	-0.202034
0.144625	0.001754	0.160375	-0.203126
0.144529	0.001285	0.160236	-0.203294
0.144508	0.000898	0.160072	-0.201250
0.144585	0.001838	0.160268	-0.201721
0.144604	0.001589	0.160103	-0.202601
0.144568	0.001700	0.159678	-0.202594
0.144667	0.000572	0.160208	-0.202963
0.144545	0.001193	0.161968	-0.202048
0.144644	0.000328	0.161563	-0.202723
0.144598	0.001447	0.160346	-0.202574
0.144492	0.000769	0.161098	-0.202947
0.144627	0.000998	0.160680	-0.203457
0.144643	0.000676	0.159112	-0.202436
0.144593	0.000984	0.159511	-0.203169
0.144553	0.000229	0.161375	-0.202619
0.144585	-0.000037	0.160631	-0.202579
0.144623	0.000257	0.159669	-0.201941
0.144555	0.000872	0.161238	-0.201754
0.144515	0.001435	0.160144	-0.202883
0.144671	0.001250	0.160711	-0.203430
0.144597	0.000739	0.160835	-0.202950
0.144584	-0.000086	0.160409	-0.202337
0.144570	0.000243	0.160359	-0.203088
0.144565	-0.000358	0.160909	-0.200393
0.144498	0.000333	0.160913	-0.203903
0.144592	0.001049	0.159891	-0.202119
0.144630	0.001186	0.160659	-0.203118
0.144548	0.001327	0.160659	-0.202644
0.144530	0.000395	0.161809	-0.203193
0.144549	0.000222	0.161578	-0.204080
0.144588	0.000698	0.158583	-0.201273
0.144589	0.001276	0.158980	-0.201281
0.144561	0.002193	0.160569	-0.203406
0.144696	0.001492	0.160286	-0.201960
0.144579	0.000928	0.160289	-0.203119
0.144593	0.001346	0.160796	-0.204308
0.144558	0.002073	0.160289	-0.201828
0.144546	0.001799	0.160163	-0.202496
0.144589	0.000930	0.160959	-0.203109
0.144608	0.001880	0.160988	-0.201207
0.144563	0.000689	0.160576	-0.201257
0.144625	0.001363	0.160745	-0.203052
0.144615	0.001142	0.161880	-0.202229
0.144588	0.000688	0.160792	-0.202559
0.144540	0.002126	0.159340	-0.201624
0.144531	0.000450	0.159851	-0.202452
0.144565	0.000073	0.158625	-0.202872
0.144541	-0.000757	0.159904	-0.202447
0.144642	0.001660	0.158801	-0.202806
0.144625	0.000274	0.161073	-0.203420
0.144528	0.000418	0.161014	-0.201749
0.144573	0.000661	0.160033	-0.203726
0.144508	0.000677	0.160243	-0.203787
0.144613	0.000556	0.158407	-0.202421
0.144568	-0.000102	0.159099	-0.203406
0.144561	0.000612	0.161024	-0.202891
0.144584	0.002039	0.159441	-0.201456
0.144617	-0.000261	0.160839	-0.202011
0.144546	-0.000096	0.161123	-0.201469
0.144559	0.001778	0.160281	-0.202664
0.144595	0.001860	0.160310	-0.202836
0.144658	-0.000260	0.159693	-0.202589
0.144693	0.000102	0.160267	-0.201757
0.144540	0.001345	0.160990	-0.202093
0.144597	0.001081	0.160374	-0.200953
0.144504	0.000761	0.158196	-0.201425
0.144511	-0.000151	0.159820	-0.201511
0.144602	0.000544	0.159775	-0.203275
0.144598	0.000522	0.160884	-0.203273
0.144599	0.001698	0.159339	-0.202023
0.144498	0.000462	0.160272	-0.204035
0.144603	0.001616	0.159811	-0.201807
0.144543	0.002097	0.160726	-0.202105
0.144632	0.001097	0.159930	-0.202643
0.144563	0.001639	0.160258	-0.201179
0.144524	0.000795	0.159573	-0.202620
0.144637	0.000321	0.159549	-0.203371
0.144540	0.000958	0.160562	-0.203780
0.144602	-0.000050	0.157926	-0.202069
0.144594	0.000303	0.160890	-0.201498
0.144609	0.000892	0.160553	-0.201808
0.144553	0.000905	0.158964	-0.203252
0.144563	-0.000005	0.160101	-0.202465
0.144582	0.000957	0.158754	-0.202715
0.144582	-0.000112	0.158743	-0.202487
0.144597	-0.000682	0.160236	-0.202761
0.144628	0.001323	0.159657	-0.202058
0.144543	0.000125	0.158568	-0.202886
0.144588	0.000609	0.159384	-0.201757
0.144589	0.000307	0.157549	-0.202505
0.144600	0.002111	0.158697	-0.202258
0.144661	-0.000205	0.159930	-0.203794
0.144574	0.001091	0.159861	-0.202563
0.144564	0.001266	0.159633	-0.204573
0.144624	-0.000348	0.159958	-0.204268
0.144538	0.001761	0.160281	-0.201686
0.144582	0.000856	0.160265	-0.203521
0.144600	0.001022	0.158516	-0.204610
0.144569	0.000537	0.159964	-0.202128
0.144549	0.001789	0.160918	-0.203098
0.144610	0.002036	0.160767	-0.203610
0.144510	-0.000355	0.159142	-0.202217
0.144627	0.000764	0.159434	-0.201906
0.144635	-0.000469	0.160505	-0.201640
0.144561	-0.000234	0.160137	-0.202416
0.144637	0.000943	0.158506	-0.202474
0.144588	0.001246	0.160544	-0.204026
0.144613	0.001885	0.160040	-0.201853
0.144598	0.000015	0.159949	-0.200721
0.144525	-0.000318	0.159406	-0.201934
0.144515	0.001537	0.160431	-0.203185
0.144622	0.001753	0.160058	-0.201360
0.144599	-0.001019	0.160443	-0.203749
0.144500	0.000944	0.159805	-0.202358
0.144587	0.002147	0.159737	-0.201557
0.144583	0.001321	0.161247	-0.201751
0.144619	0.001156	0.160527	-0.202325
0.144577	0.000130	0.160799	-0.203279
0.144520	0.001194	0.161198	-0.201811
0.144672	0.000382	0.160394	-0.202878
0.144533	0.000736	0.160367	-0.202524
0.144669	0.000650	0.159760	-0.202880
0.144554	-0.000288	0.160238	-0.203109
0.144555	-0.000920	0.159983	-0.201460
0.144545	0.000600	0.158325	-0.202798
0.144569	0.000977	0.160389	-0.202113
0.144553	0.000689	0.160112	-0.203428
0.144609	0.000358	0.160253	-0.203366
0.144608	0.001554	0.160236	-0.201835
0.144521	0.002003	0.159657	-0.202429
0.144629	0.002114	0.159752	-0.202730
0.144648	0.001499	0.159390	-0.203649
0.144583	0.002434	0.161266	-0.201713
0.144555	0.002356	0.160675	-0.202880
0.144538	0.001169	0.160352	-0.201491
0.144602	0.001171	0.159130	-0.202244
0.144582	0.000139	0.159866	-0.201295
0.144503	0.000888	0.159826	-0.202526
0.144599	0.001102	0.159176	-0.202940
0.144573	0.002262	0.159550	-0.201922
0.144593	0.001437	0.158767	-0.202774
0.144540	0.000514	0.158073	-0.202118
0.144572	0.001068	0.158887	-0.202366
0.144592	0.001472	0.159222	-0.202244
0.144553	-0.000185	0.159436	-0.201713
0.144575	-0.000047	0.161489	-0.201575
0.144595	-0.000129	0.161409	-0.202321
0.144603	0.000585	0.160047	-0.203002
0.144577	0.002387	0.160609	-0.201580
0.144599	0.002175	0.159628	-0.202023
0.144668	0.000840	0.158678	-0.201583
0.144511	0.000135	0.159881	-0.203032
0.144585	0.001534	0.159325	-0.202975
0.144556	0.000647	0.159627	-0.203922
0.144536	0.000298	0.159396	-0.201754
0.144599	0.000519	0.159535	-0.200758
0.144602	0.001038	0.159593	-0.203510
0.144554	0.000861	0.159934	-0.202794
0.144594	-0.000308	0.160108	-0.201516
0.144649	0.002296	0.160443	-0.203352
0.144608	0.000982	0.159449	-0.203358
0.144634	0.000564	0.160082	-0.203963
0.144594	0.001735	0.159542	-0.202283
0.144602	0.001352	0.158582	-0.202807
0.144536	0.000656	0.159880	-0.203239
0.144608	0.001410	0.159544	-0.203485
0.144569	0.001211	0.160492	-0.203605
0.144617	0.000998	0.161032	-0.201647
0.144619	0.000965	0.160225	-0.201954
0.144529	0.000650	0.160260	-0.202822
0.144573	0.001516	0.160228	-0.202084
0.144509	0.000375	0.160060	-0.203378
0.144558	0.000738	0.158886	-0.202160
0.144595	0.001574	0.160474	-0.201696
0.144561	0.001763	0.159866	-0.201525
0.144564	0.000944	0.159064	-0.202792
0.144613	0.000029	0.159790	-0.202564
0.144540	0.000933	0.159400	-0.201905
0.144649	0.002593	0.159694	-0.203729
0.144577	0.001708	0.159760	-0.203100
0.144623	0.000845	0.160707	-0.202588
0.144563	0.000684	0.158828	-0.202214
0.144587	0.001434	0.158193	-0.203101
0.144461	0.002515	0.158860	-0.203113
0.144696	0.000549	0.159067	-0.202570
0.144594	-0.000400	0.160156	-0.202675
0.144580	0.001440	0.159504	-0.203049
0.144585	0.000771	0.160799	-0.202472
0.144605	0.000771	0.160466	-0.201584
0.144594	0.000856	0.158399	-0.203154
0.144608	-0.000398	0.159083	-0.201543
0.144612	0.001177	0.159233	-0.201640
0.144639	0.001427	0.159943	-0.202548
0.144566	0.000161	0.159814	-0.202296
0.144565	0.001161	0.159632	-0.202791
0.144649	-0.000693	0.159080	-0.202140
0.144565	0.001250	0.159080	-0.202298
0.144595	0.002490	0.158553	-0.203159
0.144629	0.001828	0.160817	-0.201206
0.144623	0.001445	0.159673	-0.201875
0.144628	0.000496	0.160272	-0.202563
0.144643	0.000217	0.160028	-0.202536
0.144640	0.000257	0.160943	-0.203094
0.144548	0.001148	0.159721	-0.202117
0.144603	-0.000184	0.159114	-0.201589
0.144595	0.001134	0.159935	-0.201659
0.144603	0.000689	0.159162	-0.202297
0.144618	0.000241	0.159570	-0.202994
0.144646	0.000779	0.159511	-0.202957
0.144585	0.001580	0.161137	-0.202407
0.144558	0.001604	0.161206	-0.201947
0.144566	0.001460	0.160067	-0.202624
0.144668	0.000848	0.159943	-0.204239
0.144649	0.000778	0.159245	-0.202624
0.144649	-0.000604	0.158664	-0.201932
0.144566	0.000092	0.158920	-0.203547
0.144551	-0.000059	0.159537	-0.202420
0.144608	-0.000469	0.159490	-0.202875
0.144629	0.001576	0.158996	-0.201934
0.144605	0.000594	0.160332	-0.202159
0.144599	0.001842	0.158823	-0.202548
0.144560	0.000039	0.159167	-0.204667
0.144649	-0.000986	0.159419	-0.202604
0.144528	0.000221	0.159223	-0.201564
0.144682	-0.000838	0.157807	-0.203739
0.144530	-0.000631	0.157772	-0.203903
0.144686	0.001756	0.158826	-0.202945
0.144553	-0.000370	0.160475	-0.202030
0.144647	0.000241	0.160441	-0.202122
0.144503	0.000978	0.160022	-0.202593
0.144694	0.000666	0.158780	-0.201499
0.144447	0.000651	0.160161	-0.202140
0.144756	0.000853	0.160733	-0.202124
0.144386	0.001624	0.158306	-0.202767
0.144940	0.000529	0.159570	-0.203822
0.143302	0.001862	0.159312	-0.203002
0.139772	0.000989	0.159682	-0.202584
0.139867	0.000874	0.160057	-0.202253
0.140855	0.000759	0.161542	-0.202278
0.144876	0.000895	0.159055	-0.202981
0.144425	0.000636	0.160159	-0.199701
0.144722	0.001192	0.159460	-0.203049
0.144531	0.001955	0.159699	-0.201079
0.144627	0.000189	0.158825	-0.201183
0.144544	0.001400	0.158806	-0.201232
0.144623	0.000373	0.159940	-0.202351
0.144500	-0.000293	0.158990	-0.201013
0.144607	0.001537	0.159280	-0.202846
0.144504	-0.000936	0.159069	-0.201402
0.144658	0.000058	0.159392	-0.202447
0.144521	0.000157	0.159624	-0.203399
0.144627	-0.000406	0.159161	-0.201255
0.144539	0.000659	0.159940	-0.202854
0.144548	0.000207	0.159443	-0.201723
0.144554	0.001913	0.159415	-0.202154
0.144617	-0.000187	0.161433	-0.202662
0.144597	0.000381	0.158083	-0.202445
0.144646	-0.000633	0.159351	-0.201708
0.144549	0.000392	0.160039	-0.201137
0.144630	-0.000742	0.160310	-0.200935
0.144574	-0.000603	0.159956	-0.200964
0.144565	0.000778	0.160492	-0.202248
0.144446	0.000415	0.160228	-0.202593
0.144671	0.000854	0.160465	-0.202338
0.144416	0.001235	0.159839	-0.202472
0.144600	0.000708	0.159481	-0.201310
0.144459	0.000542	0.159025	-0.202803
0.144765	0.000206	0.158194	-0.202684
0.140735	-0.000856	0.158143	-0.201945
0.139820	-0.000304	0.159446	-0.201951
0.139602	0.001004	0.158852	-0.201914
0.141285	0.001174	0.159598	-0.202267
0.144936	-0.000016	0.160265	-0.199745
0.144376	0.001122	0.160217	-0.201342
0.144701	-0.000207	0.159897	-0.200974
0.144535	-0.001576	0.159191	-0.202135
0.144720	-0.000067	0.159098	-0.201758
0.144516	0.000391	0.160552	-0.202355
0.144692	-0.000414	0.158546	-0.202188
0.144477	0.000620	0.158615	-0.202109
0.144676	0.001386	0.158285	-0.201697
0.144588	0.001338	0.158277	-0.203267
0.144646	0.000606	0.158406	-0.202771
0.144622	-0.000437	0.157674	-0.201793
0.144578	0.000382	0.158869	-0.202917
0.144597	0.000551	0.157975	-0.202521
0.144556	-0.000953	0.159450	-0.202603
0.144617	0.000157	0.160164	-0.202626
0.144582	-0.000813	0.158837	-0.202543
0.144630	0.000093	0.158331	-0.201924
0.144659	0.001068	0.157876	-0.202958
0.144568	0.000173	0.159465	-0.202421
0.144619	0.000326	0.159628	-0.203703
0.144644	0.000148	0.160252	-0.203237
0.144584	0.001018	0.158732	-0.201900
0.144592	0.000536	0.158516	-0.203575
0.144583	0.001440	0.160256	-0.202856
0.144577	0.000267	0.159516	-0.202367
0.144490	-0.000076	0.159335	-0.203515
0.144618	0.000312	0.158912	-0.201548
0.144549	0.000133	0.158400	-0.201780
0.144630	0.000050	0.159993	-0.201808
0.144679	-0.001130	0.160644	-0.201837
0.144544	0.000811	0.160475	-0.202125
0.144623	0.000098	0.157237	-0.201836
0.144615	-0.000127	0.157838	-0.202647
0.144635	0.000825	0.159973	-0.202489
0.144549	0.000540	0.160057	-0.204498
0.144582	0.000385	0.158464	-0.203777
0.144612	0.000107	0.158785	-0.202219
0.144627	0.001393	0.158450	-0.202672
0.144592	-0.000030	0.158380	-0.202355
0.144630	0.001178	0.160544	-0.202388
0.144572	-0.001034	0.158838	-0.202442
0.144570	0.000286	0.158822	-0.202945
0.144585	0.001336	0.158935	-0.203681
0.144617	0.001984	0.158743	-0.204394
0.144524	-0.000621	0.159166	-0.201934
0.144609	-0.000991	0.159981	-0.201648
0.144629	0.000493	0.159639	-0.204082
0.144637	0.000157	0.159182	-0.202958
0.144536	-0.000493	0.159614	-0.201775
0.144646	-0.000672	0.157561	-0.203599
0.144666	-0.001322	0.158945	-0.202130
0.144610	-0.000043	0.158059	-0.203120
0.144589	-0.000162	0.158983	-0.201491
0.144546	0.000363	0.159767	-0.202457
0.144536	0.000511	0.157875	-0.202446
0.144618	-0.000563	0.159040	-0.202073
0.144613	0.000600	0.159169	-0.203224
0.144541	-0.000176	0.160438	-0.202684
0.144619	-0.000414	0.159285	-0.203852
0.144639	-0.000534	0.158149	-0.201082
0.144585	0.001587	0.158182	-0.202906
0.144634	0.002163	0.158143	-0.203367
0.144553	-0.000868	0.158609	-0.202962
0.144607	-0.000233	0.159330	-0.202340
0.144609	-0.000244	0.158352	-0.201424
0.144543	0.000477	0.157954	-0.202832
0.144605	-0.000273	0.158845	-0.203714
0.144548	-0.000156	0.158444	-0.201612
0.144540	0.000072	0.159741	-0.202224
0.144607	0.000338	0.159955	-0.202174
0.144149	-0.000241	0.159094	-0.201161
0.140088	0.000675	0.158886	-0.202447
0.139936	-0.000192	0.159339	-0.202680
0.139819	0.000249	0.158125	-0.202410
0.139928	0.000939	0.158055	-0.202873
0.139696	-0.000433	0.159498	-0.202085
0.139925	0.000435	0.159985	-0.202609
0.139649	0.000065	0.160018	-0.202771
0.140211	0.000262	0.159139	-0.203103
0.139236	0.000924	0.158432	-0.202588
0.142833	-0.002781	0.157639	-0.202499
0.142459	0.000092	0.158016	-0.202950
0.139218	-0.000964	0.157624	-0.202287
0.140209	0.000084	0.159310	-0.202832
0.139657	-0.000065	0.158084	-0.203369
0.139992	-0.000858	0.159364	-0.203515
0.139734	0.000217	0.158436	-0.204660
0.139958	-0.000046	0.158748	-0.202135
0.139730	0.000108	0.160054	-0.203447
0.139989	0.001353	0.160201	-0.201207
0.139779	0.000246	0.156992	-0.202287
0.140002	0.000940	0.157741	-0.203699
0.139800	-0.000565	0.159491	-0.202091
0.139997	-0.001408	0.159372	-0.202740
0.139711	0.000488	0.158410	-0.202792
0.139951	0.000478	0.159433	-0.201721
0.139646	-0.000280	0.156980	-0.201439
0.140133	0.002067	0.158820	-0.201540
0.139402	0.000660	0.158103	-0.203418
0.142717	0.000372	0.160093	-0.202410
0.144869	-0.000568	0.160128	-0.203378
0.144568	0.000640	0.158291	-0.203416
0.142117	0.000580	0.159245	-0.202395
0.139139	-0.001284	0.158119	-0.202678
0.140568	0.000047	0.159421	-0.203594
0.139050	0.001116	0.159035	-0.201803
0.143243	-0.000763	0.159345	-0.202412
0.141882	-0.000523	0.159918	-0.202828
0.139432	-0.000238	0.159597	-0.202672
0.140081	0.001267	0.157895	-0.203498
0.139649	0.000176	0.157832	-0.202854
0.140537	-0.000116	0.157909	-0.204416
0.144760	-0.000467	0.159709	-0.202650
0.141624	-0.000428	0.158584	-0.203823
0.139508	-0.001521	0.159981	-0.203295
0.140099	-0.001460	0.158420	-0.202487
0.139713	-0.000130	0.158103	-0.202943
0.139946	-0.000164	0.157675	-0.202099
0.139774	-0.000885	0.156648	-0.203361
0.139853	0.000142	0.159018	-0.202103
0.139792	0.000570	0.158395	-0.201280
0.139856	-0.000016	0.158975	-0.202968
0.139927	0.000135	0.160178	-0.202783
0.139853	0.000750	0.158291	-0.203163
0.139851	-0.000326	0.157752	-0.202928
0.139784	0.000924	0.158247	-0.203186
0.139910	0.000639	0.159147	-0.202738
0.139731	0.000428	0.160023	-0.204057
0.139940	-0.000999	0.160307	-0.202229
0.139740	0.001386	0.157917	-0.201811
0.139963	0.000586	0.160662	-0.203655
0.139762	0.000133	0.160172	-0.202447
0.140846	-0.000011	0.158426	-0.201662
0.144721	-0.000517	0.158751	-0.202796
0.144479	0.002104	0.157469	-0.203744
0.144666	0.001273	0.159033	-0.203015
0.144599	-0.000450	0.157608	-0.203705
0.144628	-0.001450	0.157796	-0.203535
0.144437	-0.000442	0.157396	-0.201946
0.144663	0.000038	0.158025	-0.202358
0.144520	0.001094	0.159666	-0.201148
0.144711	0.000525	0.159029	-0.203476
0.144464	-0.000100	0.158415	-0.204313
0.144711	0.000325	0.158128	-0.202588
0.144439	-0.000011	0.159899	-0.202073
0.144827	0.000254	0.157772	-0.201692
0.141145	-0.000326	0.157850	-0.203140
0.139562	0.000044	0.157789	-0.203524
0.139994	-0.001489	0.157758	-0.204105
0.139755	-0.000514	0.157017	-0.202802
0.139997	-0.000035	0.159050	-0.203232
0.139810	0.000735	0.157742	-0.203195
0.139966	-0.000390	0.158192	-0.203843
0.139822	-0.000012	0.160137	-0.202743
0.139911	-0.000320	0.158326	-0.201549
0.139846	0.000135	0.160215	-0.202526
0.139938	-0.000420	0.159905	-0.202784
0.139874	-0.000612	0.159387	-0.201441
0.139920	0.000473	0.158970	-0.203730
0.139749	0.000342	0.157039	-0.200752
0.139905	0.000890	0.159265	-0.201424
0.139745	0.001519	0.158786	-0.202167
0.139938	0.000453	0.159035	-0.201624
0.139785	0.000166	0.160263	-0.202469
0.139996	-0.000776	0.159049	-0.201876
0.139487	0.000698	0.159181	-0.203186
0.141331	0.001148	0.157911	-0.201775
0.144763	-0.000334	0.158896	-0.202583
0.144371	0.001366	0.158889	-0.203143
0.144691	-0.000796	0.157376	-0.202128
0.144548	-0.001231	0.158719	-0.202989
0.144573	-0.000762	0.157957	-0.202515
0.144619	0.000079	0.157279	-0.202732
0.144541	0.001005	0.158194	-0.202538
0.144667	0.000975	0.157624	-0.203704
0.144425	-0.000573	0.158556	-0.203362
0.144733	-0.000419	0.158534	-0.202871
0.140958	-0.000036	0.158285	-0.203782
0.139585	0.000181	0.158763	-0.202664
0.140004	-0.000336	0.158074	-0.202644
0.139739	0.000341	0.157665	-0.202610
0.139920	0.001440	0.158558	-0.203638
0.139704	0.000326	0.158698	-0.203293
0.139932	-0.001879	0.157759	-0.202662
0.139794	-0.000647	0.156735	-0.205053
0.139910	0.000229	0.161379	-0.202001
0.139746	0.000211	0.159456	-0.202193
0.139874	0.001635	0.158589	-0.202762
0.139867	0.001809	0.158788	-0.201911
0.139838	0.001089	0.157789	-0.203076
0.139828	0.000615	0.158960	-0.202916
0.139882	0.000208	0.157246	-0.203513
0.139793	0.001275	0.158821	-0.204295
0.139941	-0.000365	0.157841	-0.203654
0.139822	0.000778	0.157252	-0.202603
0.139838	-0.000150	0.158237	-0.202412
0.139808	-0.000557	0.158282	-0.200887
0.139843	-0.000435	0.159604	-0.202164
0.139828	0.001033	0.159750	-0.202035
0.139876	-0.000567	0.159547	-0.201533
0.139828	0.000682	0.158659	-0.202352
0.139878	-0.001690	0.158134	-0.202439
0.139820	0.000750	0.158089	-0.202813
0.139905	0.000581	0.158152	-0.201662
0.139842	0.000162	0.158446	-0.201639
0.139843	-0.001506	0.158023	-0.201988
0.139894	0.000253	0.158374	-0.201791
0.139843	0.000735	0.158223	-0.202672
0.139879	-0.000368	0.159709	-0.202223
0.139820	-0.001085	0.157680	-0.203552
0.139805	-0.000891	0.158894	-0.203219
0.139857	-0.000369	0.158630	-0.201430
0.139843	-0.000866	0.158066	-0.203828
0.139814	-0.000763	0.159004	-0.203432
0.139820	0.000510	0.157618	-0.203110
0.139862	0.000514	0.157846	-0.203903
0.139883	-0.000572	0.157964	-0.202202
0.139872	-0.000923	0.157066	-0.204020
0.139829	0.000309	0.159538	-0.202704
0.139818	0.000350	0.157798	-0.203282
0.139847	-0.000727	0.158297	-0.202217
0.139917	0.001326	0.157841	-0.203764
0.139908	-0.001196	0.157639	-0.202411
0.139769	0.000105	0.158093	-0.202841
0.139897	0.000689	0.160127	-0.202657
0.139843	0.000109	0.158826	-0.203106
0.139819	-0.000419	0.159554	-0.203386
0.139854	-0.000648	0.158669	-0.203411
0.139897	0.000461	0.159597	-0.202183
0.139847	0.000348	0.160781	-0.201967
0.139800	0.000048	0.158948	-0.201103
0.139873	0.000845	0.159890	-0.203045
0.139852	0.000999	0.159371	-0.203822
0.139889	-0.000096	0.157496	-0.202381
0.139896	0.000904	0.159102	-0.202069
0.139866	0.000549	0.158169	-0.203240
0.139789	0.000388	0.158148	-0.203314
0.139864	-0.000324	0.158120	-0.201663
0.139942	-0.001021	0.158795	-0.202797
0.139834	-0.000960	0.158668	-0.202907
0.139822	-0.001339	0.158797	-0.202606
0.139882	-0.000952	0.158135	-0.202860
0.139837	-0.000164	0.159090	-0.202003
0.139867	-0.000394	0.156870	-0.203176
0.139832	-0.000667	0.157479	-0.203088
0.139892	-0.000314	0.158117	-0.203975
0.139849	-0.000999	0.157719	-0.201639
0.139898	-0.000101	0.158251	-0.202484
0.139886	-0.000728	0.157533	-0.202667
0.139873	-0.001581	0.158090	-0.203176
0.139962	-0.000512	0.158860	-0.203535
0.139905	-0.000692	0.157952	-0.203393
0.139836	-0.000932	0.158217	-0.202492
0.139898	-0.000369	0.158519	-0.202346
0.139876	-0.000858	0.155948	-0.203743
0.139894	-0.000540	0.157786	-0.202190
0.139862	0.000699	0.157313	-0.202168
0.139882	-0.000380	0.158326	-0.201917
0.139839	0.000656	0.157995	-0.200941
0.139817	-0.000219	0.158218	-0.202594
0.139834	-0.001011	0.157266	-0.202555
0.139897	-0.001185	0.160382	-0.203184
0.139916	-0.000005	0.157574	-0.201565
0.139863	-0.000622	0.157392	-0.202594
0.139868	-0.000442	0.158113	-0.203228
0.139872	0.000599	0.158132	-0.202847
0.139915	0.001214	0.158142	-0.201193
0.139844	-0.000196	0.156798	-0.201509
0.139882	0.001325	0.158018	-0.201637
0.139797	-0.000062	0.159677	-0.201661
0.139793	-0.000661	0.157802	-0.203917
0.139820	-0.001518	0.157774	-0.201315
0.139886	0.000357	0.157121	-0.202832
0.139833	-0.001808	0.158704	-0.201683
0.139852	-0.001021	0.158143	-0.202198
0.139774	0.000029	0.156626	-0.202123
0.139878	-0.001907	0.157606	-0.201837
0.139871	-0.001105	0.157647	-0.204047
0.139888	-0.000136	0.157281	-0.201588
0.139818	-0.000890	0.158306	-0.202793
0.139862	0.000316	0.158385	-0.202023
0.139770	-0.001493	0.156952	-0.203655
0.139827	-0.001541	0.157753	-0.203289
0.139877	-0.001399	0.157017	-0.202415
0.139819	-0.000890	0.157689	-0.204174
0.139861	-0.000192	0.157497	-0.203418
0.139854	-0.000688	0.157789	-0.201926
0.139842	0.000356	0.157313	-0.202395
0.139844	-0.000442	0.157541	-0.203645
0.139873	-0.001319	0.157886	-0.202396
0.139869	-0.000596	0.158338	-0.202804
0.139859	-0.000882	0.157601	-0.203757
0.139857	-0.001388	0.159030	-0.203292
0.139862	-0.001094	0.157365	-0.204863
0.139847	-0.001086	0.157326	-0.202723
0.139883	-0.000032	0.157726	-0.201955
0.139793	-0.000598	0.157561	-0.202406
0.139842	0.000120	0.158766	-0.201446
0.139819	-0.000047	0.158521	-0.203524
0.139794	-0.000278	0.158625	-0.203465
0.139800	0.000068	0.157723	-0.201563
0.139926	-0.001612	0.159169	-0.201979
0.139856	-0.000137	0.157921	-0.203611
0.139748	-0.000076	0.157628	-0.201296
0.139862	-0.001200	0.158118	-0.202294
0.139864	-0.001141	0.159490	-0.202968
0.139839	-0.000483	0.157098	-0.201764
0.139853	-0.000669	0.158727	-0.202085
0.139800	-0.000688	0.158486	-0.201884
0.139856	0.000294	0.156558	-0.200876
0.139848	-0.000434	0.158242	-0.202193
0.139869	-0.000539	0.156688	-0.200886
0.139832	-0.000474	0.158046	-0.203237
0.139868	-0.001571	0.157011	-0.203312
0.139843	0.000450	0.158004	-0.204174
0.139838	-0.000363	0.157370	-0.203941
0.139868	-0.000303	0.157658	-0.204344
0.139851	0.000124	0.157182	-0.201235
0.139805	-0.001193	0.157421	-0.202035
0.139818	0.000586	0.158618	-0.202045
0.139896	-0.000006	0.159738	-0.201463
0.139894	0.000775	0.157925	-0.202833
0.139888	-0.000853	0.159023	-0.201271
0.139950	-0.000470	0.158449	-0.201450
0.139867	0.000159	0.156976	-0.202517
0.139829	-0.001473	0.156807	-0.202110
0.139834	-0.000554	0.158406	-0.201530
0.139832	-0.000887	0.158026	-0.202003
0.139842	-0.001384	0.158639	-0.202971
0.139836	-0.001139	0.159164	-0.202417
0.139831	0.000467	0.158321	-0.203066
0.139854	-0.000102	0.157435	-0.203181
0.139952	0.000194	0.157754	-0.203071
0.139859	-0.000172	0.157877	-0.202689
0.139805	-0.000508	0.157484	-0.202684
0.139831	-0.000380	0.156331	-0.204037
0.139881	0.000502	0.157501	-0.201901
0.139871	0.000005	0.156590	-0.202516
0.139809	-0.000762	0.157222	-0.203031
0.139891	-0.000771	0.157304	-0.202001
0.139859	0.000075	0.157094	-0.203278
0.139853	-0.001085	0.158772	-0.202982
0.139848	-0.001634	0.157267	-0.202142
0.139896	0.000303	0.158455	-0.201137
0.139856	-0.001674	0.158206	-0.201191
0.139911	-0.002682	0.157279	-0.202525
0.139826	-0.000607	0.157173	-0.203396
0.139797	-0.001757	0.157273	-0.202643
0.139945	-0.001860	0.156609	-0.202918
0.139877	-0.001653	0.155911	-0.203179
0.139829	-0.000463	0.157381	-0.202149
0.139851	0.000084	0.158051	-0.201530
0.139839	-0.001935	0.157219	-0.201872
0.139872	-0.000463	0.158716	-0.203792
0.139913	-0.001830	0.157338	-0.201157
0.139834	0.001366	0.158897	-0.201921
0.139815	0.000229	0.158103	-0.202086
0.139911	-0.000490	0.157806	-0.201625
0.139874	0.000468	0.157446	-0.201795
0.139805	-0.001299	0.156981	-0.202272
0.139849	-0.001489	0.157962	-0.202297
0.139797	0.001035	0.157335	-0.201718
0.139864	0.000521	0.158367	-0.201860
0.139869	-0.001034	0.158358	-0.201257
0.139858	-0.000462	0.157980	-0.201454
0.139917	-0.001216	0.156912	-0.202124
0.139826	0.000423	0.157064	-0.201153
0.139897	-0.001313	0.157678	-0.201432
0.139902	-0.000321	0.158034	-0.202605
0.139826	-0.001556	0.157700	-0.204285
0.139805	-0.001206	0.157721	-0.203026
0.139843	-0.000540	0.158791	-0.202861
0.139780	-0.000290	0.157622	-0.202378
0.139794	0.001099	0.157754	-0.203685
0.139894	-0.001104	0.157263	-0.202108
0.139843	-0.000187	0.155962	-0.204314
0.139843	-0.000100	0.158902	-0.203557
0.139858	0.000395	0.158686	-0.203534
0.139864	-0.002184	0.156604	-0.202355
0.139853	-0.000693	0.157068	-0.203159
0.139832	-0.001116	0.156839	-0.201221
0.139877	0.000313	0.157520	-0.203265
0.139907	-0.001226	0.158097	-0.202594
0.139873	-0.002633	0.156705	-0.202511
0.139891	-0.000800	0.156653	-0.202412
0.139824	-0.001249	0.158095	-0.201845
0.139790	-0.001229	0.157528	-0.202198
0.139883	0.000052	0.157555	-0.201657
0.139818	-0.000248	0.156976	-0.203386
0.139822	-0.000291	0.158535	-0.202328
0.139836	-0.001014	0.158875	-0.203133
0.139827	-0.001539	0.158340	-0.202321
0.139975	-0.000111	0.157106	-0.201785
0.139862	-0.000535	0.157449	-0.203056
0.139828	0.000755	0.158515	-0.202411
0.139864	0.000194	0.156982	-0.202798
0.139808	0.000241	0.159619	-0.203737
0.139813	0.000102	0.156589	-0.203611
0.139888	-0.001125	0.158313	-0.201677
0.139893	0.000127	0.157020	-0.202629
0.139867	-0.000179	0.157717	-0.203175
0.139836	-0.000212	0.157570	-0.202424
0.139887	-0.001101	0.157998	-0.200991
0.139930	-0.002578	0.157759	-0.203077
0.139807	-0.000649	0.157027	-0.202479
0.139873	-0.000328	0.157653	-0.202454
0.139868	0.000467	0.157434	-0.203921
0.139797	-0.001155	0.157652	-0.202258
0.139897	-0.001107	0.157870	-0.202013
0.139836	-0.000984	0.156714	-0.203180
0.139908	-0.000020	0.158360	-0.202901
0.139884	-0.001148	0.157541	-0.203047
0.139810	-0.000406	0.158015	-0.204190
0.139886	-0.000482	0.158551	-0.204884
0.139886	-0.000774	0.157472	-0.203866
0.139833	-0.000766	0.157021	-0.204353
0.139844	-0.000207	0.157608	-0.204548
0.139887	-0.000699	0.158343	-0.201523
0.139847	-0.001273	0.157962	-0.203193
0.139862	-0.001890	0.157786	-0.203269
0.139848	-0.000400	0.158036	-0.201872
0.139772	-0.000872	0.159207	-0.202652
0.139809	-0.001390	0.156230	-0.202751
0.139883	0.000193	0.157169	-0.203254
0.139856	-0.000942	0.156831	-0.203849
0.139785	0.001382	0.158025	-0.203037
0.139905	0.000577	0.157239	-0.204137
0.139869	-0.000575	0.157464	-0.203943
0.139908	-0.000040	0.157693	-0.202229
0.139784	0.000032	0.157712	-0.202568
0.139808	0.002213	0.158030	-0.203343
0.139812	0.000166	0.157080	-0.201173
0.139834	-0.001691	0.158637	-0.203916
0.139812	-0.001221	0.159285	-0.202903
0.139898	0.000047	0.157729	-0.202652
0.139778	-0.000619	0.157410	-0.202938
0.139819	-0.000900	0.157294	-0.201880
0.139882	-0.001801	0.157293	-0.203991
0.139846	-0.002355	0.157467	-0.203059
0.139787	0.000100	0.156680	-0.202682
0.139891	-0.000428	0.156759	-0.202950
0.139843	-0.000835	0.159272	-0.204052
0.139828	-0.000937	0.157959	-0.203612
0.139891	-0.000074	0.157209	-0.202050
0.139861	-0.001310	0.157343	-0.204228
0.139886	-0.001163	0.156264	-0.202946
0.139861	0.000127	0.156560	-0.202812
0.139916	-0.002001	0.158149	-0.204091
0.139832	-0.001822	0.157541	-0.203834
0.139877	-0.002164	0.157425	-0.203163
0.139883	-0.002812	0.157406	-0.203849
0.139823	-0.000216	0.156996	-0.202229
0.139881	-0.001616	0.157005	-0.202129
0.139898	-0.001014	0.158056	-0.202418
0.139911	-0.000926	0.157749	-0.203245
0.139897	-0.000823	0.157897	-0.202223
0.139800	-0.000543	0.157921	-0.199979
0.139838	0.000671	0.157927	-0.201315
0.139808	-0.000201	0.157791	-0.202277
0.139917	-0.000627	0.157412	-0.203135
0.139862	-0.000179	0.156771	-0.202053
0.139809	0.000043	0.157692	-0.202623
0.139853	-0.001642	0.157182	-0.203022
0.139907	-0.000205	0.158820	-0.202570
0.139815	-0.000743	0.157699	-0.201862
0.139853	-0.000865	0.157015	-0.203452
0.139846	0.000228	0.157612	-0.203888
0.139908	-0.001552	0.157880	-0.203773
0.139884	0.000696	0.157714	-0.203862
0.139863	-0.000966	0.156695	-0.203338
0.139805	-0.000902	0.156789	-0.202157
0.139847	-0.001219	0.157526	-0.204225
0.139911	-0.001432	0.159831	-0.201494
0.139852	-0.000806	0.158367	-0.203594
0.139873	-0.001042	0.156076	-0.202812
0.139920	-0.001342	0.158015	-0.203387
0.139854	-0.001941	0.158165	-0.202464
0.139817	-0.000074	0.155882	-0.202074
0.139896	-0.000583	0.156001	-0.204533
0.139863	-0.002302	0.158254	-0.203108
0.139877	0.000584	0.156455	-0.202968
0.139820	-0.000744	0.157500	-0.202984
0.139873	-0.001884	0.156233	-0.202645
0.139829	-0.000233	0.157749	-0.203918
0.139897	-0.001011	0.157061	-0.202229
0.139923	-0.001049	0.157668	-0.202958
0.139750	-0.000091	0.159000	-0.202644
0.139886	0.000314	0.158224	-0.203392
0.139836	-0.001342	0.158638	-0.202618
0.139869	-0.000872	0.158118	-0.203473
0.139884	0.000698	0.157485	-0.202304
0.139897	0.000125	0.157252	-0.203111
0.139817	-0.000637	0.158790	-0.202892
0.139868	0.000157	0.157682	-0.203447
0.139839	-0.000251	0.157954	-0.202332
0.139858	-0.001077	0.157021	-0.202905
0.139907	-0.001788	0.157650	-0.202413
0.139878	-0.000534	0.156688	-0.202560
0.139907	0.000307	0.156536	-0.202903
0.139831	-0.000427	0.157459	-0.201364
0.139863	-0.000734	0.158617	-0.203133
0.139882	0.000388	0.157051	-0.203192
0.139864	-0.001786	0.157706	-0.204184
0.139881	-0.001817	0.157867	-0.202625
0.139836	-0.000241	0.157772	-0.202351
0.139824	-0.000289	0.158259	-0.202330
0.139897	0.000555	0.157432	-0.202774
0.139808	-0.000164	0.157041	-0.203907
0.139808	-0.000366	0.157121	-0.201770
0.139956	0.000164	0.158145	-0.201161
0.139849	-0.000335	0.157012	-0.202018
0.139893	-0.001393	0.158594	-0.203194
0.139843	-0.001170	0.156505	-0.204263
0.139920	-0.001843	0.158073	-0.202238
0.139887	-0.001176	0.157593	-0.203686
0.139956	-0.000861	0.156822	-0.203447
0.139831	-0.002022	0.156079	-0.203232
0.139889	-0.001205	0.156777	-0.202139
0.139790	-0.000999	0.157491	-0.203560
0.139898	-0.001154	0.158097	-0.200285
0.139790	-0.001842	0.156051	-0.202467
0.139857	0.000448	0.156961	-0.201629
0.139897	0.000448	0.158553	-0.202653
0.139927	-0.001002	0.157658	-0.202502
0.139883	-0.001989	0.156665	-0.202164
0.139846	-0.001097	0.157159	-0.202945
0.139847	0.001695	0.157415	-0.202807
0.139883	-0.000453	0.157813	-0.203009
0.139849	-0.001559	0.157632	-0.202450
0.139792	0.000024	0.156743	-0.201817
0.139822	-0.000325	0.157197	-0.202425
0.139882	-0.000752	0.156398	-0.202380
0.139842	-0.000301	0.156833	-0.202338
0.139876	-0.000177	0.157563	-0.201942
0.139892	-0.000159	0.157046	-0.202095
0.139822	-0.001249	0.158454	-0.203635
0.139762	-0.000664	0.158924	-0.202496
0.139965	-0.000550	0.157896	-0.203934
0.139819	-0.000918	0.157437	-0.203604
0.139843	0.000033	0.156248	-0.201450
0.139965	-0.000164	0.158269	-0.202479
0.139788	-0.000508	0.157570	-0.201724
0.139834	-0.000459	0.157502	-0.203178
0.139792	-0.001064	0.158045	-0.202958
0.139861	-0.003029	0.156921	-0.202697
0.139878	-0.000773	0.157600	-0.202915
0.139789	-0.001324	0.157368	-0.203309
0.139871	-0.002109	0.156761	-0.203388
0.139861	-0.002896	0.155614	-0.202237
0.139857	-0.002469	0.157565	-0.203282
0.139884	-0.001470	0.156684	-0.204036
0.139862	0.000281	0.158620	-0.202073
0.139812	-0.001687	0.156591	-0.201911
0.139905	-0.001271	0.157912	-0.202803
0.139849	-0.000187	0.158687	-0.202536
0.139808	-0.002179	0.158476	-0.202963
0.139779	-0.000653	0.157855	-0.203089
0.139798	-0.001313	0.156271	-0.202900
0.139818	0.000141	0.158214	-0.201583
0.139868	-0.001500	0.156314	-0.202261
0.139833	-0.000180	0.158112	-0.202406
0.139838	0.000022	0.157033	-0.200831
0.139894	-0.001867	0.158738	-0.202752
0.139824	-0.000132	0.157882	-0.201002
0.139908	-0.000564	0.158009	-0.201248
0.139853	-0.000445	0.156205	-0.204023
0.139905	-0.000388	0.156995	-0.201539
0.139873	-0.002051	0.156391	-0.202502
0.139873	0.000163	0.157821	-0.202170
0.139873	-0.000845	0.158425	-0.201722
0.139844	-0.001876	0.158746	-0.203906
0.139894	-0.000124	0.158148	-0.202147
0.139856	0.000151	0.157499	-0.201946
0.139774	-0.002223	0.157655	-0.201688
0.139863	-0.000742	0.157252	-0.202764
0.139843	-0.000877	0.156084	-0.201788
0.139859	-0.000672	0.157417	-0.202222
0.139868	-0.001322	0.158197	-0.202103
0.139901	-0.000106	0.157757	-0.202410
0.139883	-0.001082	0.157467	-0.203006
0.139841	-0.001616	0.156245	-0.201699
0.139906	-0.000823	0.157331	-0.199967
0.139952	-0.002344	0.158310	-0.202517
0.139813	-0.001455	0.157074	-0.201952
0.139935	-0.001980	0.158644	-0.202890
0.139874	-0.001211	0.157531	-0.202829
0.139856	-0.001470	0.155873	-0.202920
0.139938	-0.000677	0.157665	-0.201788
0.139878	-0.001756	0.157098	-0.203510
0.139834	0.000227	0.157867	-0.201334
0.139953	-0.000132	0.157439	-0.202340
0.139804	-0.000479	0.156551	-0.203629
0.139884	-0.000319	0.157089	-0.202615
0.139908	0.000446	0.157420	-0.202865
0.139857	-0.000026	0.157063	-0.201850
0.139849	-0.001509	0.157135	-0.203218
0.139935	-0.001852	0.157856	-0.202172
0.139852	-0.000955	0.157183	-0.203534
0.139854	0.000347	0.157825	-0.201417
0.139893	-0.001616	0.156366	-0.201620
0.139847	-0.000171	0.158196	-0.202799
0.139846	-0.001225	0.157698	-0.203471
0.139822	-0.001942	0.158018	-0.201900
0.139854	-0.001707	0.156271	-0.202679
0.139839	-0.001410	0.157550	-0.202761
0.139898	-0.000120	0.157481	-0.203544
0.139813	-0.000619	0.157922	-0.203387
0.139925	-0.001210	0.157717	-0.202538
0.139857	-0.002666	0.157094	-0.203235
0.139931	-0.000835	0.158114	-0.202662
0.139858	-0.001511	0.156057	-0.203629
0.139872	-0.000074	0.158104	-0.201624
0.139876	-0.000236	0.156867	-0.204190
0.139797	-0.001193	0.157149	-0.204236
0.139859	-0.000999	0.156287	-0.204066
0.139877	-0.000201	0.156818	-0.203348
0.139866	-0.000184	0.156966	-0.203685
0.139956	-0.000985	0.157797	-0.202445
0.139881	-0.000707	0.158000	-0.202398
0.139896	-0.001259	0.156314	-0.202913
0.139807	-0.000525	0.156866	-0.201597
0.139886	-0.000072	0.155961	-0.202851
0.139831	-0.000487	0.155541	-0.202204
0.139920	0.000773	0.159067	-0.202479
0.139807	-0.000005	0.157639	-0.204354
0.139903	0.001064	0.158055	-0.202485
0.139898	-0.001797	0.157238	-0.204305
0.139876	-0.000767	0.158273	-0.202739
0.139833	-0.000821	0.157083	-0.202214
0.139857	-0.000094	0.158239	-0.202006
0.139878	-0.000850	0.157184	-0.203787
0.139820	-0.002193	0.155728	-0.203103
0.139892	-0.001086	0.156796	-0.203363
0.139849	-0.000759	0.156796	-0.202903
0.139902	-0.000870	0.156740	-0.202520
0.139884	-0.001399	0.156337	-0.203209
0.139813	-0.002106	0.157865	-0.202678
0.139862	-0.000611	0.156011	-0.201656
0.139922	-0.002638	0.157726	-0.203027
0.139872	-0.000967	0.156516	-0.201894
0.139883	-0.000662	0.157816	-0.203222
0.139846	-0.001273	0.156401	-0.202132
0.139936	-0.001306	0.155989	-0.202933
0.139862	-0.002988	0.156773	-0.203193
0.139856	-0.001153	0.157982	-0.202892
0.139905	-0.002354	0.157043	-0.202768
0.139854	-0.002184	0.157004	-0.203924
0.139794	-0.002554	0.157140	-0.202395
0.139838	-0.002642	0.157506	-0.202951
0.139915	-0.001616	0.156368	-0.202848
0.139846	-0.001518	0.157273	-0.203198
0.139873	-0.001937	0.156868	-0.203302
0.139862	-0.001424	0.157207	-0.203478
0.139848	-0.000942	0.157340	-0.202430
0.139861	-0.000657	0.157926	-0.202385
0.139882	-0.001259	0.157843	-0.201174
0.139862	-0.000424	0.156228	-0.202460
0.139893	-0.001603	0.157061	-0.203549
0.139889	-0.001095	0.155402	-0.203103
0.139898	-0.001776	0.157182	-0.203204
0.139802	-0.001470	0.158551	-0.203083
0.139918	0.000097	0.156138	-0.202669
0.139767	-0.000308	0.156677	-0.201557
0.139876	-0.000094	0.157733	-0.203129
0.139822	-0.001673	0.157034	-0.203061
0.139848	-0.001556	0.157718	-0.202351
0.139827	0.000526	0.157823	-0.202331
0.139901	-0.000618	0.158548	-0.202766
0.139839	-0.000069	0.156550	-0.202933
0.139813	-0.000580	0.158188	-0.202484
0.139847	-0.000132	0.157950	-0.203353
0.139896	-0.001156	0.156689	-0.203797
0.139876	-0.001319	0.156798	-0.203356
0.139822	-0.002573	0.157444	-0.201726
0.139817	-0.001842	0.156517	-0.201432
0.139887	-0.000663	0.156416	-0.202029
0.139836	-0.001367	0.156796	-0.201732
0.139858	-0.000360	0.157622	-0.202822
0.139915	-0.002378	0.156420	-0.202965
0.139878	-0.000724	0.155323	-0.202823
0.139893	-0.000482	0.155942	-0.202598
0.139787	-0.001285	0.156814	-0.202927
0.139905	-0.001875	0.157199	-0.202412
0.139826	-0.001041	0.157554	-0.203153
0.139867	-0.001082	0.156687	-0.202957
0.139837	-0.002176	0.157848	-0.203133
0.139887	-0.000256	0.157946	-0.201538
0.139878	0.000576	0.155950	-0.202585
0.139848	-0.001986	0.156074	-0.203416
0.139815	-0.000876	0.156776	-0.202120
0.139851	-0.000261	0.157269	-0.202663
0.139808	-0.001772	0.157081	-0.201698
0.139763	0.000571	0.157425	-0.202689
0.139892	-0.002294	0.157269	-0.201994
0.139829	-0.000651	0.158080	-0.203004
0.139767	-0.001641	0.157481	-0.203650
0.139884	-0.001019	0.156928	-0.201672
0.139833	-0.001981	0.156529	-0.202688
0.139879	-0.001139	0.156549	-0.201544
0.139826	-0.000890	0.156154	-0.203713
0.139872	-0.001379	0.155829	-0.202824
0.139854	-0.001404	0.156972	-0.204552
0.139819	-0.000170	0.157029	-0.202981
0.139842	-0.001755	0.156787	-0.203720
0.139809	-0.004067	0.157148	-0.202885
0.139916	-0.000928	0.156537	-0.201841
0.139874	-0.000754	0.155930	-0.202347
0.139858	-0.001127	0.157218	-0.202481
0.139897	-0.000941	0.157163	-0.203055
0.139881	-0.001985	0.156252	-0.202278
0.139829	-0.002095	0.155374	-0.201851
0.139879	-0.001876	0.157390	-0.201840
0.139866	-0.002245	0.156250	-0.204208
0.139861	-0.001606	0.155666	-0.203224
0.139851	-0.002264	0.157306	-0.202028
0.139842	-0.001035	0.156296	-0.203371
0.139817	-0.001224	0.157427	-0.203517
0.139785	-0.001158	0.157287	-0.201119
0.139837	0.000161	0.156244	-0.202833
0.139878	-0.001899	0.157501	-0.201885
0.139859	-0.001957	0.157877	-0.201856
0.139913	0.000138	0.156065	-0.202663
0.139883	-0.001438	0.156802	-0.202425
0.139829	-0.000488	0.156029	-0.203121
0.139862	0.000015	0.157178	-0.203214
0.139837	-0.000906	0.157650	-0.202005
0.139857	-0.000865	0.157138	-0.203450
0.139797	-0.000687	0.157108	-0.203363
0.139912	-0.002937	0.157411	-0.202140
0.139831	0.000709	0.156212	-0.203176
0.139863	-0.001970	0.155936	-0.202858
0.139846	-0.001642	0.158078	-0.201553
0.139849	-0.001946	0.155567	-0.203470
0.139815	-0.000423	0.156989	-0.202634
0.139838	-0.001418	0.158958	-0.203203
0.139829	-0.001472	0.156995	-0.202803
0.139876	-0.001020	0.158445	-0.200056
0.139769	-0.001642	0.156207	-0.203004
0.139852	-0.000956	0.157254	-0.202693
0.139858	-0.001547	0.156398	-0.202103
0.139849	-0.001074	0.156932	-0.202347
0.139868	-0.001303	0.157525	-0.203689
0.139881	-0.001052	0.156182	-0.204211
0.139837	-0.002589	0.157218	-0.202604
0.139797	-0.001465	0.156106	-0.202732
0.139853	-0.001772	0.155611	-0.203716
0.139901	-0.000777	0.156937	-0.203561
0.139843	-0.001889	0.155882	-0.202615
0.139897	-0.001452	0.155937	-0.203996
0.139828	-0.002358	0.155656	-0.202635
0.139881	-0.001548	0.156091	-0.203035
0.139897	-0.001512	0.157293	-0.200406
0.139913	-0.001858	0.157292	-0.201905
0.139920	-0.000962	0.156331	-0.203407
0.139810	-0.001301	0.156690	-0.202773
0.139834	-0.001472	0.157472	-0.202796
0.139937	-0.001161	0.156411	-0.202630
0.139874	-0.000999	0.157167	-0.202834
0.139862	-0.000080	0.157308	-0.202099
0.139896	-0.000718	0.156499	-0.203156
0.139798	-0.001557	0.155933	-0.201986
0.139842	0.000083	0.157147	-0.202935
0.139814	-0.000979	0.156402	-0.201535
0.139861	-0.000013	0.157294	-0.203189
0.139886	0.000198	0.158481	-0.202963
0.139859	-0.001370	0.156487	-0.201148
0.139809	-0.001418	0.155986	-0.203016
0.139803	0.000238	0.157984	-0.201927
0.139864	-0.000573	0.154948	-0.204324
0.139851	-0.000504	0.157390	-0.204684
0.139822	-0.000067	0.156026	-0.202160
0.139891	-0.000105	0.155589	-0.202971
0.139772	-0.002226	0.157856	-0.203280
0.139851	0.000103	0.156625	-0.202863
0.139864	-0.000977	0.156585	-0.202698
0.139792	-0.002220	0.154759	-0.201815
0.139822	-0.000677	0.155669	-0.202363
0.139833	-0.001329	0.156464	-0.204265
0.139887	-0.000549	0.155905	-0.203508
0.139886	-0.003053	0.157198	-0.203749
0.139808	-0.001419	0.157484	-0.203369
0.139856	-0.001161	0.156802	-0.202522
0.139894	-0.000926	0.157152	-0.202699
0.139863	-0.001104	0.156601	-0.203778
0.139861	-0.001225	0.156635	-0.202841
0.139836	-0.001516	0.155540	-0.201744
0.139813	-0.001089	0.156896	-0.202922
0.139831	-0.002123	0.157154	-0.202502
0.139912	-0.001707	0.156267	-0.202336
0.139832	-0.000462	0.156739	-0.203899
0.139829	-0.001311	0.156170	-0.202903
0.139943	-0.001433	0.157043	-0.202211
0.139912	-0.001472	0.156907	-0.203574
0.139894	-0.000530	0.157341	-0.201567
0.139859	0.000048	0.157400	-0.200969
0.139887	0.000917	0.157074	-0.203016
0.139861	-0.002308	0.158658	-0.201609
0.139912	-0.001096	0.156699	-0.203253
0.139812	-0.001503	0.157144	-0.202170
0.139828	-0.001455	0.157001	-0.201767
0.139871	-0.001815	0.156497	-0.203887
0.139901	-0.001080	0.157520	-0.201644
0.139920	0.000420	0.155755	-0.202422
0.139911	-0.001360	0.157093	-0.203278
0.139863	-0.001040	0.157026	-0.202948
0.139912	-0.002394	0.156952	-0.202257
0.139921	-0.001268	0.157492	-0.202966
0.139906	0.000284	0.156526	-0.203435
0.139843	-0.001788	0.156094	-0.203886
0.139836	-0.002012	0.156872	-0.202125
0.139853	-0.000513	0.157214	-0.202247
0.139764	-0.001280	0.157011	-0.203076
0.139874	-0.001654	0.157061	-0.202402
0.139916	-0.002155	0.155085	-0.203224
0.139866	-0.001475	0.156823	-0.203462
0.139902	-0.001677	0.156838	-0.203559
0.139849	-0.001168	0.156945	-0.202683
0.139866	-0.001766	0.158978	-0.204585
0.139907	-0.000632	0.157484	-0.201812
0.139884	-0.000738	0.157027	-0.201040
0.139844	-0.003028	0.157885	-0.205131
0.139818	-0.001220	0.158045	-0.202540
0.139891	-0.000602	0.156873	-0.201842
0.139807	0.000293	0.156581	-0.203017
0.139872	-0.001392	0.157237	-0.203916
0.139817	-0.002657	0.157419	-0.201414
0.139908	-0.001067	0.158008	-0.203635
0.139955	-0.000965	0.157794	-0.203512
0.139912	-0.000319	0.156141	-0.202545
0.139856	-0.001961	0.156704	-0.204066
0.139943	-0.000857	0.157702	-0.203185
0.139787	-0.001642	0.157977	-0.202232
0.139892	-0.001718	0.156781	-0.203448
0.139879	0.000003	0.155567	-0.200799
0.139920	-0.001241	0.156400	-0.203480
0.139823	-0.000897	0.157004	-0.203081
0.139838	-0.000069	0.157045	-0.200780
0.139900	-0.001482	0.157407	-0.201434
0.139925	-0.001115	0.156649	-0.202787
0.139872	-0.001249	0.156555	-0.202880
0.139852	-0.001116	0.157709	-0.201582
0.139990	-0.003121	0.156601	-0.204080
0.139807	-0.001498	0.157451	-0.203061
0.139892	-0.000701	0.156984	-0.201920
0.139793	-0.001452	0.156440	-0.202380
0.139859	-0.002827	0.157377	-0.202133
0.139868	-0.001863	0.156942	-0.202784
0.139847	-0.002037	0.156976	-0.203046
0.139972	-0.001975	0.156997	-0.201972
0.139829	-0.000547	0.157469	-0.203070
0.139797	-0.002312	0.155985	-0.203007
0.139910	-0.002399	0.155843	-0.203086
0.139882	-0.001950	0.158461	-0.201947
0.139810	-0.001828	0.157945	-0.203916
0.139831	-0.000754	0.157571	-0.203899
0.139892	-0.001897	0.156596	-0.201910
0.139828	-0.000563	0.156779	-0.202812
0.139804	-0.000648	0.157133	-0.202677
0.139874	-0.000176	0.156583	-0.204397
0.139894	-0.001818	0.156900	-0.201658
0.139876	-0.001498	0.156311	-0.201957
0.139772	0.000431	0.157588	-0.202393
0.139826	-0.001293	0.157014	-0.201623
0.139836	-0.000394	0.156866	-0.202927
0.139829	-0.001807	0.156195	-0.201202
0.139867	-0.000906	0.157035	-0.202823
0.139852	-0.001244	0.156655	-0.201857
0.139807	-0.001679	0.155897	-0.202477
0.139846	-0.001589	0.156273	-0.201721
0.139932	-0.001171	0.156735	-0.201654
0.139881	-0.002285	0.156986	-0.201163
0.139945	-0.002466	0.155824	-0.202118
0.139848	-0.001692	0.156709	-0.201714
0.139907	0.000605	0.155747	-0.201272
0.139822	-0.001511	0.158097	-0.202385
0.139953	-0.002711	0.155638	-0.203197
0.139866	-0.001669	0.156427	-0.203638
0.139955	-0.002031	0.156502	-0.203877
0.139729	-0.002683	0.156430	-0.202073
0.139876	-0.003053	0.156406	-0.202266
0.139788	-0.000758	0.156987	-0.203103
0.140046	-0.001087	0.155438	-0.203531
0.139660	-0.002259	0.156793	-0.201613
0.140262	-0.002527	0.155293	-0.203475
0.138507	-0.003673	0.156169	-0.203224
0.135831	-0.001241	0.156160	-0.203705
0.140116	-0.001183	0.156665	-0.201847
0.139641	-0.001320	0.156917	-0.201395
0.139953	-0.002225	0.157487	-0.203084
0.139736	-0.001316	0.157674	-0.203106
0.139977	-0.002389	0.155441	-0.202648
0.139730	-0.000656	0.157823	-0.202678
0.139867	-0.001852	0.157657	-0.202788
0.139768	-0.002615	0.157407	-0.201598
0.139889	-0.000938	0.157061	-0.200745
0.139852	-0.000493	0.156890	-0.202048
0.139848	0.000055	0.157454	-0.202670
0.139839	-0.001036	0.157130	-0.202078
0.139862	-0.000443	0.156179	-0.201696
0.139832	-0.000444	0.156328	-0.203141
0.139896	-0.001696	0.157897	-0.201376
0.139881	-0.001549	0.156680	-0.201838
0.139843	-0.001300	0.155046	-0.202271
0.139871	-0.000350	0.155679	-0.201758
0.139918	-0.001042	0.156910	-0.201972
0.139906	-0.000455	0.155946	-0.203012
0.139785	-0.001002	0.157050	-0.203139
0.139871	-0.000928	0.156337	-0.201999
0.139866	-0.000250	0.154848	-0.202655
0.139901	-0.001887	0.157395	-0.202948
0.139780	-0.002020	0.155427	-0.201156
0.139856	-0.002011	0.158010	-0.202853
0.139877	-0.002600	0.156892	-0.203111
0.139858	-0.000027	0.156039	-0.202289
0.139797	-0.001419	0.156850	-0.203394
0.139869	-0.002121	0.155702	-0.202960
0.139896	-0.001741	0.158194	-0.201915
0.139893	-0.001652	0.156512	-0.201270
0.139848	-0.000125	0.156710	-0.200896
0.139879	-0.000969	0.156804	-0.202454
0.139812	-0.001163	0.158020	-0.201097
0.139834	-0.001613	0.155920	-0.202858
0.139843	-0.001001	0.155490	-0.201126
0.139917	-0.001181	0.156550	-0.202304
0.139783	-0.002139	0.156595	-0.201934
0.139852	0.000274	0.157754	-0.202400
0.139857	-0.002309	0.156510	-0.202165
0.139886	-0.002497	0.158029	-0.201658
0.139790	-0.001392	0.156492	-0.202903
0.139864	-0.000343	0.156643	-0.201469
0.139797	-0.001338	0.157706	-0.203005
0.139897	-0.001566	0.157581	-0.202107
0.139709	-0.001100	0.156999	-0.203316
0.140158	-0.000999	0.157623	-0.202742
0.138226	-0.001643	0.158005	-0.201246
0.134498	-0.000870	0.156103	-0.202068
0.135195	-0.000181	0.156986	-0.202546
0.134567	-0.002115	0.156761	-0.202451
0.135150	-0.002120	0.156659	-0.202467
0.134436	-0.001568	0.157073	-0.202654
0.136647	-0.003109	0.157505	-0.202636
0.140154	-0.002215	0.156365	-0.203184
0.139764	-0.000920	0.156322	-0.201450
0.139995	-0.001987	0.158198	-0.202480
0.139789	-0.001653	0.157459	-0.202060
0.139888	-0.003205	0.156945	-0.203302
0.139848	-0.003849	0.156920	-0.202745
0.139922	0.000072	0.155996	-0.202355
0.139847	-0.001594	0.155591	-0.203477
0.139902	-0.002564	0.157179	-0.202725
0.139887	-0.000676	0.156743	-0.203001
0.139879	-0.001805	0.157660	-0.203516
0.139868	-0.001195	0.156536	-0.203065
0.139906	-0.000878	0.156527	-0.202778
0.139911	-0.002537	0.157024	-0.202484
0.139923	-0.000351	0.157165	-0.201766
0.139896	-0.001445	0.157998	-0.203143
0.139864	-0.001443	0.155785	-0.202953
0.139793	-0.001445	0.156347	-0.202271
0.139852	-0.001947	0.156599	-0.202675
0.139839	-0.001005	0.155730	-0.201917
0.139897	-0.000609	0.157407	-0.200380
0.139814	-0.000350	0.156895	-0.203066
0.139798	-0.001641	0.156262	-0.202619
0.139851	-0.001985	0.157219	-0.203665
0.139864	-0.001368	0.156255	-0.202365
0.139795	-0.001700	0.156301	-0.202584
0.139889	-0.000821	0.156754	-0.203285
0.139822	-0.002253	0.156395	-0.204094
0.139907	-0.001785	0.156684	-0.203125
0.139827	-0.001084	0.158023	-0.203425
0.139863	0.000184	0.156495	-0.203202
0.139915	-0.000737	0.157128	-0.203908
0.139873	-0.003154	0.157134	-0.203428
0.139848	-0.002434	0.156603	-0.203250
0.139876	-0.001750	0.155893	-0.203100
0.139790	-0.000250	0.154856	-0.201178
0.139854	-0.001115	0.155898	-0.203333
0.139804	-0.001180	0.155851	-0.202048
0.139867	-0.001746	0.155166	-0.204266
0.139856	-0.001656	0.156076	-0.203914
0.139889	-0.000580	0.155397	-0.203852
0.139898	-0.000696	0.157090	-0.203150
0.139877	-0.001972	0.157219	-0.202847
0.139856	-0.000520	0.155734	-0.201754
0.139858	-0.002214	0.158847	-0.202061
0.139887	-0.002031	0.155138	-0.202735
0.139813	-0.001698	0.156643	-0.203447
0.139849	-0.002716	0.157135	-0.202122
0.139874	-0.000947	0.157259	-0.202705
0.139780	-0.000734	0.157856	-0.203661
0.139834	-0.000752	0.158312	-0.203597
0.139874	-0.001827	0.158079	-0.202922
0.139917	-0.003120	0.156427	-0.202758
0.139871	-0.001191	0.156697	-0.202610
0.139922	-0.000759	0.156823	-0.200574
0.139813	-0.001506	0.156994	-0.202797
0.139851	-0.001011	0.155402	-0.203319
0.139884	0.000184	0.156160	-0.203067
0.139847	-0.002761	0.155961	-0.202730
0.139864	-0.001863	0.156037	-0.202555
0.139846	-0.000129	0.157931	-0.203754
0.139892	-0.000848	0.155169	-0.202713
0.139878	-0.002148	0.154919	-0.203275
0.139894	-0.001475	0.156438	-0.202163
0.139965	-0.002419	0.157673	-0.202828
0.139834	-0.002223	0.157598	-0.203743
0.139921	-0.000364	0.156356	-0.202657
0.139785	-0.001000	0.156312	-0.204070
0.139874	-0.002042	0.154544	-0.203114
0.139681	-0.001412	0.155671	-0.202848
0.139935	-0.001228	0.155455	-0.203758
0.139729	-0.000588	0.156346	-0.201657
0.140027	-0.001783	0.156903	-0.203939
0.139694	-0.000204	0.156669	-0.203032
0.140377	-0.000726	0.156566	-0.202482
0.137084	-0.001338	0.155445	-0.203175
0.134538	-0.000802	0.157753	-0.203551
0.135077	-0.001434	0.156180	-0.202267
0.134743	-0.001761	0.156977	-0.202302
0.134913	-0.001291	0.157566	-0.203842
0.135428	-0.001586	0.157199	-0.203026
0.139770	0.000456	0.157269	-0.202357
0.139809	-0.001000	0.156425	-0.202192
0.139849	-0.001141	0.157511	-0.203304
0.139851	-0.000494	0.156361	-0.201037
0.139884	-0.001961	0.154841	-0.201895
0.139891	-0.000281	0.156625	-0.202061
0.139725	-0.001644	0.156710	-0.202551
0.139989	-0.001588	0.156613	-0.201238
0.139723	-0.002681	0.157789	-0.202328
0.140295	-0.001335	0.157065	-0.202752
0.136945	-0.001994	0.156643	-0.201173
0.134493	-0.002263	0.157091	-0.203071
0.135068	-0.000448	0.156945	-0.203334
0.134698	-0.002696	0.156022	-0.202163
0.135052	-0.000368	0.156233	-0.202336
0.134720	-0.000189	0.155362	-0.204225
0.135038	-0.001920	0.157803	-0.203327
0.134614	-0.002206	0.155938	-0.202214
0.135660	-0.001188	0.156504	-0.203726
0.139755	-0.001971	0.156762	-0.202986
0.139926	-0.001084	0.156093	-0.202930
0.139887	-0.001966	0.157236	-0.203007
0.139764	-0.003847	0.156485	-0.202465
0.139908	-0.001399	0.157212	-0.202452
0.139866	-0.000860	0.157828	-0.204476
0.139823	-0.001818	0.156489	-0.202608
0.139864	-0.001887	0.156796	-0.201295
0.139896	-0.001362	0.155715	-0.203737
0.139896	-0.002601	0.156027	-0.203040
0.139800	-0.001593	0.156314	-0.203933
0.139876	-0.002282	0.156403	-0.203840
0.139832	-0.001800	0.156695	-0.201921
0.139857	-0.000820	0.155897	-0.202723
0.139782	-0.000582	0.157178	-0.202560
0.139965	-0.001389	0.155732	-0.201441
0.139748	-0.001185	0.156881	-0.204494
0.140201	-0.001542	0.155862	-0.202309
0.136606	-0.002245	0.158003	-0.203199
0.134574	-0.002986	0.156579	-0.202699
0.135128	-0.002776	0.158060	-0.203208
0.134731	-0.000318	0.158394	-0.203347
0.134958	-0.001010	0.156431	-0.204828
0.134751	-0.001037	0.156495	-0.203326
0.134934	-0.001624	0.156352	-0.202668
0.134825	-0.000336	0.156863	-0.201904
0.134962	-0.001707	0.156714	-0.202683
0.134755	-0.002211	0.156822	-0.202407
0.135117	-0.000375	0.155775	-0.203394
0.134570	-0.002593	0.158302	-0.202386
0.138349	-0.003382	0.156609	-0.203326
0.140106	-0.002298	0.157642	-0.202728
0.139674	-0.002303	0.156981	-0.202437
0.139977	-0.001648	0.157288	-0.203071
0.139789	-0.001956	0.156007	-0.203740
0.139896	-0.001502	0.156811	-0.202758
0.139699	-0.002088	0.158628	-0.201673
0.139933	-0.002418	0.156116	-0.202823
0.139883	-0.001219	0.155589	-0.202294
0.139863	-0.001732	0.155802	-0.203589
0.139841	-0.000938	0.157055	-0.201441
0.139901	-0.002318	0.157744	-0.202452
0.139829	-0.001787	0.156232	-0.203099
0.139866	-0.001389	0.157304	-0.204116
0.139854	-0.000987	0.155379	-0.204685
0.139935	-0.000927	0.156616	-0.202194
0.139804	-0.001427	0.157187	-0.203243
0.139902	-0.001420	0.156842	-0.202753
0.139826	-0.000243	0.157089	-0.203754
0.139942	-0.001722	0.156353	-0.202945
0.139844	-0.001735	0.157350	-0.201260
0.140001	-0.003113	0.155219	-0.201736
0.139726	-0.002427	0.157355	-0.200800
0.140103	0.000109	0.157697	-0.204061
0.136114	-0.001019	0.157828	-0.202089
0.134607	-0.001906	0.157558	-0.202081
0.134987	-0.003104	0.156776	-0.203090
0.134789	-0.000851	0.158033	-0.202629
0.134989	-0.001339	0.156395	-0.202660
0.134841	-0.002215	0.156966	-0.202209
0.134825	-0.002328	0.157342	-0.201986
0.134891	-0.001255	0.155859	-0.202921
0.134801	-0.001422	0.156521	-0.203258
0.134915	-0.000845	0.156130	-0.202457
0.134810	-0.002951	0.156192	-0.203215
0.134944	-0.000777	0.155970	-0.202727
0.134784	-0.001812	0.157905	-0.203096
0.134947	-0.000893	0.156120	-0.203955
0.134682	-0.000251	0.156051	-0.201253
0.138827	0.000107	0.155636	-0.201520
0.140035	-0.000611	0.156585	-0.202568
0.139720	-0.002887	0.155139	-0.202827
0.139905	-0.001833	0.157627	-0.202551
0.139915	0.000108	0.156740	-0.202367
0.139846	-0.002098	0.156203	-0.204844
0.139846	-0.000863	0.156185	-0.202570
0.139676	-0.001574	0.156808	-0.202560
0.139960	-0.001679	0.157288	-0.203968
0.139662	-0.000873	0.155926	-0.203071
0.140203	-0.002688	0.156989	-0.202645
0.138170	-0.001415	0.156223	-0.204170
0.134516	-0.001071	0.157009	-0.203819
0.135080	-0.002319	0.156851	-0.202316
0.134676	-0.000785	0.156525	-0.201865
0.134978	-0.002240	0.156252	-0.201831
0.134767	-0.001782	0.156598	-0.202424
0.134945	-0.001110	0.157598	-0.202385
0.134858	-0.002690	0.156984	-0.204806
0.134880	-0.001417	0.156411	-0.202388
0.134851	-0.000231	0.154977	-0.203089
0.134829	-0.002000	0.156413	-0.202010
0.134923	-0.002931	0.157187	-0.201241
0.134804	-0.002398	0.156354	-0.203235
0.134890	-0.001626	0.156019	-0.203798
0.134835	-0.001803	0.156143	-0.201629
0.134824	-0.003392	0.156108	-0.203610
0.134771	-0.001941	0.158242	-0.203046
0.134974	-0.002007	0.156014	-0.202655
0.134702	-0.001337	0.155403	-0.201964
0.135088	-0.002449	0.156036	-0.202507
0.134649	-0.001997	0.155423	-0.203223
0.135127	-0.000016	0.156232	-0.201726
0.134338	-0.001657	0.156420	-0.204003
0.136987	-0.002841	0.155951	-0.202294
0.140050	-0.002733	0.155685	-0.203827
0.140090	-0.002927	0.154958	-0.202200
0.138012	-0.002874	0.156278	-0.203521
0.134353	-0.001557	0.155289	-0.202371
0.135201	-0.002786	0.157321	-0.203146
0.134597	-0.001785	0.155841	-0.202001
0.135000	-0.001074	0.157675	-0.202771
0.134806	-0.000727	0.157615	-0.203046
0.135081	-0.001263	0.157496	-0.202782
0.139123	-0.001159	0.156264	-0.202179
0.140059	-0.002673	0.156262	-0.201759
0.139755	-0.002188	0.156886	-0.203161
0.139902	-0.000276	0.156624	-0.202074
0.139832	-0.001291	0.158263	-0.203115
0.139896	-0.001285	0.155630	-0.201645
0.139849	-0.001621	0.157588	-0.202099
0.139824	-0.000619	0.157016	-0.201966
0.139854	-0.001241	0.155619	-0.202125
0.139795	-0.001672	0.156138	-0.202125
0.139947	-0.001140	0.156485	-0.203985
0.139713	-0.001828	0.156712	-0.202466
0.139977	-0.001405	0.157989	-0.203570
0.139616	-0.000632	0.156217	-0.202427
0.140283	-0.002518	0.156645	-0.201919
0.137544	-0.002297	0.156427	-0.203209
0.134541	-0.002965	0.156710	-0.201865
0.135286	-0.000321	0.156824	-0.203822
0.139175	-0.000338	0.157697	-0.203273
0.140128	-0.002002	0.157828	-0.204043
0.139447	-0.003000	0.156489	-0.203372
0.135310	-0.001917	0.155408	-0.203233
0.134652	-0.002044	0.155976	-0.201504
0.134919	-0.000723	0.156692	-0.203768
0.134804	-0.000903	0.155191	-0.202574
0.134792	-0.003595	0.157150	-0.203427
0.135138	-0.002333	0.155585	-0.202218
0.139488	-0.002521	0.155666	-0.203141
0.139884	-0.001659	0.156568	-0.203590
0.139911	-0.002253	0.157797	-0.204691
0.139873	-0.001877	0.158348	-0.202898
0.139800	-0.002309	0.154443	-0.202370
0.139851	-0.000952	0.156695	-0.203699
0.139730	-0.001077	0.156302	-0.203134
0.139957	-0.002090	0.156398	-0.202980
0.139507	-0.000782	0.154971	-0.203185
0.135180	-0.000569	0.155608	-0.202636
0.134792	-0.001743	0.155902	-0.202206
0.134899	-0.001874	0.155828	-0.202190
0.134763	-0.000732	0.155844	-0.203531
0.135266	-0.000923	0.156952	-0.203166
0.139580	-0.002247	0.155091	-0.201845
0.139898	-0.001713	0.156432	-0.202583
0.139864	-0.002939	0.156500	-0.202975
0.139873	-0.002290	0.156422	-0.201701
0.139799	-0.000589	0.157011	-0.204662
0.139841	-0.001283	0.156979	-0.203207
0.139836	-0.002242	0.155913	-0.203501
0.139853	-0.002957	0.156643	-0.200893
0.139843	-0.002195	0.156438	-0.201399
0.139760	-0.001677	0.157085	-0.202447
0.139906	-0.003312	0.157065	-0.202832
0.139810	-0.002832	0.157487	-0.202512
0.139948	-0.003732	0.156910	-0.201326
0.139908	-0.001926	0.156354	-0.202585
0.139878	-0.001141	0.156143	-0.202204
0.139884	-0.003437	0.157024	-0.203093
0.139854	-0.002247	0.156243	-0.202013
0.139815	-0.003050	0.157267	-0.202264
0.139832	-0.001925	0.157883	-0.203178
0.139863	-0.003300	0.156481	-0.202699
0.139849	-0.001904	0.155842	-0.203378
0.139927	-0.002478	0.156446	-0.202688
0.139849	-0.002200	0.157066	-0.202579
0.139757	-0.001408	0.157436	-0.203376
0.139920	-0.000880	0.156250	-0.203307
0.139823	-0.002264	0.156584	-0.202357
0.139846	-0.000131	0.156036	-0.203549
0.139827	-0.001203	0.155623	-0.202797
0.139826	-0.000811	0.157025	-0.202839
0.139888	-0.001283	0.157168	-0.202524
0.139817	-0.002119	0.156402	-0.203059
0.139898	-0.003162	0.156036	-0.203838
0.139829	-0.002254	0.157436	-0.202967
0.139810	-0.000836	0.156720	-0.201285
0.139819	-0.001848	0.157831	-0.202923
0.139902	-0.001609	0.156878	-0.202446
0.139843	-0.001589	0.158069	-0.202198
0.139877	-0.001394	0.157500	-0.202694
0.139874	-0.003085	0.157833	-0.202420
0.139803	-0.001221	0.157100	-0.202410
0.139844	-0.001847	0.154780	-0.200819
0.139863	-0.002417	0.156072	-0.201593
0.139794	-0.001343	0.155839	-0.202320
0.139881	-0.002007	0.157284	-0.203130
0.139838	-0.002398	0.158093	-0.203007
0.139882	-0.001344	0.156933	-0.202972
0.139897	-0.001420	0.157205	-0.203083
0.139887	-0.002051	0.155700	-0.202999
0.139853	-0.001860	0.156534	-0.202465
0.139922	-0.003611	0.157419	-0.203988
0.139858	-0.001566	0.154461	-0.202298
0.139869	-0.003019	0.155030	-0.202593
0.139790	-0.002053	0.156373	-0.203336
0.140063	-0.002906	0.156095	-0.203779
0.138872	-0.001870	0.157658	-0.202179
0.134667	-0.002526	0.154995	-0.202495
0.135059	-0.002065	0.157004	-0.204781
0.134592	-0.001669	0.156944	-0.203243
0.135782	-0.001001	0.156945	-0.203517
0.140083	-0.000663	0.156411	-0.201832
0.138791	-0.001842	0.157398	-0.202549
0.134634	-0.000915	0.156086	-0.203876
0.135096	-0.002438	0.155349	-0.202925
0.134491	-0.001651	0.156727	-0.203163
0.138314	-0.002393	0.155650	-0.202625
0.140229	-0.001448	0.156069	-0.201921
0.139606	-0.002364	0.156648	-0.203263
0.140036	-0.002098	0.155331	-0.201307
0.139736	-0.000822	0.157341	-0.202663
0.140068	-0.001362	0.157266	-0.201531
0.139607	-0.002088	0.155485	-0.202113
0.140103	-0.001057	0.156912	-0.202588
0.139571	-0.001352	0.156232	-0.203944
0.140326	-0.003277	0.156841	-0.201285
0.136429	-0.001485	0.157026	-0.201912
0.134605	-0.001497	0.157294	-0.202390
0.134901	-0.000933	0.156878	-0.202573
0.134905	-0.002589	0.155516	-0.203936
0.134643	-0.001494	0.156465	-0.202648
0.136075	-0.002228	0.157322	-0.203204
0.140046	-0.001935	0.157252	-0.203239
0.139735	-0.001055	0.156737	-0.202826
0.139971	-0.003040	0.154857	-0.202753
0.139792	-0.001806	0.156902	-0.202199
0.139888	-0.001472	0.153898	-0.202629
0.139754	-0.002806	0.156257	-0.202669
0.139887	-0.001234	0.155364	-0.202997
0.139867	-0.001379	0.155151	-0.201757
0.139868	-0.003065	0.156707	-0.202890
0.139873	-0.003024	0.156526	-0.202233
0.139823	-0.001211	0.155678	-0.201787
0.139920	-0.002478	0.155515	-0.202420
0.139641	-0.002834	0.156542	-0.204225
0.140103	-0.002275	0.156500	-0.202231
0.138472	-0.003113	0.156438	-0.202521
0.134587	-0.001404	0.156182	-0.203807
0.135028	-0.001980	0.156623	-0.201656
0.134745	-0.002617	0.156669	-0.204352
0.134994	-0.001195	0.155336	-0.202556
0.134686	-0.002196	0.154747	-0.203248
0.134890	-0.002299	0.155926	-0.204006
0.134824	-0.000761	0.155836	-0.201416
0.134925	-0.002148	0.156774	-0.204096
0.134797	-0.001589	0.155495	-0.202459
0.134932	-0.002004	0.155772	-0.202824
0.134816	-0.002467	0.156972	-0.201555
0.134915	-0.001323	0.155913	-0.203254
0.134806	-0.000808	0.157027	-0.203947
0.134807	-0.002676	0.155666	-0.202061
0.134925	-0.002979	0.156695	-0.203009
0.134881	-0.003802	0.156091	-0.202524
0.134893	-0.002379	0.157281	-0.204483
0.134837	-0.002230	0.156005	-0.202500
0.134876	-0.002781	0.153847	-0.202579
0.134810	-0.002642	0.155960	-0.203406
0.134904	-0.001871	0.155596	-0.202918
0.134873	-0.001984	0.156448	-0.202135
0.134868	-0.002037	0.154887	-0.201496
0.134825	-0.002806	0.156135	-0.203101
0.134967	-0.002476	0.154635	-0.202828
0.134763	-0.003119	0.154797	-0.202137
0.134947	-0.002060	0.155294	-0.203544
0.134796	-0.000943	0.155604	-0.203430
0.138989	-0.001678	0.155727	-0.203932
0.140009	-0.001186	0.154919	-0.203000
0.139744	-0.001216	0.156535	-0.202440
0.139809	-0.001785	0.155713	-0.202866
0.139990	-0.001065	0.156307	-0.201668
0.139651	-0.000985	0.156662	-0.202649
0.140170	-0.000459	0.155205	-0.203171
0.138218	-0.002164	0.156376	-0.202951
0.134447	-0.003064	0.155663	-0.202465
0.135098	-0.001004	0.155369	-0.203452
0.134673	-0.000504	0.155823	-0.202942
0.134942	-0.001333	0.154338	-0.203383
0.134781	-0.000412	0.155646	-0.202514
0.134974	-0.001681	0.155425	-0.202153
0.134865	-0.002143	0.156484	-0.202198
0.134918	-0.001332	0.156422	-0.203650
0.134733	-0.002960	0.155418	-0.201835
0.135021	-0.001442	0.155738	-0.203208
0.134669	-0.001982	0.155883	-0.201174
0.135043	-0.001176	0.155284	-0.202634
0.134424	-0.002358	0.156208	-0.203665
0.136909	-0.002741	0.156838	-0.202564
0.140078	-0.001389	0.155003	-0.203054
0.135211	-0.000679	0.155153	-0.201211
0.134874	-0.000674	0.156703	-0.203427
0.134784	-0.001031	0.156497	-0.203952
0.134910	-0.002200	0.155818	-0.202626
0.134827	-0.001617	0.155648	-0.202402
0.134932	-0.001432	0.156598	-0.201947
0.134859	-0.003028	0.155034	-0.202164
0.134988	-0.002034	0.154795	-0.203189
0.139152	-0.002322	0.155703	-0.204071
0.139972	-0.002985	0.156464	-0.203511
0.139738	-0.001853	0.156007	-0.202479
0.139824	-0.002220	0.154993	-0.203625
0.139859	-0.001026	0.155750	-0.204333
0.139854	-0.001349	0.155879	-0.202945
0.139883	-0.000833	0.156593	-0.203247
0.139646	0.000137	0.155107	-0.202690
0.135270	-0.001832	0.156502	-0.201365
0.134854	-0.000841	0.155300	-0.202089
0.134876	-0.001743	0.156159	-0.202491
0.134914	-0.001086	0.155827	-0.202338
0.134918	-0.003310	0.156447	-0.203186
0.134840	-0.001952	0.155758	-0.202868
0.134836	-0.001657	0.153939	-0.201911
0.134831	-0.003625	0.156182	-0.203914
0.134904	-0.001753	0.155937	-0.203857
0.134894	-0.001646	0.156614	-0.203828
0.134886	-0.002287	0.155011	-0.203035
0.134852	-0.001997	0.154468	-0.202124
0.134840	-0.003003	0.156774	-0.203011
0.134873	-0.002151	0.155841	-0.202745
0.134802	-0.002299	0.155813	-0.201656
0.134886	-0.002060	0.155601	-0.204037
0.134797	-0.002647	0.154799	-0.202778
0.134895	-0.002667	0.157256	-0.203094
0.134802	-0.002074	0.154996	-0.202293
0.134913	-0.002976	0.155643	-0.203183
0.134720	-0.002671	0.156624	-0.203224
0.134997	-0.001337	0.156510	-0.203138
0.134732	-0.002210	0.156188	-0.202867
0.135067	-0.002677	0.156283	-0.203508
0.134511	-0.001781	0.156413	-0.204626
0.137489	-0.001335	0.155341	-0.203362
0.140298	-0.000995	0.155342	-0.203382
0.139523	-0.001627	0.156004	-0.203909
0.140113	-0.000702	0.156862	-0.203604
0.139716	-0.002006	0.156450	-0.203244
0.139975	-0.000207	0.155381	-0.202738
0.139719	-0.000269	0.155542	-0.203830
0.140021	-0.001328	0.156289	-0.204251
0.139580	-0.003076	0.156559	-0.203123
0.140301	-0.000911	0.156411	-0.201639
0.137061	-0.001195	0.155831	-0.202533
0.134457	-0.001050	0.156128	-0.202842
0.135057	-0.002743	0.155384	-0.202410
0.134662	-0.001914	0.156352	-0.203025
0.135012	-0.002118	0.155170	-0.202371
0.134804	-0.001725	0.156269	-0.202989
0.134935	-0.002357	0.156308	-0.203800
0.134800	-0.000831	0.156227	-0.202861
0.134962	-0.001410	0.155366	-0.202144
0.134865	-0.002584	0.155636	-0.202900
0.134911	-0.002198	0.155059	-0.202418
0.134930	-0.002741	0.156494	-0.202579
0.134883	-0.001628	0.156378	-0.202618
0.134821	-0.000903	0.156348	-0.203037
0.134939	-0.001026	0.156210	-0.200796
0.134782	-0.001392	0.155560	-0.202405
0.134819	-0.002009	0.156332	-0.202821
0.134837	-0.003971	0.156006	-0.202385
0.134905	-0.002779	0.156346	-0.203737
0.134839	-0.002304	0.155589	-0.204030
0.134840	-0.003188	0.155720	-0.203683
0.134864	-0.002546	0.155556	-0.202286
0.134875	-0.001853	0.155937	-0.202202
0.134860	-0.002244	0.156400	-0.202720
0.134905	-0.002666	0.156323	-0.204303
0.134883	-0.002479	0.155779	-0.202372
0.134880	-0.000802	0.155639	-0.203539
0.134829	-0.001064	0.157162	-0.204042
0.134890	-0.002691	0.156140	-0.202893
0.134817	-0.002024	0.154912	-0.202011
0.134781	-0.002432	0.157491	-0.202623
0.134830	-0.002605	0.155812	-0.203161
0.134826	-0.000614	0.156448	-0.203622
0.134873	-0.002477	0.157100	-0.203126
0.134914	-0.001025	0.157292	-0.201569
0.134873	-0.001061	0.157361	-0.201018
0.134822	-0.000684	0.154950	-0.201802
0.134835	-0.000888	0.155530	-0.203393
0.134825	-0.001265	0.155136	-0.203217
0.134836	-0.000323	0.156492	-0.204616
0.134910	-0.002993	0.154082	-0.202595
0.134866	-0.000455	0.156925	-0.203328
0.134934	-0.002114	0.155729	-0.202540
0.134860	-0.002108	0.156309	-0.203698
0.134878	-0.001418	0.156956	-0.203272
0.134741	-0.000940	0.156495	-0.204119
0.134913	-0.002203	0.156438	-0.203684
0.134836	-0.003041	0.155693	-0.202367
0.134840	-0.002046	0.156229	-0.202352
0.134865	-0.002441	0.156357	-0.203507
0.134909	-0.001489	0.155044	-0.202635
0.134879	-0.002307	0.155346	-0.203131
0.134830	-0.000681	0.155560	-0.204256
0.134847	-0.002300	0.156296	-0.203341
0.134879	-0.001609	0.155685	-0.203114
0.134863	-0.003200	0.155572	-0.203163
0.134856	-0.001159	0.156173	-0.202407
0.134928	-0.002552	0.155540	-0.204215
0.134835	-0.001835	0.155848	-0.202395
0.134906	-0.003295	0.156269	-0.202093
0.134864	-0.002426	0.155605	-0.203485
0.134873	-0.002519	0.155995	-0.202422
0.134796	-0.000557	0.155239	-0.203426
0.134980	-0.001124	0.156293	-0.203604
0.134888	-0.001736	0.156213	-0.202876
0.134801	-0.001442	0.155621	-0.203849
0.134746	-0.002123	0.155699	-0.204094
0.135047	-0.001557	0.156375	-0.201984
0.134646	-0.001465	0.156174	-0.202226
0.138238	-0.001492	0.157391	-0.203064
0.140212	-0.000855	0.156447	-0.201823
0.137165	-0.001494	0.156238	-0.201541
0.140000	-0.001409	0.156000	-0.203080
0.139753	-0.001284	0.154566	-0.202109
0.140054	-0.001249	0.155275	-0.202162
0.139615	-0.001155	0.154577	-0.201916
0.140222	-0.000876	0.155750	-0.203200
0.136528	-0.001473	0.154419	-0.203185
0.134540	-0.001398	0.154134	-0.202856
0.134960	-0.000886	0.154081	-0.202970
0.134787	-0.000587	0.154812	-0.201456
0.134908	0.000118	0.154457	-0.202313
0.134796	-0.001924	0.154528	-0.203683
0.134890	-0.001221	0.152390	-0.202784
0.134825	-0.002712	0.151226	-0.201845
0.134944	0.001516	0.152705	-0.204130
0.134785	0.000008	0.150696	-0.203740
0.134871	0.000264	0.150731	-0.203715
0.134863	0.000580	0.149895	-0.204918
0.134905	-0.000238	0.150150	-0.202132
0.134776	0.000038	0.149849	-0.202745
0.134810	0.001168	0.149668	-0.203353
0.134855	0.001191	0.151257	-0.203090
0.134899	0.000227	0.150038	-0.203354
0.134859	0.002187	0.149608	-0.202759
0.134835	0.001560	0.150208	-0.202157
0.134863	0.002818	0.148450	-0.202692
0.134886	0.002101	0.149528	-0.202494
0.134885	0.002519	0.149764	-0.202426
0.134910	0.000794	0.150131	-0.202860
0.134866	0.001984	0.149084	-0.202390
0.134845	0.001497	0.147865	-0.201679
0.134827	0.002046	0.147559	-0.204036
0.134824	0.000968	0.147722	-0.202484
0.134799	0.002402	0.148573	-0.203357
0.134881	0.002998	0.147192	-0.203483
0.134834	0.003551	0.145472	-0.203255
0.134854	0.003523	0.144606	-0.204647
0.134890	0.001827	0.144143	-0.202093
0.134888	0.001268	0.144668	-0.203527
0.134866	0.002658	0.144319	-0.204487
0.134885	0.003057	0.143884	-0.203554
0.134795	0.003356	0.143397	-0.204258
0.134855	0.005204	0.142556	-0.203863
0.134905	0.003282	0.142800	-0.202467
0.134837	0.004065	0.141806	-0.202774
0.134863	0.005047	0.140427	-0.203034
0.134811	0.004849	0.140542	-0.203130
0.134865	0.005250	0.139707	-0.203016
0.134894	0.006335	0.140504	-0.201496
0.134846	0.005514	0.138717	-0.202249
0.134932	0.007705	0.137961	-0.203521
0.134766	0.004380	0.137139	-0.203824
0.134885	0.007657	0.136738	-0.205002
0.134866	0.008168	0.136602	-0.203019
0.134932	0.006976	0.136291	-0.203490
0.134850	0.007279	0.135578	-0.203629
0.134869	0.007542	0.135589	-0.203721
0.134873	0.008356	0.136553	-0.203428
0.134903	0.008172	0.135494	-0.203326
0.134873	0.009122	0.135456	-0.204076
0.134869	0.009316	0.134667	-0.203614
0.134837	0.008339	0.133964	-0.203901
0.134858	0.007950	0.133801	-0.204525
0.134939	0.008432	0.134239	-0.202015
0.134869	0.010211	0.132713	-0.203054
0.134845	0.009267	0.133001	-0.202581
0.134888	0.010612	0.131223	-0.203145
0.134885	0.010703	0.130708	-0.204969
0.134870	0.010952	0.130547	-0.202690
0.134852	0.010219	0.129734	-0.203149
0.134822	0.009411	0.128795	-0.203562
0.134873	0.010013	0.127296	-0.204706
0.134932	0.010736	0.128720	-0.204641
0.134810	0.011086	0.128562	-0.202229
0.134891	0.011882	0.127691	-0.204908
0.134859	0.013102	0.125441	-0.203931
0.134807	0.012454	0.127231	-0.204186
0.134849	0.012439	0.124506	-0.203049
0.134832	0.013267	0.124337	-0.202573
0.134846	0.011783	0.123667	-0.202559
0.134797	0.013073	0.125322	-0.203387
0.134865	0.013006	0.122756	-0.203081
0.134859	0.013136	0.121601	-0.203173
0.134889	0.013829	0.121605	-0.203407
0.134844	0.014459	0.122684	-0.204213
0.134832	0.015518	0.120209	-0.204274
0.134832	0.015406	0.119969	-0.203227
0.134859	0.015560	0.121091	-0.204196
0.134926	0.014734	0.120650	-0.203347
0.134908	0.015104	0.118097	-0.204276
0.134834	0.016274	0.117686	-0.205791
0.134826	0.016641	0.116676	-0.202675
0.134825	0.018354	0.115505	-0.204235
0.134886	0.017768	0.116344	-0.203438
0.134879	0.017937	0.115077	-0.203091
0.134880	0.017026	0.114040	-0.203421
0.134817	0.018068	0.113119	-0.203639
0.134825	0.018771	0.114149	-0.204193
0.134840	0.017950	0.113518	-0.204903
0.134947	0.018521	0.112221	-0.203034
0.134829	0.020539	0.111281	-0.205257
0.134947	0.019979	0.111901	-0.204808
0.134890	0.019775	0.110683	-0.203453
0.134830	0.018472	0.108944	-0.204457
0.134881	0.018855	0.107776	-0.203663
0.134952	0.019172	0.107256	-0.202484
0.134768	0.020903	0.106989	-0.204492
0.134898	0.020416	0.107367	-0.204302
0.134839	0.020461	0.107524	-0.205125
0.134855	0.021075	0.105982	-0.203700
0.134894	0.021291	0.105881	-0.204276
0.134835	0.020561	0.104240	-0.204949
0.134860	0.021758	0.104832	-0.202495
0.134915	0.021962	0.103970	-0.203581
0.134805	0.022847	0.102316	-0.203827
0.134806	0.023672	0.101479	-0.204789
0.134841	0.023878	0.101461	-0.205227
0.134834	0.024330	0.100908	-0.205003
0.134890	0.023145	0.099327	-0.204935
0.134831	0.023416	0.099076	-0.205256
0.134896	0.024061	0.098295	-0.204464
0.134806	0.023831	0.097527	-0.203089
0.134776	0.025280	0.096259	-0.205101
0.134919	0.026086	0.096164	-0.204259
0.134796	0.025155	0.095280	-0.204621
0.134829	0.026141	0.095890	-0.205194
0.134834	0.026181	0.094627	-0.204830
0.134777	0.025910	0.094671	-0.204694
0.134824	0.026157	0.094143	-0.203247
0.134919	0.026932	0.092681	-0.203253
0.134906	0.026823	0.092925	-0.204289
0.134868	0.028303	0.092624	-0.205235
0.134847	0.026387	0.090477	-0.203953
0.134890	0.028103	0.089977	-0.204305
0.134930	0.028391	0.089845	-0.204305
0.134842	0.027458	0.087977	-0.204308
0.134854	0.027670	0.086807	-0.203819
0.134894	0.029102	0.088621	-0.205106
0.134863	0.030660	0.087040	-0.203716
0.134807	0.029417	0.085538	-0.203625
0.134911	0.029194	0.085107	-0.204998
0.134866	0.030868	0.084621	-0.204542
0.134861	0.030888	0.084667	-0.204963
0.134817	0.031277	0.084235	-0.204561
0.134865	0.030679	0.081925	-0.204494
0.134855	0.031149	0.082693	-0.204913
0.134933	0.033069	0.081275	-0.204771
0.134825	0.031924	0.081921	-0.205257
0.134812	0.031529	0.079851	-0.205151
0.134827	0.031585	0.080550	-0.205298
0.134772	0.032588	0.080604	-0.204725
0.134849	0.032636	0.079979	-0.205157
0.134906	0.033668	0.078149	-0.204984
0.134825	0.034234	0.078594	-0.205760
0.134870	0.034494	0.079396	-0.205889
0.134865	0.032605	0.076872	-0.204968
0.134824	0.034465	0.075726	-0.204328
0.134869	0.035492	0.074908	-0.203962
0.134827	0.035276	0.074428	-0.205066
0.134866	0.036977	0.074190	-0.204606
0.134840	0.036897	0.072868	-0.203952
0.134827	0.035986	0.071994	-0.205655
0.134869	0.037067	0.070797	-0.205239
0.134820	0.036624	0.071823	-0.205906
0.134832	0.037552	0.070661	-0.204786
0.134945	0.038139	0.068949	-0.205559
0.134852	0.038354	0.068555	-0.204958
0.134831	0.036550	0.067391	-0.206325
0.134840	0.039015	0.066700	-0.204692
0.134888	0.038048	0.064996	-0.204677
0.134886	0.040333	0.065346	-0.205047
0.134825	0.039353	0.064114	-0.204610
0.134770	0.040427	0.063403	-0.204243
0.134861	0.040607	0.062085	-0.205562
0.134865	0.039386	0.061430	-0.205577
0.134915	0.040781	0.058896	-0.205145
0.134834	0.042472	0.059404	-0.205051
0.134889	0.041281	0.058116	-0.205374
0.134858	0.042675	0.056776	-0.205653
0.134913	0.043355	0.056719	-0.206944
0.134865	0.043817	0.055715	-0.206010
0.134859	0.043186	0.054921	-0.205101
0.134881	0.044630	0.054646	-0.204754
0.134856	0.045558	0.053430	-0.204968
0.134889	0.044230	0.052215	-0.204961
0.134805	0.045067	0.051288	-0.204759
0.134894	0.046182	0.050384	-0.204214
0.134910	0.045926	0.050855	-0.205717
0.134890	0.046781	0.048710	-0.205304
0.134889	0.047972	0.049548	-0.206974
0.134934	0.047240	0.046743	-0.206093
0.134845	0.048106	0.047652	-0.204651
0.134888	0.047542	0.047341	-0.205136
0.134899	0.049602	0.046938	-0.204166
0.134909	0.050197	0.046984	-0.205259
0.134850	0.049028	0.044207	-0.205726
0.134830	0.050627	0.043841	-0.207311
0.134792	0.049084	0.042930	-0.204635
0.134811	0.052057	0.042953	-0.204967
0.134854	0.051360	0.042348	-0.205435
0.134924	0.051691	0.039835	-0.206103
0.134842	0.052047	0.039763	-0.205542
0.134825	0.053644	0.038672	-0.205434
0.134821	0.054490	0.038314	-0.205776
0.134889	0.053086	0.036653	-0.206241
0.134854	0.053802	0.035554	-0.207292
0.134805	0.055175	0.034194	-0.205820
0.134795	0.056957	0.035465	-0.206269
0.134878	0.056374	0.035308	-0.206933
0.134866	0.053757	0.034476	-0.206147
0.134865	0.056080	0.032875	-0.205698
0.134805	0.056255	0.031798	-0.205110
0.134837	0.055584	0.032693	-0.206142
0.134905	0.056757	0.030666	-0.205871
0.134850	0.055520	0.029820	-0.205070
0.134873	0.057283	0.030335	-0.205968
0.134852	0.056249	0.029842	-0.205929
0.134841	0.056872	0.028478	-0.206464
0.134868	0.057269	0.029318	-0.207975
0.134879	0.057462	0.026750	-0.205090
0.134943	0.059288	0.026678	-0.206196
0.134845	0.059173	0.026217	-0.205859
0.134891	0.060699	0.024470	-0.205141
0.134895	0.062515	0.024238	-0.206304
0.134880	0.061324	0.022664	-0.205958
0.134885	0.062700	0.020090	-0.207640
0.134821	0.063143	0.021435	-0.206757
0.134883	0.063326	0.020050	-0.205695
0.134939	0.062660	0.020148	-0.206598
0.134785	0.063346	0.019732	-0.204473
0.134839	0.062838	0.018278	-0.205692
0.134797	0.064899	0.019023	-0.207623
0.134840	0.065660	0.017249	-0.205626
0.134886	0.065156	0.016902	-0.206191
0.134816	0.066530	0.015365	-0.207297
0.134821	0.066733	0.015208	-0.205482
0.134875	0.067553	0.014760	-0.206109
0.134874	0.066013	0.013519	-0.207099
0.134883	0.068070	0.012182	-0.207168
0.134782	0.067833	0.010990	-0.206408
0.134926	0.068131	0.012149	-0.206896
0.134802	0.068492	0.010995	-0.207602
0.134766	0.068531	0.011489	-0.206988
0.134890	0.070512	0.010099	-0.205680
0.134844	0.070452	0.007508	-0.206728
0.134846	0.069632	0.006546	-0.206106
0.134890	0.072843	0.007615	-0.207082
0.134876	0.070461	0.005912	-0.206118
0.134900	0.070664	0.005522	-0.208199
0.134870	0.073313	0.004843	-0.208002
0.134816	0.073555	0.005268	-0.207312
0.134822	0.072515	0.006626	-0.207609
0.134859	0.072019	0.003730	-0.205348
0.134861	0.072759	0.002658	-0.207318
0.134847	0.074657	0.004186	-0.205474
0.134875	0.075471	0.001583	-0.206374
0.134820	0.073938	0.000870	-0.207381
0.134865	0.074844	0.000351	-0.207442
0.134851	0.076977	0.000455	-0.205003
0.134972	0.077120	-0.000365	-0.207657
0.139309	0.077186	-0.001013	-0.206966
0.139974	0.078141	-0.001171	-0.206490
0.139764	0.078158	-0.000683	-0.207184
0.139889	0.076799	-0.002189	-0.206671
0.139817	0.079144	-0.003532	-0.207127
0.139843	0.079270	-0.003444	-0.206299
0.139820	0.079865	-0.004651	-0.206825
0.139827	0.080801	-0.005913	-0.206740
0.139869	0.081174	-0.007238	-0.207734
0.139866	0.081048	-0.006214	-0.206435
0.139896	0.080660	-0.006052	-0.206718
0.139790	0.081646	-0.007993	-0.206141
0.139897	0.083814	-0.007886	-0.206241
0.139893	0.083584	-0.009025	-0.207098
0.139852	0.082383	-0.008586	-0.206812
0.139863	0.082208	-0.009468	-0.207115
0.139882	0.083255	-0.010356	-0.206772
0.139869	0.085361	-0.010977	-0.206252
0.139886	0.084901	-0.011690	-0.205412
0.139900	0.085802	-0.012524	-0.205571
0.139783	0.085483	-0.013327	-0.207114
0.139789	0.086937	-0.012638	-0.207321
0.139815	0.086301	-0.014282	-0.206147
0.139874	0.086373	-0.014177	-0.206876
0.139783	0.088775	-0.013760	-0.207354
0.139833	0.088330	-0.016167	-0.207260
0.139874	0.088790	-0.016158	-0.206753
0.139862	0.088758	-0.017255	-0.205829
0.139841	0.089104	-0.018775	-0.206826
0.139838	0.089981	-0.020070	-0.207668
0.139817	0.091374	-0.021140	-0.205288
0.139799	0.090777	-0.019696	-0.206968
0.139859	0.091059	-0.022074	-0.207629
0.139879	0.091630	-0.021580	-0.205750
0.139832	0.091428	-0.021819	-0.206994
0.139848	0.093152	-0.022590	-0.205187
0.139887	0.093951	-0.023564	-0.206331
0.139866	0.094135	-0.023936	-0.206798
0.139886	0.091722	-0.023884	-0.206573
0.139792	0.093042	-0.025974	-0.207229
0.139903	0.093724	-0.026330	-0.207732
0.139765	0.094754	-0.025951	-0.207065
0.139945	0.094121	-0.028815	-0.206444
0.139828	0.094606	-0.027979	-0.207762
0.139974	0.094067	-0.028795	-0.207506
0.139705	0.095972	-0.030475	-0.206831
0.140088	0.094898	-0.030810	-0.206499
0.139493	0.096331	-0.030945	-0.209034
0.142518	0.097219	-0.030176	-0.208244
0.144913	0.097109	-0.034159	-0.205603
0.144395	0.098308	-0.034391	-0.208157
0.144736	0.097539	-0.034495	-0.206104
0.144541	0.097981	-0.035169	-0.207444
0.144663	0.100305	-0.036941	-0.207313
0.144511	0.099986	-0.038715	-0.207138
0.144697	0.098803	-0.037727	-0.207033
0.144550	0.097265	-0.038998	-0.206844
0.144707	0.098688	-0.038908	-0.208010
0.144514	0.100329	-0.038865	-0.208266
0.144668	0.099408	-0.039405	-0.207151
0.144588	0.098632	-0.041047	-0.205828
0.144551	0.099822	-0.041317	-0.205172
0.144530	0.100238	-0.040986	-0.206539
0.144590	0.100925	-0.042438	-0.207118
0.144474	0.101188	-0.041189	-0.206970
0.144702	0.099108	-0.041406	-0.206918
0.144519	0.099647	-0.043020	-0.206390
0.144653	0.100691	-0.043476	-0.206621
0.144520	0.100805	-0.046092	-0.207386
0.144651	0.099946	-0.046257	-0.207460
0.144550	0.101062	-0.047223	-0.206257
0.144717	0.102338	-0.045356	-0.207922
0.144505	0.103194	-0.046386	-0.206617
0.144866	0.102609	-0.048781	-0.207102
0.144242	0.102114	-0.049648	-0.207674
0.147859	0.101417	-0.049376	-0.207952
0.149948	0.102273	-0.050207	-0.208026
0.149365	0.102500	-0.052268	-0.207128
0.149664	0.102830	-0.051291	-0.205938
0.149468	0.103486	-0.052383	-0.208377
0.149603	0.103317	-0.051448	-0.207065
0.149580	0.105057	-0.053610	-0.208049
0.149607	0.101145	-0.055480	-0.206256
0.149588	0.103641	-0.055341	-0.205552
0.149601	0.104307	-0.056284	-0.206857
0.149608	0.104540	-0.056741	-0.206924
0.149556	0.102699	-0.056370	-0.207632
0.149655	0.103497	-0.058370	-0.207073
0.149512	0.103092	-0.058036	-0.206961
0.149625	0.104148	-0.058928	-0.206112
0.149491	0.104205	-0.058152	-0.207592
0.149765	0.103417	-0.058891	-0.209240
0.149312	0.104201	-0.060863	-0.207668
0.150634	0.104278	-0.062157	-0.207579
0.154837	0.105852	-0.063922	-0.209174
0.154510	0.105862	-0.061915	-0.208071
0.154788	0.105227	-0.063151	-0.207974
0.154600	0.104630	-0.063685	-0.208351
0.154718	0.106485	-0.065232	-0.208510
0.154613	0.106450	-0.063977	-0.207238
0.154791	0.106645	-0.063953	-0.205916
0.154648	0.104858	-0.063032	-0.207784
0.154751	0.105797	-0.064169	-0.206102
0.154663	0.106008	-0.062405	-0.207305
0.154761	0.105043	-0.065561	-0.207406
0.154613	0.106962	-0.065527	-0.206835
0.154728	0.106322	-0.065619	-0.207237
0.154713	0.105973	-0.065999	-0.207916
0.154763	0.105513	-0.065002	-0.206637
0.154628	0.105007	-0.065586	-0.207092
0.154735	0.105792	-0.064963	-0.206460
0.154649	0.105449	-0.063804	-0.207104
0.154763	0.104843	-0.064823	-0.208050
0.154578	0.104994	-0.066153	-0.207977
0.154854	0.104830	-0.067175	-0.207223
0.154529	0.106097	-0.064957	-0.207027
0.158334	0.105610	-0.066569	-0.208535
0.159992	0.106051	-0.066557	-0.206602
0.159588	0.105296	-0.067055	-0.206230
0.159876	0.104633	-0.065579	-0.207088
0.159617	0.105513	-0.064709	-0.207687
0.159745	0.104799	-0.064798	-0.206591
0.159606	0.104317	-0.064981	-0.207726
0.159720	0.102115	-0.064274	-0.208326
0.159659	0.103541	-0.063820	-0.208013
0.159782	0.102740	-0.063932	-0.207764
0.159743	0.102405	-0.062588	-0.208857
0.159676	0.101765	-0.063119	-0.207404
0.159731	0.101052	-0.063035	-0.208084
0.159660	0.102695	-0.061783	-0.206840
0.159634	0.101493	-0.062499	-0.207009
0.159749	0.102718	-0.060809	-0.206479
0.159711	0.102552	-0.061711	-0.207010
0.159754	0.102572	-0.061068	-0.207395
0.159586	0.101904	-0.060300	-0.206302
0.159677	0.100772	-0.060740	-0.207871
0.159656	0.101005	-0.059428	-0.207955
0.159655	0.103174	-0.057579	-0.206802
0.159753	0.101408	-0.059123	-0.207759
0.159711	0.101811	-0.058731	-0.207050
0.159655	0.100149	-0.057880	-0.208035
0.159694	0.100442	-0.058316	-0.207197
0.159672	0.100049	-0.055975	-0.205596
0.159748	0.098155	-0.055788	-0.207325
0.159699	0.099101	-0.055075	-0.206520
0.159632	0.100134	-0.055995	-0.208859
0.159743	0.099026	-0.056484	-0.207818
0.159676	0.097417	-0.053387	-0.207158
0.159730	0.097570	-0.054219	-0.206786
0.159759	0.099128	-0.053508	-0.205666
0.159734	0.099404	-0.052578	-0.207748
0.159671	0.098136	-0.053179	-0.207881
0.159715	0.098015	-0.053441	-0.207647
0.159651	0.099939	-0.054476	-0.208578
0.159745	0.097552	-0.054173	-0.207587
0.159669	0.098812	-0.054768	-0.205801
0.159715	0.099871	-0.054804	-0.206827
0.159731	0.099816	-0.054782	-0.207950
0.159666	0.099919	-0.057144	-0.207911
0.159721	0.100026	-0.053809	-0.207833
0.159657	0.100501	-0.055061	-0.206046
0.159733	0.099305	-0.056098	-0.206617
0.159667	0.099837	-0.055966	-0.207667
0.159684	0.101129	-0.055774	-0.207935
0.159642	0.101704	-0.057163	-0.206468
0.159694	0.101010	-0.057071	-0.208114
0.159730	0.100668	-0.054803	-0.206867
0.159690	0.102405	-0.054373	-0.207856
0.159682	0.102065	-0.055821	-0.205573
0.159715	0.102068	-0.055254	-0.207376
0.159661	0.103216	-0.056269	-0.207454
0.159655	0.104739	-0.056589	-0.206990
0.159760	0.103179	-0.056095	-0.207545
0.159627	0.105201	-0.056177	-0.208204
0.159698	0.103638	-0.057435	-0.208738
0.159705	0.103934	-0.056304	-0.204887
0.159580	0.102955	-0.058370	-0.208789
0.159667	0.103967	-0.058436	-0.207876
0.159684	0.104108	-0.057560	-0.208241
0.159662	0.104344	-0.056010	-0.207493
0.159694	0.104193	-0.057348	-0.206445
0.159664	0.105453	-0.056756	-0.207977
0.159705	0.105009	-0.057788	-0.207524
0.159696	0.106495	-0.058387	-0.206380
0.159780	0.105605	-0.059283	-0.207698
0.159529	0.105980	-0.058438	-0.206985
0.159818	0.106550	-0.057813	-0.205662
0.159407	0.105580	-0.057708	-0.207179
0.160113	0.105231	-0.057461	-0.207674
0.157506	0.105695	-0.056277	-0.207083
0.154280	0.106072	-0.054621	-0.207069
0.155186	0.106813	-0.055814	-0.207151
0.159090	0.106289	-0.055537	-0.206290
0.159983	0.106953	-0.056825	-0.205811
0.159581	0.108056	-0.055553	-0.207184
0.159843	0.106483	-0.056939	-0.206039
0.159538	0.108065	-0.055476	-0.205547
0.159830	0.107393	-0.054738	-0.206667
0.159681	0.107951	-0.055891	-0.206815
0.159709	0.109305	-0.056283	-0.207330
0.159666	0.108609	-0.053769	-0.207293
0.159764	0.108881	-0.056137	-0.209052
0.159662	0.109632	-0.055052	-0.207229
0.159758	0.110386	-0.056040	-0.206425
0.159689	0.111130	-0.055556	-0.206299
0.159741	0.112072	-0.054596	-0.206810
0.159733	0.110489	-0.056173	-0.206187
0.159730	0.110531	-0.054796	-0.207549
0.159684	0.109854	-0.055273	-0.206087
0.159763	0.111859	-0.053750	-0.207478
0.159686	0.111173	-0.053888	-0.207171
0.159699	0.110172	-0.055981	-0.207449
0.159706	0.112965	-0.055220	-0.207974
0.159792	0.113009	-0.055220	-0.206816
0.159782	0.111572	-0.055776	-0.208153
0.159711	0.112199	-0.057556	-0.206538
0.159773	0.114491	-0.057554	-0.206814
0.159740	0.115063	-0.056138	-0.207271
0.159701	0.113047	-0.056704	-0.207108
0.159651	0.114570	-0.055883	-0.207769
0.159684	0.114556	-0.056937	-0.208814
0.159745	0.115640	-0.057055	-0.207992
0.159726	0.115431	-0.057335	-0.205710
0.159716	0.117146	-0.057157	-0.207085
0.159714	0.116563	-0.059256	-0.206974
0.159716	0.117447	-0.058308	-0.206356
0.159741	0.118298	-0.058450	-0.208329
0.159704	0.116930	-0.058465	-0.208386
0.159780	0.118797	-0.057381	-0.208609
0.159613	0.118860	-0.058420	-0.207326
0.159814	0.118594	-0.058499	-0.208214
0.159139	0.120000	-0.059834	-0.208445
0.154896	0.121284	-0.059102	-0.206949
0.154717	0.120636	-0.060543	-0.207435
0.154703	0.121503	-0.060630	-0.207410
0.154677	0.120108	-0.059108	-0.207141
0.154682	0.119864	-0.059552	-0.207429
0.154712	0.120978	-0.061668	-0.207263
0.154782	0.121213	-0.061841	-0.207597
0.154723	0.121322	-0.062805	-0.206260
0.154649	0.122726	-0.061820	-0.208803
0.154681	0.121357	-0.062379	-0.206985
0.154706	0.123283	-0.061608	-0.206874
0.154679	0.122974	-0.061363	-0.206111
0.154678	0.122279	-0.063126	-0.207822
0.154763	0.122793	-0.063452	-0.207615
0.154634	0.121736	-0.063606	-0.207570
0.154696	0.121313	-0.064510	-0.207546
0.154683	0.123500	-0.065597	-0.207524
0.154671	0.122629	-0.066064	-0.207227
0.154751	0.121824	-0.067254	-0.206948
0.154742	0.123552	-0.067070	-0.206991
0.154701	0.123383	-0.067611	-0.206582
0.154758	0.122656	-0.067396	-0.208026
0.154681	0.122402	-0.066801	-0.206929
0.154679	0.121807	-0.066284	-0.208228
0.154684	0.122945	-0.067408	-0.207158
0.154768	0.123700	-0.067652	-0.206436
0.154622	0.123361	-0.068004	-0.207508
0.154775	0.122127	-0.067360	-0.206518
0.154692	0.122148	-0.067128	-0.207920
0.154699	0.122631	-0.067807	-0.205563
0.154702	0.123378	-0.067197	-0.205388
0.154717	0.123525	-0.066260	-0.206146
0.154791	0.121735	-0.065743	-0.207495
0.154755	0.123751	-0.064883	-0.208619
0.154698	0.122597	-0.066532	-0.206330
0.154737	0.122755	-0.065615	-0.207072
0.154684	0.123355	-0.066991	-0.207592
0.154667	0.121845	-0.065324	-0.207178
0.154637	0.124445	-0.065754	-0.206029
0.154694	0.121828	-0.066635	-0.205552
0.154738	0.122814	-0.067664	-0.207679
0.154726	0.122173	-0.066457	-0.206976
0.154701	0.122281	-0.066096	-0.206315
0.154716	0.121137	-0.065947	-0.207278
0.154727	0.121468	-0.065205	-0.209114
0.154704	0.121985	-0.065315	-0.208063
0.154745	0.121818	-0.066299	-0.208127
0.154647	0.121154	-0.066279	-0.206716
0.154819	0.121689	-0.065719	-0.206119
0.154594	0.121391	-0.066960	-0.207197
0.154934	0.119278	-0.065201	-0.208313
0.154432	0.120469	-0.063981	-0.207465
0.155857	0.120362	-0.064111	-0.207222
0.159787	0.121403	-0.063038	-0.208002
0.159557	0.120419	-0.063756	-0.207053
0.159802	0.120502	-0.062300	-0.207069
0.159672	0.118826	-0.062904	-0.207541
0.159824	0.119544	-0.063320	-0.207447
0.159651	0.120398	-0.062794	-0.206150
0.159759	0.120163	-0.063211	-0.208911
0.159666	0.122450	-0.060864	-0.207540
0.159719	0.120862	-0.063047	-0.206592
0.159710	0.120447	-0.061973	-0.208018
0.159748	0.120643	-0.060180	-0.207194
0.159691	0.121160	-0.061291	-0.207174
0.159690	0.121019	-0.060049	-0.206101
0.159685	0.122873	-0.060279	-0.207637
0.159718	0.121913	-0.060013	-0.208139
0.159670	0.120548	-0.059613	-0.206411
0.159758	0.120950	-0.059980	-0.206777
0.159644	0.121891	-0.059266	-0.207459
0.159700	0.122831	-0.059004	-0.207748
0.159670	0.122244	-0.059528	-0.205365
0.159695	0.122809	-0.059895	-0.206810
0.159739	0.121964	-0.059857	-0.206897
0.159746	0.121463	-0.061754	-0.206520
0.159705	0.123416	-0.059854	-0.206465
0.159720	0.121641	-0.061118	-0.206671
0.159723	0.122549	-0.060254	-0.207271
0.159685	0.122386	-0.061971	-0.208111
0.159666	0.124506	-0.060737	-0.205484
0.159733	0.122428	-0.061910	-0.206636
0.159684	0.122833	-0.062115	-0.205861
0.159788	0.124342	-0.061692	-0.207519
0.159591	0.124432	-0.061647	-0.208446
0.159779	0.123217	-0.061608	-0.207999
0.159644	0.121525	-0.060256	-0.207579
0.159884	0.121152	-0.060868	-0.207335
0.155779	0.121149	-0.058386	-0.208096
0.154516	0.122072	-0.058642	-0.206936
0.154880	0.122720	-0.057493	-0.208392
0.154677	0.122650	-0.057465	-0.205646
0.154730	0.121681	-0.056548	-0.206809
0.154673	0.121424	-0.056466	-0.206047
0.154780	0.123000	-0.056347	-0.207450
0.154676	0.122129	-0.057612	-0.207338
0.154751	0.124041	-0.055890	-0.206398
0.154719	0.122500	-0.055927	-0.206944
0.154693	0.122197	-0.055385	-0.208105
0.154706	0.122920	-0.055774	-0.206086
0.154737	0.122269	-0.054457	-0.207124
0.154677	0.124723	-0.057275	-0.207430
0.154711	0.123464	-0.056007	-0.207498
0.154697	0.123254	-0.055702	-0.206475
0.154674	0.124097	-0.055975	-0.206342
0.154757	0.122974	-0.055652	-0.206723
0.154649	0.123271	-0.059295	-0.207163
0.154732	0.123018	-0.057560	-0.206252
0.154684	0.126337	-0.057773	-0.207440
0.154701	0.125235	-0.057454	-0.206419
0.154634	0.123978	-0.057336	-0.207084
0.154683	0.124188	-0.059119	-0.205656
0.150416	0.123186	-0.057894	-0.207151
0.149348	0.124297	-0.058995	-0.207610
0.149785	0.124828	-0.059002	-0.207039
0.149524	0.124971	-0.060922	-0.207315
0.149665	0.124927	-0.062611	-0.208596
0.149612	0.125566	-0.062135	-0.208886
0.149650	0.127035	-0.061608	-0.207726
0.149606	0.126509	-0.064403	-0.206861
0.149637	0.126602	-0.064117	-0.205561
0.149562	0.127435	-0.063192	-0.206950
0.149627	0.126070	-0.065467	-0.207914
0.149591	0.126695	-0.065536	-0.207154
0.149595	0.127137	-0.065745	-0.206198
0.149570	0.126946	-0.066580	-0.208896
0.149600	0.126816	-0.065546	-0.208056
0.149682	0.126684	-0.066373	-0.206659
0.149639	0.128176	-0.069475	-0.207951
0.149649	0.127642	-0.070054	-0.206985
0.149664	0.127991	-0.068851	-0.205716
0.149522	0.129065	-0.071107	-0.208262
0.149533	0.127667	-0.069050	-0.207171
0.149607	0.127605	-0.070720	-0.207186
0.149551	0.127085	-0.070470	-0.207161
0.149561	0.126340	-0.071734	-0.207108
0.149614	0.126827	-0.071643	-0.206535
0.149605	0.126066	-0.069145	-0.207987
0.149619	0.128763	-0.070995	-0.207481
0.149597	0.126872	-0.071360	-0.207179
0.149631	0.125829	-0.073112	-0.207221
0.149586	0.127537	-0.072297	-0.206027
0.149571	0.125488	-0.072864	-0.207734
0.149704	0.125461	-0.073254	-0.207072
0.149634	0.125460	-0.074929	-0.206931
0.149591	0.125754	-0.073788	-0.207749
0.149558	0.126724	-0.073472	-0.206954
0.149591	0.126210	-0.075125	-0.207882
0.149597	0.126494	-0.075080	-0.207881
0.149556	0.125813	-0.074140	-0.207400
0.149592	0.125564	-0.076975	-0.207949
0.149611	0.125569	-0.075491	-0.207104
0.149654	0.124957	-0.074275	-0.207233
0.149576	0.124909	-0.074637	-0.206889
0.149529	0.124693	-0.075673	-0.207698
0.149938	0.124748	-0.075299	-0.206884
0.154273	0.125762	-0.074847	-0.208157
0.154806	0.122549	-0.076272	-0.206756
0.154703	0.125714	-0.075110	-0.208965
0.154740	0.126300	-0.075759	-0.207758
0.154639	0.127515	-0.074471	-0.207960
0.154724	0.128171	-0.073868	-0.206874
0.154678	0.126655	-0.076206	-0.207759
0.154724	0.126854	-0.076445	-0.207117
0.154762	0.128094	-0.076210	-0.206944
0.154735	0.128926	-0.075812	-0.206999
0.154694	0.130484	-0.075847	-0.206495
0.154704	0.129691	-0.075290	-0.206609
0.154723	0.129741	-0.076423	-0.207592
0.154717	0.130018	-0.075644	-0.206312
0.154738	0.130787	-0.076915	-0.207085
0.154727	0.129946	-0.075758	-0.206975
0.154667	0.131690	-0.075097	-0.206710
0.154716	0.129919	-0.076526	-0.207035
0.154713	0.129269	-0.075392	-0.206743
0.154785	0.131578	-0.074100	-0.207291
0.154722	0.130826	-0.076491	-0.207838
0.154743	0.130381	-0.075932	-0.207784
0.154684	0.130672	-0.075863	-0.206227
0.154719	0.130163	-0.076089	-0.207970
0.154661	0.132014	-0.076242	-0.206155
0.154707	0.132314	-0.076846	-0.207692
0.154683	0.132821	-0.077208	-0.207107
0.154716	0.132771	-0.076336	-0.207189
0.154650	0.132631	-0.075759	-0.208767
0.154766	0.132990	-0.075787	-0.209220
0.154742	0.132216	-0.075268	-0.207722
0.154712	0.132826	-0.077064	-0.206490
0.154663	0.131829	-0.079513	-0.208019
0.154732	0.132390	-0.078768	-0.208313
0.154751	0.133780	-0.076391	-0.207543
0.154746	0.134208	-0.077865	-0.206944
0.154668	0.134122	-0.078479	-0.207857
0.154698	0.132595	-0.078146	-0.209143
0.154730	0.134744	-0.077099	-0.208104
0.154686	0.133705	-0.076399	-0.207174
0.154698	0.133850	-0.077285	-0.207739
0.154726	0.134671	-0.075673	-0.208140
0.154692	0.135851	-0.078480	-0.208388
0.154644	0.134774	-0.076015	-0.207162
0.154782	0.134803	-0.077400	-0.206484
0.154686	0.135371	-0.076891	-0.207830
0.154777	0.135361	-0.076534	-0.208120
0.154763	0.135068	-0.078051	-0.206315
0.154758	0.136593	-0.077456	-0.207024
0.154727	0.134524	-0.077214	-0.207371
0.154713	0.135341	-0.078704	-0.206569
0.154689	0.135528	-0.079769	-0.208028
0.154750	0.136106	-0.080521	-0.208242
0.154724	0.137304	-0.080956	-0.207138
0.154730	0.138598	-0.081568	-0.207784
0.154783	0.137603	-0.081423	-0.206614
0.154740	0.137900	-0.081881	-0.206641
0.154765	0.137865	-0.081940	-0.206355
0.154657	0.138012	-0.084727	-0.206345
0.154755	0.139134	-0.083806	-0.209244
0.154719	0.139239	-0.084039	-0.207901
0.154721	0.139015	-0.084493	-0.206783
0.154742	0.138810	-0.082365	-0.207192
0.154746	0.140141	-0.084937	-0.206775
0.154709	0.138335	-0.084938	-0.207070
0.154663	0.138861	-0.086631	-0.207399
0.154740	0.139730	-0.087048	-0.207951
0.154693	0.139119	-0.088398	-0.208004
0.154746	0.139661	-0.088793	-0.207955
0.154702	0.139090	-0.087165	-0.206970
0.154731	0.140140	-0.088552	-0.208321
0.154742	0.140829	-0.090113	-0.206448
0.154786	0.141988	-0.088859	-0.205920
0.154684	0.141457	-0.090444	-0.207752
0.154834	0.141232	-0.091605	-0.208304
0.154565	0.140436	-0.091756	-0.205593
0.154775	0.141359	-0.090976	-0.207579
0.154647	0.142339	-0.092272	-0.207226
0.154881	0.141656	-0.094046	-0.206465
0.154361	0.142503	-0.093946	-0.207556
0.158120	0.142914	-0.093807	-0.207020
0.160071	0.143482	-0.093578	-0.208157
0.159460	0.141826	-0.093894	-0.207897
0.159827	0.144522	-0.094341	-0.207332
0.159550	0.142306	-0.095972	-0.208257
0.159847	0.142667	-0.094013	-0.207142
0.159642	0.142170	-0.093474	-0.206271
0.159785	0.142085	-0.093845	-0.206136
0.159570	0.143100	-0.094074	-0.205058
0.159789	0.142749	-0.096102	-0.206930
0.159583	0.141889	-0.094433	-0.206342
0.159788	0.141898	-0.094467	-0.207647
0.159555	0.142123	-0.093930	-0.206641
0.159795	0.141065	-0.093466	-0.207154
0.159460	0.142405	-0.092662	-0.205579
0.163460	0.143202	-0.092916	-0.207475
0.165053	0.140738	-0.092653	-0.207340
0.164609	0.141309	-0.092435	-0.207550
0.164844	0.140627	-0.092491	-0.205464
0.164802	0.141301	-0.090835	-0.208565
0.164862	0.139985	-0.090759	-0.206801
0.164766	0.140810	-0.091078	-0.207273
0.164732	0.142005	-0.091068	-0.207480
0.164826	0.141645	-0.090279	-0.208435
0.164807	0.140969	-0.091331	-0.205909
0.164834	0.140464	-0.089715	-0.206504
0.164707	0.140025	-0.087889	-0.207189
0.164830	0.139584	-0.088509	-0.206279
0.164770	0.140794	-0.087280	-0.205688
0.164807	0.140943	-0.085588	-0.207746
0.164647	0.140270	-0.086795	-0.207224
0.164964	0.141608	-0.086234	-0.208220
0.164494	0.141466	-0.086482	-0.207533
0.166191	0.141020	-0.086393	-0.206148
0.170123	0.139820	-0.085081	-0.206976
0.169563	0.141227	-0.085736	-0.207045
0.169840	0.140713	-0.085766	-0.206802
0.169677	0.139850	-0.083670	-0.205861
0.169919	0.139368	-0.084784	-0.208623
0.169655	0.140845	-0.083935	-0.205916
0.169867	0.139982	-0.085053	-0.206669
0.169733	0.138858	-0.083418	-0.207276
0.169833	0.138686	-0.083356	-0.207123
0.169761	0.139887	-0.082933	-0.207148
0.169827	0.138111	-0.083978	-0.207216
0.169797	0.140607	-0.083549	-0.207282
0.169778	0.139504	-0.083216	-0.207395
0.169834	0.139813	-0.081524	-0.207959
0.169799	0.139596	-0.082791	-0.209247
0.169824	0.137848	-0.082072	-0.207192
0.169881	0.137713	-0.080801	-0.206434
0.169813	0.138425	-0.080338	-0.206708
0.169844	0.136250	-0.079172	-0.206856
0.169787	0.136077	-0.080271	-0.206469
0.169775	0.135167	-0.077732	-0.207183
0.169769	0.136280	-0.079149	-0.206909
0.169808	0.134951	-0.077596	-0.207613
0.169813	0.134681	-0.077269	-0.206629
0.169813	0.133982	-0.078908	-0.207712
0.169784	0.134064	-0.076807	-0.205709
0.169838	0.133872	-0.075260	-0.206548
0.169822	0.132090	-0.077055	-0.206158
0.169760	0.134288	-0.077885	-0.205970
0.169713	0.132914	-0.077547	-0.208036
0.169818	0.133474	-0.079462	-0.205270
0.169758	0.132458	-0.079513	-0.205973
0.169759	0.131981	-0.079229	-0.208282
0.169829	0.131943	-0.080544	-0.207845
0.169873	0.132515	-0.079107	-0.206406
0.169690	0.131187	-0.079276	-0.206676
0.169820	0.132001	-0.080371	-0.207250
0.169775	0.131617	-0.079272	-0.207555
0.169833	0.130060	-0.079754	-0.205921
0.169659	0.130314	-0.080844	-0.208109
0.169887	0.131661	-0.081357	-0.207387
0.169568	0.132098	-0.081643	-0.207689
0.170204	0.130049	-0.081797	-0.207330
0.167725	0.130224	-0.082675	-0.207114
0.164457	0.128820	-0.081568	-0.206752
0.164984	0.130665	-0.081420	-0.207223
0.164597	0.128766	-0.083235	-0.206510
0.164923	0.129261	-0.082656	-0.207352
0.164773	0.129676	-0.080613	-0.207797
0.164791	0.128373	-0.082164	-0.205893
0.164727	0.129224	-0.082891	-0.206672
0.164786	0.129155	-0.082717	-0.207635
0.164778	0.128167	-0.080825	-0.208139
0.164785	0.127768	-0.082187	-0.207883
0.164846	0.128360	-0.083945	-0.208610
0.164736	0.127131	-0.081207	-0.206644
0.164767	0.126997	-0.083138	-0.207464
0.164782	0.126038	-0.081023	-0.208262
0.164775	0.125749	-0.081746	-0.207114
0.164767	0.126932	-0.080866	-0.207029
0.164751	0.124353	-0.079445	-0.206475
0.164805	0.124966	-0.079514	-0.207427
0.164780	0.124405	-0.080515	-0.206687
0.164748	0.125242	-0.081968	-0.206875
0.164777	0.125718	-0.083168	-0.206008
0.164790	0.127040	-0.082302	-0.208185
0.164793	0.126680	-0.082247	-0.206370
0.164772	0.127643	-0.083358	-0.206255
0.164760	0.127753	-0.083018	-0.206036
0.164773	0.127738	-0.083272	-0.206232
0.164778	0.128035	-0.082370	-0.205980
0.164852	0.127813	-0.083533	-0.207386
0.164849	0.128440	-0.085705	-0.206414
0.164762	0.126682	-0.085804	-0.207484
0.164816	0.128179	-0.085862	-0.208018
0.164775	0.128328	-0.085451	-0.207405
0.164826	0.127852	-0.084878	-0.207575
0.164788	0.127540	-0.084672	-0.207577
0.164881	0.126598	-0.085392	-0.207749
0.164703	0.127450	-0.084115	-0.209124
0.164845	0.128270	-0.083511	-0.207419
0.164765	0.129489	-0.083761	-0.207752
0.164845	0.128328	-0.083527	-0.207118
0.164738	0.127990	-0.081911	-0.206479
0.164801	0.128234	-0.080610	-0.206087
0.164810	0.128895	-0.080835	-0.206134
0.164760	0.127656	-0.080401	-0.206869
0.164827	0.129723	-0.081366	-0.207708
0.164775	0.129566	-0.080657	-0.207797
0.164819	0.130911	-0.079376	-0.206163
0.164762	0.129899	-0.079142	-0.206905
0.164768	0.129847	-0.078717	-0.205670
0.164872	0.131288	-0.077861	-0.206287
0.164837	0.130364	-0.078009	-0.205955
0.164765	0.131170	-0.077683	-0.207600
0.164787	0.133431	-0.075640	-0.206766
0.164772	0.134450	-0.075488	-0.207821
0.164797	0.135049	-0.076460	-0.206451
0.164815	0.137093	-0.076275	-0.206778
0.164800	0.137574	-0.078502	-0.206801
0.164842	0.140053	-0.078652	-0.207729
0.164747	0.141555	-0.078915	-0.207174
0.164929	0.141767	-0.079476	-0.207652
0.164194	0.143816	-0.081537	-0.206299
0.159838	0.144177	-0.082351	-0.205189
0.159690	0.145475	-0.082849	-0.206909
0.159655	0.147430	-0.085634	-0.206776
0.159765	0.148599	-0.086185	-0.208335
0.159566	0.149132	-0.088958	-0.207452
0.159790	0.150791	-0.087927	-0.207400
0.159583	0.151468	-0.091912	-0.206108
0.159868	0.153734	-0.092233	-0.206401
0.159625	0.154068	-0.093372	-0.205189
0.159871	0.154668	-0.094048	-0.207065
0.159499	0.156923	-0.093795	-0.206969
0.160010	0.157244	-0.096850	-0.206157
0.156725	0.156549	-0.099639	-0.206733
0.154252	0.158552	-0.098976	-0.207018
0.154959	0.160464	-0.099179	-0.206528
0.154564	0.161258	-0.102262	-0.207850
0.154812	0.162597	-0.100969	-0.207976
0.154709	0.160462	-0.103189	-0.207374
0.154805	0.162401	-0.102920	-0.207835
0.154629	0.161627	-0.102001	-0.206211
0.154870	0.162195	-0.103381	-0.206732
0.154535	0.164411	-0.103543	-0.205596
0.154730	0.164159	-0.103458	-0.206306
0.154633	0.165954	-0.101944	-0.206802
0.154860	0.164607	-0.102204	-0.205954
0.154575	0.165948	-0.102201	-0.206494
0.154889	0.165106	-0.102003	-0.206503
0.154368	0.168413	-0.100984	-0.205625
0.157919	0.167632	-0.100113	-0.206785
0.160123	0.166996	-0.101808	-0.206682
0.159481	0.165639	-0.101698	-0.207117
0.159888	0.164938	-0.101004	-0.206597
0.159509	0.165411	-0.099925	-0.205409
0.160035	0.166153	-0.099196	-0.206763
0.159395	0.164052	-0.099166	-0.206430
0.163048	0.164179	-0.096681	-0.207643
0.165142	0.163674	-0.098676	-0.206207
0.164589	0.164610	-0.098543	-0.205437
0.164905	0.161228	-0.098136	-0.207460
0.164650	0.163616	-0.095227	-0.206213
0.165033	0.162563	-0.096146	-0.208185
0.164472	0.162530	-0.095072	-0.207427
0.168219	0.162048	-0.093495	-0.208105
0.170111	0.161023	-0.093260	-0.206073
0.169503	0.159927	-0.094419	-0.206885
0.169970	0.161414	-0.092039	-0.206717
0.169679	0.161839	-0.090188	-0.205544
0.169874	0.161623	-0.089030	-0.206166
0.169659	0.161029	-0.087917	-0.207003
0.169991	0.159458	-0.089249	-0.206673
0.169514	0.161038	-0.087973	-0.205950
0.170868	0.160509	-0.085903	-0.208118
0.174928	0.158724	-0.085479	-0.206041
0.174639	0.159445	-0.086426	-0.208096
0.174864	0.161283	-0.084606	-0.207134
0.174704	0.159475	-0.084460	-0.206479
0.174896	0.162364	-0.084588	-0.205826
0.174721	0.161875	-0.083485	-0.206236
0.174859	0.162030	-0.083469	-0.207483
0.174727	0.163319	-0.086480	-0.207620
0.174771	0.162941	-0.084855	-0.206686
0.174807	0.165260	-0.083919	-0.206980
0.174719	0.162617	-0.085214	-0.206612
0.174796	0.164560	-0.085457	-0.206331
0.174793	0.164380	-0.085769	-0.207678
0.174741	0.165058	-0.084463	-0.206222
0.174765	0.164550	-0.083767	-0.206319
0.174736	0.165178	-0.084667	-0.205356
0.174707	0.168343	-0.085133	-0.206411
0.174768	0.168467	-0.086264	-0.206160
0.174824	0.169027	-0.087496	-0.206087
0.174719	0.168494	-0.088912	-0.206842
0.174751	0.170628	-0.089799	-0.205568
0.174787	0.172033	-0.091092	-0.205861
0.174870	0.173140	-0.092078	-0.207144
0.174728	0.173557	-0.093676	-0.207192
0.174724	0.173791	-0.094866	-0.206325
0.174739	0.173276	-0.097171	-0.206071
0.174877	0.174832	-0.095376	-0.207664
0.174643	0.175790	-0.098269	-0.205673
0.175007	0.175451	-0.099700	-0.205635
0.170919	0.177688	-0.100219	-0.206399
0.169487	0.179155	-0.101569	-0.206356
0.169914	0.180024	-0.103677	-0.206805
0.169723	0.180636	-0.103049	-0.207025
0.169862	0.181124	-0.106400	-0.206072
0.169758	0.179065	-0.106646	-0.206275
0.169741	0.179860	-0.106493	-0.206500
0.169764	0.178308	-0.107033	-0.205556
0.169748	0.178261	-0.105776	-0.205449
0.169837	0.178022	-0.107003	-0.206180
0.169702	0.178749	-0.106724	-0.205563
0.169866	0.179773	-0.107905	-0.206894
0.169665	0.178343	-0.108896	-0.206058
0.173793	0.180538	-0.108546	-0.206849
0.174997	0.178398	-0.107880	-0.207302
0.174713	0.176988	-0.107355	-0.207412
0.174835	0.177857	-0.105969	-0.206349
0.174751	0.176810	-0.105442	-0.206587
0.174816	0.176579	-0.104033	-0.207380
0.174805	0.175900	-0.103078	-0.205534
0.174691	0.174470	-0.104483	-0.206176
0.174934	0.175127	-0.102926	-0.205120
0.174638	0.173461	-0.103379	-0.206290
0.174988	0.172642	-0.101733	-0.206637
0.174410	0.172204	-0.099332	-0.206780
0.176493	0.169662	-0.099403	-0.207070
0.180258	0.168641	-0.098378	-0.205294
0.179684	0.167066	-0.096953	-0.206470
0.180049	0.166180	-0.094998	-0.206772
0.179728	0.165878	-0.095799	-0.206884
0.179932	0.165520	-0.092674	-0.207206
0.179866	0.162005	-0.093346	-0.207028
0.179996	0.162243	-0.092653	-0.206753
0.179749	0.160711	-0.089070	-0.207667
0.179955	0.159468	-0.089613	-0.207897
0.179718	0.160248	-0.087946	-0.207034
0.183947	0.157589	-0.086590	-0.205278
0.185145	0.154708	-0.085117	-0.207622
0.184737	0.155028	-0.083059	-0.205150
0.184948	0.155126	-0.082745	-0.206543
0.184832	0.154805	-0.081809	-0.205572
0.184847	0.153361	-0.082247	-0.206195
0.184885	0.153711	-0.082223	-0.206979
0.184899	0.152507	-0.082092	-0.206082
0.184915	0.151883	-0.079994	-0.207137
0.184920	0.148540	-0.081533	-0.207351
0.184798	0.150527	-0.079870	-0.206527
0.180535	0.150779	-0.077972	-0.206887
0.179696	0.150333	-0.081490	-0.206661
0.179924	0.148401	-0.078264	-0.205222
0.179852	0.148863	-0.076718	-0.205038
0.179960	0.146341	-0.078501	-0.206373
0.179834	0.147414	-0.081542	-0.206206
0.179919	0.150700	-0.081227	-0.207594
0.179864	0.149084	-0.082756	-0.207073
0.179869	0.150427	-0.083473	-0.206177
0.179738	0.149934	-0.084727	-0.206841
0.175377	0.149270	-0.088526	-0.206166
0.174657	0.150479	-0.087240	-0.207667
0.174839	0.150344	-0.089918	-0.208482
0.174751	0.149745	-0.091743	-0.207599
0.174778	0.150939	-0.094061	-0.207351
0.174762	0.149962	-0.095934	-0.206844
0.174856	0.151518	-0.097367	-0.205925
0.174512	0.152884	-0.098358	-0.206577
0.170244	0.155434	-0.099707	-0.206426
0.169695	0.154482	-0.100620	-0.208713
0.169823	0.156100	-0.103331	-0.206923
0.169813	0.155773	-0.103525	-0.207734
0.169892	0.157241	-0.104139	-0.208142
0.169785	0.156480	-0.105848	-0.208187
0.169496	0.158119	-0.105869	-0.207271
0.165197	0.158927	-0.103949	-0.206824
0.164721	0.159032	-0.107064	-0.207782
0.164811	0.160189	-0.105430	-0.206410
0.164803	0.161980	-0.105213	-0.207276
0.164837	0.160922	-0.107063	-0.206626
0.164763	0.161658	-0.108016	-0.207000
0.164796	0.163989	-0.106009	-0.207419
0.164734	0.162883	-0.107646	-0.206517
0.164796	0.164589	-0.106702	-0.206008
0.164881	0.164161	-0.106160	-0.207146
0.164845	0.165409	-0.108184	-0.207168
0.164798	0.164648	-0.106632	-0.205255
0.164745	0.165585	-0.108578	-0.205513
0.165165	0.166091	-0.107425	-0.206983
0.169499	0.165400	-0.106279	-0.205584
0.169787	0.167041	-0.106607	-0.207550
0.169773	0.167525	-0.105820	-0.206029
0.169845	0.167719	-0.107263	-0.206464
0.169787	0.167401	-0.105339	-0.205648
0.169824	0.168947	-0.105176	-0.207575
0.169764	0.169594	-0.105063	-0.206505
0.169751	0.169530	-0.103409	-0.206498
0.169771	0.169731	-0.102120	-0.207820
0.169792	0.170728	-0.101931	-0.206836
0.169787	0.169321	-0.103135	-0.206337
0.169773	0.170658	-0.102137	-0.207668
0.169896	0.174557	-0.102782	-0.206158
0.169822	0.172212	-0.100388	-0.207454
0.169797	0.172209	-0.099808	-0.206974
0.169745	0.173334	-0.099521	-0.207310
0.169776	0.173631	-0.098887	-0.206689
0.169700	0.172744	-0.097020	-0.207060
0.169912	0.175681	-0.097581	-0.208665
0.169682	0.174474	-0.096748	-0.207807
0.169985	0.173794	-0.096915	-0.206228
0.169432	0.174934	-0.093780	-0.206668
0.172669	0.175332	-0.094958	-0.208113
0.175220	0.175367	-0.094548	-0.206509
0.174546	0.175230	-0.091029	-0.205424
0.174963	0.175017	-0.091118	-0.206044
0.174683	0.174771	-0.090153	-0.207277
0.174943	0.174880	-0.091159	-0.206076
0.174670	0.175997	-0.092500	-0.207425
0.174934	0.172991	-0.092213	-0.206494
0.174709	0.173503	-0.091860	-0.205156
0.174716	0.173009	-0.092538	-0.206295
0.174771	0.174273	-0.093315	-0.205191
0.174844	0.175819	-0.091623	-0.206986
0.174758	0.174919	-0.093794	-0.206587
0.174788	0.173391	-0.093675	-0.207075
0.174709	0.173347	-0.093659	-0.206207
0.174756	0.173574	-0.095111	-0.206280
0.174760	0.173589	-0.096591	-0.207704
0.174841	0.175291	-0.099089	-0.205646
0.174776	0.175337	-0.098970	-0.207128
0.174844	0.175575	-0.101382	-0.206953
0.174776	0.175232	-0.101439	-0.205884
0.174713	0.176071	-0.102917	-0.206986
0.174780	0.173950	-0.103698	-0.206579
0.174798	0.176644	-0.106056	-0.208961
0.174817	0.174248	-0.107310	-0.206277
0.174776	0.173960	-0.107180	-0.206312
0.174793	0.174178	-0.108428	-0.205949
0.174729	0.174019	-0.110195	-0.207129
0.174766	0.174619	-0.109800	-0.206495
0.174786	0.172493	-0.110591	-0.206101
0.174788	0.172207	-0.113090	-0.206370
0.174831	0.171991	-0.109674	-0.206500
0.174722	0.171477	-0.111793	-0.205732
0.174831	0.169989	-0.109800	-0.207001
0.174704	0.170099	-0.111194	-0.206657
0.174854	0.171762	-0.110846	-0.205409
0.174736	0.170186	-0.109205	-0.207389
0.174879	0.169906	-0.109085	-0.206150
0.174628	0.167068	-0.108147	-0.206847
0.174950	0.167169	-0.106024	-0.205865
0.174515	0.166667	-0.108555	-0.205662
0.178241	0.166285	-0.105983	-0.206366
0.180356	0.165117	-0.107494	-0.204771
0.179651	0.165317	-0.105474	-0.206038
0.180146	0.164698	-0.102391	-0.206170
0.179567	0.163858	-0.104852	-0.206359
0.181009	0.161875	-0.102973	-0.207470
0.185043	0.161443	-0.101436	-0.206320
0.184734	0.159725	-0.103177	-0.207400
0.184993	0.159647	-0.100015	-0.207964
0.184752	0.160611	-0.099515	-0.206673
0.185101	0.159340	-0.100263	-0.205908
0.184606	0.159592	-0.098401	-0.206091
0.188190	0.157878	-0.096854	-0.207100
0.189939	0.155983	-0.098690	-0.207518
0.189498	0.157814	-0.095024	-0.206047
0.189768	0.155973	-0.096039	-0.206477
0.189543	0.155519	-0.093741	-0.206814
0.189695	0.156284	-0.092809	-0.205384
0.189590	0.152821	-0.093272	-0.206846
0.189771	0.153326	-0.092679	-0.206217
0.189592	0.153571	-0.090840	-0.208697
0.189755	0.154033	-0.089541	-0.206747
0.189449	0.152702	-0.087768	-0.207600
0.189741	0.151891	-0.085660	-0.205792
0.189531	0.152239	-0.086299	-0.206826
0.189982	0.149332	-0.085590	-0.207252
0.188457	0.152080	-0.084450	-0.206356
0.184642	0.151272	-0.082315	-0.205477
0.185102	0.150826	-0.083804	-0.206175
0.184787	0.155099	-0.082916	-0.204808
0.185024	0.155411	-0.083879	-0.207820
0.184744	0.155619	-0.082691	-0.207385
0.185034	0.158509	-0.082963	-0.205848
0.184689	0.157753	-0.085865	-0.207343
0.185195	0.158544	-0.084830	-0.206287
0.180929	0.160390	-0.086407	-0.206872
0.179650	0.161563	-0.087417	-0.206037
0.179936	0.162656	-0.089598	-0.207569
0.179916	0.165431	-0.089847	-0.205865
0.179749	0.164340	-0.090887	-0.207077
0.180155	0.165425	-0.092456	-0.205771
0.178497	0.168076	-0.090788	-0.206534
0.174430	0.169989	-0.092916	-0.207696
0.175025	0.169284	-0.094480	-0.206638
0.174584	0.172372	-0.095685	-0.207182
0.175027	0.172213	-0.096145	-0.206354
0.174566	0.172436	-0.096210	-0.206119
0.175039	0.174231	-0.097290	-0.206911
0.170792	0.174357	-0.099863	-0.207772
0.169607	0.174621	-0.096098	-0.206027
0.169911	0.174459	-0.096967	-0.206311
0.169730	0.176699	-0.098780	-0.207694
0.169832	0.176648	-0.098124	-0.206281
0.169789	0.175470	-0.096657	-0.207149
0.169917	0.179092	-0.098239	-0.207080
0.169753	0.178370	-0.095989	-0.206904
0.169782	0.180166	-0.095709	-0.205065
0.169718	0.177428	-0.096775	-0.206180
0.169813	0.180009	-0.094371	-0.205217
0.169779	0.181712	-0.094322	-0.206775
0.169873	0.180218	-0.094881	-0.206311
0.169803	0.182985	-0.095655	-0.205888
0.169832	0.182464	-0.093346	-0.205948
0.169723	0.183843	-0.094642	-0.206086
0.169824	0.182950	-0.093002	-0.206395
0.169748	0.184305	-0.094919	-0.207966
0.169869	0.184928	-0.094765	-0.205967
0.169676	0.183744	-0.094211	-0.205665
0.169913	0.184377	-0.093878	-0.206563
0.169453	0.184367	-0.093151	-0.206364
0.171667	0.183799	-0.092876	-0.206336
0.175148	0.183579	-0.092993	-0.208496
0.174605	0.183786	-0.092840	-0.207048
0.174871	0.183165	-0.092286	-0.205438
0.174676	0.184146	-0.093609	-0.207052
0.174800	0.183410	-0.090904	-0.205195
0.174684	0.182963	-0.091221	-0.206160
0.174860	0.182940	-0.088685	-0.205937
0.174762	0.181123	-0.088252	-0.206565
0.174806	0.180055	-0.088501	-0.206096
0.174767	0.178250	-0.089366	-0.206607
0.174743	0.178154	-0.089312	-0.207458
0.174714	0.178196	-0.089514	-0.207067
0.174767	0.176755	-0.087827	-0.207179
0.174837	0.174910	-0.087335	-0.207776
0.174771	0.177127	-0.088369	-0.206876
0.174728	0.175400	-0.087805	-0.207221
0.174797	0.173398	-0.089610	-0.206923
0.174826	0.173145	-0.091251	-0.205717
0.174849	0.174795	-0.091374	-0.205037
0.174801	0.170200	-0.093024	-0.205913
0.174728	0.169284	-0.092436	-0.206138
0.174810	0.170352	-0.092648	-0.205608
0.174860	0.168288	-0.093566	-0.205850
0.174795	0.167344	-0.093480	-0.207415
0.174802	0.166923	-0.093888	-0.206552
0.174812	0.165728	-0.093176	-0.205741
0.174815	0.165129	-0.093810	-0.206458
0.174777	0.164799	-0.094077	-0.204665
0.174771	0.163851	-0.095250	-0.206455
0.174778	0.161469	-0.093649	-0.206032
0.174726	0.162769	-0.094425	-0.205742
0.174792	0.160069	-0.095507	-0.206889
0.174758	0.159358	-0.094524	-0.206121
0.174763	0.160650	-0.094987	-0.206370
0.174758	0.159865	-0.095721	-0.206730
0.174790	0.159026	-0.095633	-0.206317
0.174719	0.157986	-0.094316	-0.206613
0.174767	0.156603	-0.094200	-0.207028
0.174738	0.156391	-0.094405	-0.206148
0.174744	0.153979	-0.093314	-0.206671
0.174841	0.153828	-0.093959	-0.204219
0.174821	0.153010	-0.091816	-0.206137
0.174837	0.151537	-0.091847	-0.206765
0.174807	0.153054	-0.091292	-0.206274
0.174839	0.151667	-0.090581	-0.206712
0.174812	0.151488	-0.089917	-0.207441
0.174767	0.151916	-0.091820	-0.206510
0.174901	0.151305	-0.091184	-0.205650
0.174766	0.153421	-0.090942	-0.206376
0.175167	0.150605	-0.091197	-0.206052
0.179523	0.151263	-0.092846	-0.207817
0.179913	0.152956	-0.091234	-0.207424
0.179845	0.152217	-0.092842	-0.206043
0.179897	0.152177	-0.091931	-0.205865
0.179896	0.151512	-0.091080	-0.206309
0.179881	0.153207	-0.091093	-0.205636
0.179813	0.152712	-0.089952	-0.206755
0.179986	0.149985	-0.089032	-0.206805
0.179849	0.149449	-0.087562	-0.206220
0.180040	0.149654	-0.086171	-0.207000
0.179879	0.147970	-0.085546	-0.205703
0.179937	0.147991	-0.087640	-0.206337
0.179852	0.147873	-0.086567	-0.205070
0.180022	0.147729	-0.086140	-0.207407
0.179334	0.147323	-0.085967	-0.206216
0.174968	0.146519	-0.083865	-0.205868
0.174780	0.147254	-0.084552	-0.205214
0.174777	0.148180	-0.084158	-0.207172
0.174664	0.147619	-0.084661	-0.207312
0.174821	0.149551	-0.085300	-0.207452
0.174780	0.148291	-0.085029	-0.206226
0.174766	0.149912	-0.084899	-0.207218
0.174711	0.149101	-0.086265	-0.206950
0.174966	0.148683	-0.084838	-0.206361
0.174588	0.147807	-0.084582	-0.206978
0.175165	0.151041	-0.085412	-0.206817
0.171983	0.151159	-0.085954	-0.206354
0.169384	0.151998	-0.087314	-0.207197
0.170014	0.151148	-0.088724	-0.208931
0.169528	0.151035	-0.090678	-0.206996
0.169976	0.153858	-0.090083	-0.206832
0.169561	0.153922	-0.093087	-0.206177
0.170071	0.154078	-0.092131	-0.207253
0.169532	0.154132	-0.095016	-0.208547
0.170208	0.154398	-0.094413	-0.205949
0.166768	0.157371	-0.094796	-0.206559
0.164489	0.157754	-0.096580	-0.205988
0.164929	0.157787	-0.100060	-0.205833
0.164797	0.159417	-0.099254	-0.206176
0.164824	0.159576	-0.099450	-0.206961
0.164861	0.159334	-0.100433	-0.205661
0.164664	0.161558	-0.102066	-0.207455
0.165123	0.162307	-0.101624	-0.207737
0.161662	0.161540	-0.101227	-0.207416
0.159282	0.161081	-0.101024	-0.207396
0.159866	0.161543	-0.103305	-0.207530
0.159567	0.162831	-0.102714	-0.207067
0.159783	0.161607	-0.101930	-0.206791
0.159669	0.161150	-0.102128	-0.207078
0.159773	0.162635	-0.101652	-0.206708
0.159726	0.163150	-0.101914	-0.206400
0.159726	0.162110	-0.102864	-0.207052
0.159759	0.163395	-0.102752	-0.208303
0.159706	0.164420	-0.102078	-0.207290
0.159665	0.164953	-0.103590	-0.205668
0.159652	0.165870	-0.105339	-0.206642
0.159706	0.165911	-0.105925	-0.206365
0.159689	0.166233	-0.106314	-0.208293
0.159763	0.168667	-0.105957	-0.207242
0.159458	0.169576	-0.105571	-0.207541
0.160751	0.167344	-0.106915	-0.206716
0.164884	0.168413	-0.106176	-0.206545
0.164704	0.167068	-0.105563	-0.205605
0.164834	0.165802	-0.104835	-0.207449
0.164748	0.165718	-0.103753	-0.206718
0.164914	0.166185	-0.105379	-0.205919
0.164761	0.166894	-0.103600	-0.207761
0.164792	0.165584	-0.102276	-0.206999
0.164755	0.165340	-0.102711	-0.207183
0.164788	0.164950	-0.102635	-0.205039
0.164755	0.165490	-0.103410	-0.207251
0.164819	0.164626	-0.101798	-0.208665
0.164706	0.164930	-0.100505	-0.206633
0.164821	0.165613	-0.103167	-0.207107
0.164800	0.165747	-0.103911	-0.207352
0.164894	0.166531	-0.105910	-0.205610
0.164783	0.164415	-0.105218	-0.207349
0.164824	0.164975	-0.105057	-0.207006
0.164752	0.167305	-0.106556	-0.206371
0.164820	0.166719	-0.108025	-0.205720
0.164678	0.166928	-0.109333	-0.206891
0.164914	0.168714	-0.108943	-0.208169
0.164712	0.168927	-0.109913	-0.205435
0.164928	0.170801	-0.112293	-0.206134
0.164466	0.171801	-0.114351	-0.207691
0.168167	0.173242	-0.117101	-0.206544
0.170178	0.175211	-0.118398	-0.205254
0.169641	0.174709	-0.118992	-0.206200
0.169930	0.176917	-0.121243	-0.205929
0.169705	0.179399	-0.121214	-0.206796
0.169820	0.180603	-0.123462	-0.208362
0.169743	0.180452	-0.126124	-0.206599
0.169817	0.183536	-0.126097	-0.204923
0.169750	0.184910	-0.127574	-0.206887
0.169830	0.184020	-0.127889	-0.207999
0.169763	0.185983	-0.128640	-0.205632
0.169868	0.187597	-0.129760	-0.206934
0.169928	0.189200	-0.129603	-0.207551
0.169716	0.189981	-0.130706	-0.206190
0.169849	0.192906	-0.130239	-0.206379
0.169729	0.192319	-0.129606	-0.207956
0.169956	0.196044	-0.127455	-0.205997
0.169691	0.194425	-0.129539	-0.205215
0.169906	0.194869	-0.129783	-0.207083
0.169585	0.195570	-0.128603	-0.206309
0.173613	0.196500	-0.129778	-0.206340
0.175057	0.199453	-0.127604	-0.204842
0.174678	0.198749	-0.128324	-0.206093
0.174807	0.197919	-0.126494	-0.206999
0.174800	0.196780	-0.123936	-0.205890
0.174737	0.199654	-0.124831	-0.206589
0.174925	0.199437	-0.124714	-0.206718
0.174637	0.199593	-0.123876	-0.205725
0.178776	0.197632	-0.123877	-0.206647
0.180064	0.196959	-0.121040	-0.207412
0.179763	0.197465	-0.120471	-0.205670
0.179914	0.198020	-0.119028	-0.204478
0.179909	0.197018	-0.118338	-0.205963
0.179867	0.195464	-0.116415	-0.206400
0.183893	0.194967	-0.114107	-0.205479
0.185143	0.193122	-0.113287	-0.205651
0.184757	0.192137	-0.111115	-0.205870
0.184961	0.192477	-0.109693	-0.206066
0.184847	0.191224	-0.106569	-0.206855
0.184970	0.191527	-0.107017	-0.205831
0.184924	0.188508	-0.104755	-0.207138
0.184874	0.189870	-0.104903	-0.206916
0.184904	0.188883	-0.104221	-0.206036
0.184801	0.188940	-0.101440	-0.207131
0.185009	0.188167	-0.101774	-0.205805
0.184747	0.185897	-0.100822	-0.206584
0.185063	0.185574	-0.099597	-0.206064
0.184544	0.184913	-0.100446	-0.204556
0.186549	0.181715	-0.100417	-0.207137
0.190022	0.181617	-0.099071	-0.206074
0.189419	0.179878	-0.097621	-0.206242
0.189803	0.178295	-0.096835	-0.205691
0.189528	0.177816	-0.096060	-0.207396
0.189758	0.175798	-0.095328	-0.206559
0.189546	0.173053	-0.095502	-0.205974
0.189699	0.170889	-0.094802	-0.205658
0.189616	0.169346	-0.097211	-0.203853
0.189682	0.165346	-0.093206	-0.205308
0.189631	0.164688	-0.093141	-0.206266
0.189746	0.162242	-0.090281	-0.205491
0.189641	0.159497	-0.092973	-0.206710
0.189652	0.157316	-0.092775	-0.206096
0.185567	0.156529	-0.095123	-0.204536
0.184751	0.154406	-0.096300	-0.206618
0.184979	0.152347	-0.095845	-0.207459
0.184810	0.151349	-0.096671	-0.205423
0.184958	0.150114	-0.097477	-0.205727
0.184852	0.148351	-0.097929	-0.206509
0.184946	0.146595	-0.099472	-0.207488
0.184876	0.146990	-0.099052	-0.206277
0.184950	0.144435	-0.098938	-0.205670
0.184818	0.141351	-0.100239	-0.208006
0.184886	0.142258	-0.101101	-0.207664
0.184857	0.139936	-0.101541	-0.206058
0.184905	0.138375	-0.102474	-0.206034
0.184960	0.136314	-0.104044	-0.205826
0.184884	0.134547	-0.102815	-0.204679
0.184892	0.135425	-0.101798	-0.207188
0.184891	0.133007	-0.102187	-0.207008
0.184897	0.132997	-0.103931	-0.206081
0.184911	0.130120	-0.102682	-0.205037
0.184885	0.128862	-0.101811	-0.207027
0.184925	0.127669	-0.099932	-0.205355
0.184842	0.127254	-0.099690	-0.206147
0.184918	0.126391	-0.097270	-0.206091
0.184910	0.123472	-0.094927	-0.205616
0.184913	0.121542	-0.094285	-0.207716
0.184896	0.119160	-0.092337	-0.205086
0.184885	0.117783	-0.089677	-0.205929
0.184904	0.114146	-0.088191	-0.207032
0.184993	0.114857	-0.086537	-0.206414
0.184856	0.115468	-0.083840	-0.206668
0.184951	0.112555	-0.083037	-0.206395
0.184935	0.112193	-0.082374	-0.205031
0.184987	0.110262	-0.079767	-0.207577
0.184780	0.109253	-0.078258	-0.206493
0.184865	0.107891	-0.079063	-0.206163
0.184816	0.108168	-0.078109	-0.206411
0.184954	0.108096	-0.078281	-0.206979
0.184820	0.107091	-0.076635	-0.206983
0.185113	0.106642	-0.077975	-0.206558
0.184662	0.106728	-0.078095	-0.207049
0.185274	0.108135	-0.077204	-0.207118
0.182380	0.108062	-0.078428	-0.206523
0.179414	0.106981	-0.077225	-0.207417
0.180198	0.106341	-0.075866	-0.205627
0.179657	0.105430	-0.075396	-0.208259
0.180054	0.105421	-0.075033	-0.207817
0.179378	0.106363	-0.073750	-0.206473
0.175234	0.105796	-0.073170	-0.205547
0.174620	0.105942	-0.072511	-0.206555
0.174997	0.106818	-0.072774	-0.206792
0.174188	0.107251	-0.073478	-0.208347
0.170177	0.109344	-0.076852	-0.208271
0.169701	0.111515	-0.076511	-0.205458
0.169973	0.111272	-0.079002	-0.206941
0.169570	0.114808	-0.077655	-0.208675
0.170184	0.116496	-0.079475	-0.206617
0.167013	0.115633	-0.083366	-0.207267
0.164367	0.118001	-0.084469	-0.206356
0.165097	0.117945	-0.085989	-0.206490
0.164575	0.119736	-0.087304	-0.206443
0.165117	0.119362	-0.088190	-0.206517
0.164470	0.121319	-0.086259	-0.205878
0.165390	0.120577	-0.085783	-0.207476
0.161711	0.119439	-0.087633	-0.206190
0.159439	0.120735	-0.087958	-0.207240
0.159851	0.120701	-0.088990	-0.206708
0.159713	0.122286	-0.090289	-0.206910
0.159617	0.121372	-0.089540	-0.206785
0.160014	0.122123	-0.088547	-0.207079
0.156804	0.124211	-0.088584	-0.206761
0.154208	0.123720	-0.088670	-0.206053
0.154953	0.125435	-0.089654	-0.208353
0.154497	0.123027	-0.089649	-0.207286
0.154945	0.122508	-0.087145	-0.206320
0.154661	0.122968	-0.087510	-0.206683
0.154768	0.122079	-0.084934	-0.207009
0.154585	0.124116	-0.083784	-0.206458
0.154806	0.123106	-0.085058	-0.205309
0.154683	0.122935	-0.083766	-0.206846
0.154686	0.123118	-0.082893	-0.205562
0.154619	0.120906	-0.081789	-0.206792
0.154841	0.122169	-0.080745	-0.207156
0.154475	0.122685	-0.080503	-0.205529
0.155002	0.120701	-0.080808	-0.206145
0.154289	0.120890	-0.078069	-0.206580
0.157895	0.120894	-0.076861	-0.207156
0.160109	0.120543	-0.076164	-0.207357
0.159484	0.118353	-0.074973	-0.205380
0.159861	0.120239	-0.075066	-0.206025
0.159585	0.120040	-0.074715	-0.205864
0.159783	0.120601	-0.073356	-0.206649
0.159689	0.119378	-0.073914	-0.208078
0.159793	0.118941	-0.073304	-0.206558
0.159698	0.120403	-0.071250	-0.205437
0.159729	0.120796	-0.070878	-0.206138
0.159640	0.120640	-0.070597	-0.206461
0.159708	0.118659	-0.070267	-0.205761
0.159782	0.118736	-0.070316	-0.206667
0.159748	0.119269	-0.068840	-0.206064
0.159705	0.119822	-0.069678	-0.205572
0.159703	0.119180	-0.071869	-0.205814
0.159713	0.119382	-0.068668	-0.206829
0.159713	0.118652	-0.069009	-0.206965
0.159746	0.119000	-0.068585	-0.205667
0.159749	0.120070	-0.068475	-0.206029
0.159649	0.118895	-0.067705	-0.207102
0.159750	0.118790	-0.068896	-0.206613
0.159667	0.117995	-0.068118	-0.206327
0.159661	0.117315	-0.067826	-0.206450
0.159731	0.116905	-0.066839	-0.206608
0.159721	0.116849	-0.065977	-0.207016
0.159674	0.115700	-0.067426	-0.206780
0.159714	0.116400	-0.067322	-0.206471
0.159704	0.115765	-0.068885	-0.205675
0.159728	0.117572	-0.068846	-0.206824
0.159626	0.118211	-0.072059	-0.205840
0.159793	0.118432	-0.073825	-0.206356
0.159662	0.119228	-0.073268	-0.206963
0.159824	0.117833	-0.074860	-0.206357
0.159493	0.120093	-0.077487	-0.206612
0.159942	0.120169	-0.077703	-0.205394
0.156134	0.121717	-0.079761	-0.206233
0.154336	0.121971	-0.081030	-0.207016
0.154914	0.124167	-0.081406	-0.206891
0.154599	0.123142	-0.084981	-0.206042
0.154852	0.123874	-0.084638	-0.206845
0.154652	0.126526	-0.086364	-0.207257
0.154747	0.125111	-0.088224	-0.206837
0.154706	0.126071	-0.089303	-0.206092
0.154747	0.127420	-0.089430	-0.206874
0.154691	0.126814	-0.089037	-0.205027
0.154712	0.126245	-0.088473	-0.206306
0.154696	0.126881	-0.088071	-0.206911
0.154752	0.127304	-0.087858	-0.206653
0.154662	0.126078	-0.088318	-0.206667
0.154763	0.127585	-0.087332	-0.207509
0.154590	0.127061	-0.087023	-0.205655
0.154737	0.127141	-0.087214	-0.207821
0.154623	0.126302	-0.084635	-0.206122
0.154809	0.128852	-0.084066	-0.206742
0.154583	0.126587	-0.083759	-0.206785
0.154845	0.126640	-0.082800	-0.207630
0.154474	0.126738	-0.081272	-0.206653
0.158569	0.127569	-0.083485	-0.206352
0.159981	0.130000	-0.083116	-0.207787
0.159665	0.129701	-0.082730	-0.205552
0.159616	0.129810	-0.084160	-0.207043
0.159797	0.130501	-0.087025	-0.207767
0.159424	0.131533	-0.083838	-0.205729
0.161251	0.132133	-0.084657	-0.206604
0.165171	0.133139	-0.084585	-0.207852
0.164574	0.133819	-0.084062	-0.208768
0.165002	0.134124	-0.084954	-0.207852
0.164654	0.135752	-0.082414	-0.207759
0.164905	0.134787	-0.081074	-0.205340
0.164741	0.135188	-0.079460	-0.205351
0.164842	0.135698	-0.078136	-0.206454
0.164763	0.133441	-0.078621	-0.207709
0.164842	0.134323	-0.076703	-0.206923
0.164770	0.132982	-0.077377	-0.206773
0.164798	0.135456	-0.076643	-0.207198
0.164773	0.133857	-0.076513	-0.207595
0.164797	0.133462	-0.076035	-0.206542
0.164792	0.134439	-0.075951	-0.207899
0.164768	0.134531	-0.074566	-0.205433
0.164773	0.135133	-0.072641	-0.208001
0.164827	0.136540	-0.074315	-0.206674
0.164835	0.138552	-0.073761	-0.205701
0.164786	0.139259	-0.074115	-0.205229
0.164727	0.141021	-0.076318	-0.206037
0.164849	0.140199	-0.077096	-0.207016
0.164731	0.142809	-0.077219	-0.205972
0.164841	0.143713	-0.078992	-0.207704
0.164639	0.143967	-0.079168	-0.206547
0.164820	0.145926	-0.080130	-0.207191
0.164659	0.146574	-0.083893	-0.207127
0.164918	0.147144	-0.084605	-0.206611
0.164585	0.147757	-0.085661	-0.205039
0.165155	0.149268	-0.089004	-0.206226
0.162808	0.148607	-0.089307	-0.206222
0.159402	0.149796	-0.092245	-0.207292
0.159897	0.151309	-0.094810	-0.206836
0.159608	0.152854	-0.094106	-0.206930
0.159793	0.151700	-0.096133	-0.207594
0.159636	0.151476	-0.096353	-0.208142
0.159725	0.150310	-0.096852	-0.206454
0.159652	0.150473	-0.097550	-0.206419
0.159721	0.152195	-0.097135	-0.206460
0.159749	0.151372	-0.096933	-0.205666
0.159586	0.149991	-0.100460	-0.207288
0.160085	0.149442	-0.100457	-0.206913
0.157726	0.149455	-0.099322	-0.206792
0.154168	0.148172	-0.102108	-0.207282
0.155033	0.149891	-0.099881	-0.207300
0.154328	0.148455	-0.098755	-0.207441
0.155043	0.148125	-0.100641	-0.206905
0.154111	0.147134	-0.099344	-0.206855
0.157096	0.147423	-0.099222	-0.206490
0.159927	0.146715	-0.100581	-0.206544
0.159724	0.145902	-0.099462	-0.206710
0.159621	0.147518	-0.099804	-0.206667
0.159886	0.145432	-0.098650	-0.206679
0.159281	0.145948	-0.097197	-0.206376
0.161961	0.146992	-0.097240	-0.206874
0.165271	0.147166	-0.097625	-0.205878
0.164495	0.146415	-0.095846	-0.206206
0.165018	0.145758	-0.093388	-0.205564
0.164658	0.146016	-0.092869	-0.204877
0.165145	0.145725	-0.091911	-0.205465
0.169246	0.145959	-0.093098	-0.207233
0.169995	0.144168	-0.091174	-0.207342
0.169706	0.145153	-0.090465	-0.207231
0.169862	0.145132	-0.089140	-0.205542
0.169754	0.144469	-0.090063	-0.206741
0.169876	0.144872	-0.088653	-0.207217
0.169731	0.145007	-0.088397	-0.207246
0.169788	0.145610	-0.089386	-0.206238
0.169815	0.144603	-0.089593	-0.205809
0.169818	0.147428	-0.090827	-0.205487
0.169805	0.148102	-0.090218	-0.204706
0.169844	0.149776	-0.088524	-0.204120
0.169793	0.152471	-0.087527	-0.205574
0.169839	0.151403	-0.089090	-0.205465
0.169755	0.151923	-0.087466	-0.206380
0.169740	0.153620	-0.088659	-0.207975
0.169790	0.155313	-0.088655	-0.205568
0.169782	0.154158	-0.088511	-0.207421
0.169756	0.157194	-0.091699	-0.206073
0.169792	0.159205	-0.092830	-0.205340
0.169873	0.159812	-0.091244	-0.206003
0.169792	0.160889	-0.092787	-0.207711
0.169792	0.163312	-0.095712	-0.205696
0.169788	0.164327	-0.097254	-0.206216
0.169903	0.166494	-0.098314	-0.206654
0.169339	0.167590	-0.098762	-0.206138
0.165084	0.168811	-0.101357	-0.206062
0.164716	0.169011	-0.100505	-0.206269
0.164876	0.170516	-0.102994	-0.205165
0.164753	0.173075	-0.103292	-0.206012
0.164795	0.173513	-0.106051	-0.206048
0.164787	0.173532	-0.104187	-0.206370
0.164747	0.172665	-0.104569	-0.207861
0.164865	0.173380	-0.105910	-0.205712
0.164847	0.175067	-0.105358	-0.205869
0.164834	0.174626	-0.106008	-0.206381
0.164775	0.176331	-0.106203	-0.206548
0.164758	0.174928	-0.108788	-0.206046
0.164844	0.175701	-0.107834	-0.206767
0.164817	0.175366	-0.107992	-0.206806
0.164770	0.175591	-0.109031	-0.206390
0.164761	0.177113	-0.109277	-0.206905
0.164824	0.174602	-0.109763	-0.207930
0.164780	0.174320	-0.108245	-0.204947
0.164795	0.173480	-0.107012	-0.205016
0.164762	0.173072	-0.106240	-0.206212
0.164880	0.172372	-0.107073	-0.206976
0.164657	0.171548	-0.103619	-0.206502
0.164959	0.171031	-0.102296	-0.207503
0.164395	0.168030	-0.102080	-0.206017
0.167633	0.166658	-0.098669	-0.206165
0.170203	0.165157	-0.097338	-0.207062
0.169541	0.164262	-0.096557	-0.206886
0.170009	0.162790	-0.091907	-0.207070
0.169532	0.159306	-0.092097	-0.205796
0.170004	0.159170	-0.089522	-0.207518
0.169597	0.158504	-0.088447	-0.206649
0.170529	0.155702	-0.088096	-0.203673
0.174650	0.154688	-0.085778	-0.206537
0.174805	0.154024	-0.083465	-0.206071
0.174773	0.150293	-0.083727	-0.205952
0.174778	0.149906	-0.083329	-0.205831
0.174743	0.148863	-0.081489	-0.206923
0.174810	0.147227	-0.081102	-0.207208
0.174775	0.146791	-0.080186	-0.207410
0.174869	0.145116	-0.079916	-0.206103
0.174842	0.145636	-0.080391	-0.206791
0.174782	0.142975	-0.078608	-0.207494
0.174825	0.143340	-0.077674	-0.205457
0.174788	0.142779	-0.078015	-0.208412
0.174667	0.142417	-0.078749	-0.205682
0.174871	0.140557	-0.078989	-0.206421
0.174783	0.140605	-0.079333	-0.207578
0.174910	0.142637	-0.079701	-0.207261
0.174623	0.142587	-0.080984	-0.207456
0.175150	0.143090	-0.082389	-0.205653
0.171575	0.141650	-0.083119	-0.206301
0.169331	0.144071	-0.084702	-0.206180
0.170114	0.144925	-0.085963	-0.205700
0.169591	0.145794	-0.086694	-0.204917
0.169997	0.146438	-0.088856	-0.207544
0.169575	0.147897	-0.089471	-0.207764
0.170115	0.148390	-0.090622	-0.206614
0.166362	0.147456	-0.094266	-0.205374
0.164479	0.151651	-0.095959	-0.205717
0.164973	0.151900	-0.097418	-0.206369
0.164620	0.152855	-0.098564	-0.206687
0.164928	0.152715	-0.098447	-0.206859
0.164697	0.153987	-0.099141	-0.206533
0.164926	0.153700	-0.100012	-0.205834
0.164642	0.153423	-0.099040	-0.207097
0.165143	0.155551	-0.100101	-0.206845
0.161260	0.154952	-0.098748	-0.207642
0.159349	0.155759	-0.100349	-0.208570
0.159912	0.156360	-0.099744	-0.207891
0.159581	0.157712	-0.097473	-0.206117
0.159756	0.156190	-0.099605	-0.206014
0.159576	0.155126	-0.097025	-0.205818
0.159793	0.156053	-0.097942	-0.207266
0.159704	0.154729	-0.097688	-0.207315
0.159758	0.155907	-0.094933	-0.206414
0.159637	0.155992	-0.094518	-0.205549
0.159759	0.154002	-0.095420	-0.207753
0.159669	0.154028	-0.095173	-0.206191
0.159724	0.153259	-0.090931	-0.206827
0.159548	0.153431	-0.092560	-0.206603
0.159822	0.152970	-0.093893	-0.207102
0.159338	0.152547	-0.089455	-0.206543
0.161093	0.153073	-0.089568	-0.207306
0.165017	0.152272	-0.087357	-0.207897
0.164658	0.151351	-0.087690	-0.207997
0.164849	0.148951	-0.085239	-0.206786
0.164713	0.149332	-0.085441	-0.204701
0.164869	0.149648	-0.083863	-0.204188
0.164693	0.148996	-0.081732	-0.204746
0.164830	0.150492	-0.082324	-0.208060
0.164708	0.148729	-0.079815	-0.205749
0.164753	0.146599	-0.080861	-0.205304
0.164747	0.147378	-0.082415	-0.205435
0.164903	0.146400	-0.079269	-0.206562
0.164698	0.145953	-0.078952	-0.206896
0.164817	0.144287	-0.079335	-0.206200
0.164717	0.146075	-0.080441	-0.206887
0.164865	0.144923	-0.078823	-0.206411
0.164773	0.144656	-0.078319	-0.206213
0.164846	0.142973	-0.077373	-0.206866
0.164856	0.141883	-0.075550	-0.208061
0.164830	0.142502	-0.076120	-0.209066
0.164724	0.139246	-0.074199	-0.206800
0.164880	0.139662	-0.075041	-0.206717
0.164674	0.139385	-0.074359	-0.205920
0.164890	0.137525	-0.074644	-0.207422
0.160749	0.138214	-0.076226	-0.206101
0.159455	0.139045	-0.075119	-0.204951
0.159884	0.137435	-0.075749	-0.206378
0.159664	0.137996	-0.078482	-0.207772
0.159677	0.139994	-0.079817	-0.206223
0.159670	0.137898	-0.079375	-0.206114
0.159745	0.137126	-0.081805	-0.207288
0.159863	0.137633	-0.082191	-0.205557
0.159555	0.137404	-0.084700	-0.207553
0.159999	0.138010	-0.086413	-0.205905
0.157999	0.139931	-0.087869	-0.206993
0.154304	0.138156	-0.086471	-0.207729
0.154958	0.139646	-0.089266	-0.206594
0.154563	0.141066	-0.090501	-0.207559
0.154854	0.140378	-0.092329	-0.207909
0.154657	0.143427	-0.092806	-0.207361
0.154781	0.142686	-0.092710	-0.206872
0.154699	0.143917	-0.092790	-0.207536
0.154856	0.144878	-0.094355	-0.206122
0.154721	0.144540	-0.094775	-0.206721
0.154706	0.143828	-0.094771	-0.204077
0.154583	0.146638	-0.094114	-0.206337
0.154730	0.145447	-0.095672	-0.205802
0.154767	0.144864	-0.095170	-0.207572
0.154748	0.147116	-0.095850	-0.206290
0.154678	0.146690	-0.094739	-0.206128
0.154617	0.145247	-0.094838	-0.206158
0.154728	0.145833	-0.093063	-0.206963
0.154731	0.146459	-0.094012	-0.206436
0.154743	0.147523	-0.092865	-0.205810
0.154758	0.145661	-0.090962	-0.204733
0.154736	0.143769	-0.090256	-0.207886
0.154637	0.145839	-0.089465	-0.205643
0.154793	0.144910	-0.089151	-0.206819
0.154722	0.143965	-0.087327	-0.207723
0.154776	0.143756	-0.086571	-0.206041
0.154618	0.142460	-0.086926	-0.205672
0.158873	0.141262	-0.085240	-0.206061
0.159901	0.140717	-0.085051	-0.206781
0.159615	0.140250	-0.083345	-0.206433
0.159761	0.139994	-0.083339	-0.206420
0.159718	0.139795	-0.081621	-0.207048
0.159735	0.139887	-0.082896	-0.206448
0.159770	0.139807	-0.081930	-0.206330
0.159728	0.141612	-0.080266	-0.206906
0.164011	0.140001	-0.078111	-0.206791
0.165059	0.138785	-0.077630	-0.207623
0.164653	0.138616	-0.077042	-0.205235
0.164860	0.136868	-0.075822	-0.205527
0.164773	0.136922	-0.073244	-0.206661
0.164846	0.135565	-0.072651	-0.207058
0.164762	0.137475	-0.072215	-0.206473
0.164803	0.136076	-0.070710	-0.206513
0.164767	0.134342	-0.069446	-0.206887
0.164834	0.134103	-0.069222	-0.206126
0.164549	0.133084	-0.070077	-0.205726
0.160170	0.131873	-0.069049	-0.204672
0.159626	0.131036	-0.069609	-0.205911
0.159759	0.129775	-0.069941	-0.205305
0.159680	0.130253	-0.069610	-0.205519
0.159686	0.130774	-0.068995	-0.206059
0.159681	0.130024	-0.069798	-0.205653
0.159750	0.128668	-0.070020	-0.206557
0.159696	0.126420	-0.071786	-0.205908
0.159724	0.127048	-0.071426	-0.205024
0.159641	0.127394	-0.071221	-0.205316
0.159809	0.124056	-0.073878	-0.207068
0.159364	0.123815	-0.073640	-0.207429
0.154978	0.123044	-0.074263	-0.206502
0.154661	0.122054	-0.076408	-0.205646
0.154778	0.119887	-0.075517	-0.206156
0.154694	0.122645	-0.077316	-0.206424
0.154716	0.120467	-0.076447	-0.205305
0.154807	0.118336	-0.077999	-0.205473
0.154342	0.118696	-0.079493	-0.207153
0.149837	0.118215	-0.078747	-0.207432
0.149524	0.117674	-0.079724	-0.206448
0.149610	0.117597	-0.080662	-0.205423
0.149556	0.116226	-0.081296	-0.207723
0.149528	0.115891	-0.080990	-0.206104
0.149620	0.115658	-0.082059	-0.205921
0.149580	0.114601	-0.080948	-0.206316
0.149621	0.115407	-0.083581	-0.206886
0.149607	0.116485	-0.083185	-0.206289
0.149265	0.117266	-0.081206	-0.206218
0.144914	0.115595	-0.082269	-0.206533
0.144526	0.116992	-0.082484	-0.207597
0.144595	0.118576	-0.082168	-0.207183
0.144588	0.118638	-0.084115	-0.205340
0.144577	0.119651	-0.085215	-0.206636
0.144559	0.120985	-0.083504	-0.206186
0.144612	0.121242	-0.084561	-0.206522
0.144578	0.122003	-0.083987	-0.206691
0.144603	0.122208	-0.085306	-0.205376
0.144617	0.123023	-0.082203	-0.206369
0.144572	0.124636	-0.085627	-0.205169
0.144511	0.124581	-0.084616	-0.206064
0.144600	0.126380	-0.085928	-0.206801
0.144594	0.125021	-0.084655	-0.204850
0.144630	0.125534	-0.083762	-0.207548
0.144614	0.127473	-0.084423	-0.206292
0.144671	0.126920	-0.081964	-0.206728
0.144600	0.125541	-0.083058	-0.207265
0.144554	0.127414	-0.082077	-0.205870
0.144605	0.127539	-0.084043	-0.206726
0.144617	0.128130	-0.083394	-0.207005
0.144587	0.130055	-0.081653	-0.207090
0.144602	0.130751	-0.081648	-0.208108
0.144597	0.130204	-0.082914	-0.207922
0.144579	0.130005	-0.079906	-0.206712
0.144572	0.131374	-0.079281	-0.208083
0.144541	0.132165	-0.081345	-0.206664
0.144668	0.130811	-0.079822	-0.208564
0.144520	0.130517	-0.078668	-0.207305
0.144628	0.129499	-0.079187	-0.206876
0.144582	0.129758	-0.077030	-0.206434
0.144692	0.131684	-0.075145	-0.208264
0.144383	0.132172	-0.076912	-0.206049
0.144940	0.133417	-0.081362	-0.205457
0.141615	0.135014	-0.080796	-0.207528
0.139524	0.133716	-0.080219	-0.205805
0.140073	0.135171	-0.081692	-0.206723
0.139706	0.135977	-0.082114	-0.206280
0.139891	0.136917	-0.084766	-0.206176
0.139793	0.139608	-0.085660	-0.206974
0.139979	0.140887	-0.086645	-0.205687
0.139815	0.140650	-0.089688	-0.204778
0.139814	0.140847	-0.090466	-0.207473
0.139903	0.142471	-0.092256	-0.206225
0.139798	0.144242	-0.095074	-0.205496
0.139972	0.146475	-0.096380	-0.205984
0.139723	0.147787	-0.096835	-0.207729
0.140189	0.147335	-0.098572	-0.208103
0.136660	0.148112	-0.099859	-0.207506
0.134461	0.150021	-0.103761	-0.207701
0.135044	0.148211	-0.103276	-0.207592
0.134746	0.150138	-0.105152	-0.207811
0.135019	0.151424	-0.107652	-0.208175
0.134751	0.150354	-0.106805	-0.207384
0.134944	0.151548	-0.108537	-0.206860
0.134814	0.150548	-0.108843	-0.207303
0.134965	0.150055	-0.108968	-0.208836
0.134766	0.149723	-0.106593	-0.208544
0.135024	0.151300	-0.106533	-0.207078
0.134722	0.149930	-0.107666	-0.207684
0.135023	0.149163	-0.107351	-0.207182
0.134556	0.149163	-0.105071	-0.205972
0.138327	0.149384	-0.103151	-0.205866
0.140078	0.149288	-0.105177	-0.206261
0.139720	0.149453	-0.104792	-0.207161
0.139805	0.149519	-0.103771	-0.206684
0.140000	0.150334	-0.104413	-0.207810
0.139617	0.149352	-0.103020	-0.206722
0.141016	0.151506	-0.104055	-0.207204
0.144677	0.150958	-0.102738	-0.206904
0.144582	0.150988	-0.101323	-0.206230
0.144593	0.149512	-0.101421	-0.206936
0.144672	0.150795	-0.099985	-0.207560
0.144312	0.151409	-0.099145	-0.207226
0.145850	0.151970	-0.099457	-0.207092
0.149868	0.150827	-0.099455	-0.207073
0.149393	0.151954	-0.099774	-0.206230
0.149636	0.151904	-0.101046	-0.208319
0.149542	0.152082	-0.100688	-0.206889
0.149540	0.154022	-0.099639	-0.206855
0.149666	0.152478	-0.103342	-0.208080
0.149420	0.152859	-0.103669	-0.206018
0.153349	0.153884	-0.104133	-0.206337
0.155062	0.154411	-0.105894	-0.208426
0.154516	0.157495	-0.106685	-0.206291
0.154801	0.157453	-0.107666	-0.207965
0.154605	0.158227	-0.108329	-0.208804
0.154778	0.161050	-0.109228	-0.206008
0.154693	0.159274	-0.109236	-0.206292
0.154825	0.161237	-0.110565	-0.208565
0.154768	0.162637	-0.110913	-0.206542
0.154691	0.164360	-0.109992	-0.206975
0.154768	0.164877	-0.111475	-0.207619
0.154689	0.166031	-0.111828	-0.205403
0.154736	0.167329	-0.110336	-0.206767
0.154681	0.168235	-0.112757	-0.206805
0.154634	0.168359	-0.112356	-0.207778
0.154737	0.171220	-0.113602	-0.207617
0.154737	0.172461	-0.114837	-0.204968
0.154619	0.173537	-0.115811	-0.206825
0.154806	0.176093	-0.117692	-0.205547
0.154580	0.177881	-0.117220	-0.206652
0.154936	0.179785	-0.119934	-0.207499
0.154366	0.179390	-0.121200	-0.207068
0.156266	0.183332	-0.123143	-0.208422
0.160034	0.183871	-0.123793	-0.205311
0.159575	0.183569	-0.123747	-0.205666
0.159788	0.185323	-0.126755	-0.206036
0.159630	0.186719	-0.129044	-0.205602
0.159713	0.186971	-0.130640	-0.205866
0.159738	0.188806	-0.129719	-0.206295
0.159605	0.189097	-0.131487	-0.206039
0.159804	0.189877	-0.133910	-0.205321
0.159652	0.190536	-0.134217	-0.206567
0.163843	0.190994	-0.134020	-0.206207
0.165064	0.191080	-0.134568	-0.206560
0.164647	0.192069	-0.133946	-0.205782
0.164855	0.192759	-0.137481	-0.206773
0.164693	0.192697	-0.135659	-0.206440
0.164837	0.193125	-0.134311	-0.205964
0.164881	0.193770	-0.135373	-0.206463
0.164738	0.193178	-0.134021	-0.206170
0.164824	0.193089	-0.133951	-0.206770
0.164772	0.191865	-0.132413	-0.206713
0.169034	0.189782	-0.132615	-0.206276
0.169912	0.189903	-0.131928	-0.206145
0.169798	0.192800	-0.133160	-0.207143
0.169529	0.191267	-0.129773	-0.205152
0.171665	0.192028	-0.130793	-0.206394
0.175320	0.192242	-0.129996	-0.206446
0.174352	0.191466	-0.128958	-0.206968
0.175180	0.192434	-0.130082	-0.205182
0.174257	0.191784	-0.128604	-0.206514
0.176990	0.190646	-0.127891	-0.207102
0.180126	0.191670	-0.125821	-0.206756
0.179805	0.192013	-0.127274	-0.206296
0.179903	0.191186	-0.125431	-0.206098
0.180017	0.191451	-0.125881	-0.205477
0.179580	0.192123	-0.124902	-0.206106
0.181879	0.190399	-0.124060	-0.205915
0.185373	0.189394	-0.123885	-0.205655
0.184647	0.190498	-0.123467	-0.205564
0.185242	0.189228	-0.123331	-0.206786
0.184677	0.188449	-0.124197	-0.206205
0.185256	0.189539	-0.123727	-0.205990
0.184437	0.188478	-0.125385	-0.207658
0.186936	0.188612	-0.128286	-0.206490
0.190024	0.189316	-0.127716	-0.207684
0.189469	0.188236	-0.128762	-0.205544
0.189775	0.189152	-0.129662	-0.206453
0.189640	0.189752	-0.130662	-0.205443
0.189696	0.189119	-0.130463	-0.205651
0.189557	0.189509	-0.133156	-0.205777
0.189636	0.187953	-0.132567	-0.206449
0.189709	0.188296	-0.131066	-0.205482
0.189669	0.190171	-0.132575	-0.207129
0.189687	0.189117	-0.134732	-0.207528
0.189601	0.191229	-0.136191	-0.205856
0.189761	0.190907	-0.138283	-0.204971
0.189574	0.191546	-0.140219	-0.205667
0.189739	0.192408	-0.141008	-0.206237
0.189485	0.193354	-0.142295	-0.205943
0.189853	0.195500	-0.145024	-0.206275
0.189260	0.197448	-0.146606	-0.206453
0.192074	0.199619	-0.148632	-0.205908
0.195032	0.201991	-0.148617	-0.205463
0.194495	0.204657	-0.151074	-0.205865
0.194752	0.204577	-0.152392	-0.205999
0.194548	0.207218	-0.153635	-0.206222
0.194709	0.208716	-0.154903	-0.207565
0.194600	0.211551	-0.154715	-0.205061
0.194684	0.213273	-0.155134	-0.205987
0.194565	0.213616	-0.155861	-0.206411
0.194682	0.215618	-0.157266	-0.206718
0.194628	0.217181	-0.157694	-0.205762
0.194701	0.220614	-0.158118	-0.205661
0.194650	0.221198	-0.158551	-0.206352
0.194643	0.223205	-0.159747	-0.206265
0.194624	0.223964	-0.159649	-0.205281
0.194655	0.225332	-0.159562	-0.205552
0.194623	0.227086	-0.159098	-0.205167
0.194704	0.227212	-0.159176	-0.206418
0.194640	0.228639	-0.158288	-0.205383
0.194643	0.231315	-0.156579	-0.206147
0.195055	0.231414	-0.156559	-0.206078
0.199536	0.233064	-0.155318	-0.207049
0.199608	0.234188	-0.152370	-0.205939
0.199755	0.233721	-0.150354	-0.205630
0.199513	0.232751	-0.149226	-0.205914
0.199926	0.233448	-0.146504	-0.206009
0.199174	0.234483	-0.142467	-0.206968
0.202523	0.232330	-0.138884	-0.205918
0.205077	0.232290	-0.137486	-0.205677
0.204531	0.231309	-0.135610	-0.206545
0.204856	0.227628	-0.132236	-0.205701
0.204758	0.228980	-0.129602	-0.207310
0.204659	0.226595	-0.127660	-0.205133
0.204865	0.229391	-0.123629	-0.205697
0.204361	0.227474	-0.121361	-0.204690
0.207538	0.227168	-0.117587	-0.204057
0.210099	0.223999	-0.114953	-0.205896
0.209586	0.222887	-0.111861	-0.203754
0.209838	0.222417	-0.109556	-0.206347
0.209636	0.219574	-0.104940	-0.205781
0.209720	0.218505	-0.104139	-0.203739
0.209706	0.215159	-0.099669	-0.206909
0.209748	0.211216	-0.098997	-0.203891
0.209805	0.208712	-0.097433	-0.205179
0.209578	0.210455	-0.097009	-0.207147
0.210406	0.206260	-0.098299	-0.206081
0.214699	0.203003	-0.096194	-0.204389
0.214693	0.201947	-0.094752	-0.206240
0.214880	0.200190	-0.095912	-0.205217
0.214842	0.197359	-0.097093	-0.205019
0.214768	0.196317	-0.094692	-0.203571
0.215003	0.193346	-0.095173	-0.205635
0.214080	0.191464	-0.096968	-0.204536
0.209726	0.190039	-0.097055	-0.207377
0.209704	0.185649	-0.095805	-0.204804
0.209685	0.184566	-0.097531	-0.204753
0.209808	0.181651	-0.097937	-0.204922
0.209778	0.180780	-0.099129	-0.206141
0.209745	0.178678	-0.099194	-0.205564
0.209646	0.175317	-0.100677	-0.205700
0.209773	0.175076	-0.103181	-0.205686
0.209788	0.173502	-0.101961	-0.207032
0.209573	0.171139	-0.104652	-0.205359
0.209808	0.168642	-0.104829	-0.205157
0.209552	0.168510	-0.105335	-0.205211
0.209883	0.166253	-0.106166	-0.206240
0.209475	0.164993	-0.106863	-0.204852
0.210115	0.163818	-0.106438	-0.205603
0.206463	0.162143	-0.107268	-0.206049
0.204514	0.160231	-0.107830	-0.205425
0.204637	0.160536	-0.107578	-0.205019
0.207920	0.157299	-0.109302	-0.206896
0.210161	0.155834	-0.108055	-0.205052
0.209386	0.155365	-0.110420	-0.205719
0.209906	0.154587	-0.110178	-0.206658
0.209579	0.153920	-0.111545	-0.206950
0.209798	0.152001	-0.111566	-0.206525
0.209591	0.151184	-0.112756	-0.204697
0.209681	0.150852	-0.111202	-0.207499
0.209602	0.148803	-0.111992	-0.205374
0.209744	0.147854	-0.111709	-0.204416
0.209622	0.147985	-0.111359	-0.205041
0.209726	0.147310	-0.109061	-0.205643
0.209682	0.146399	-0.109938	-0.206004
0.209744	0.144480	-0.107905	-0.205502
0.209771	0.143395	-0.106789	-0.205719
0.209743	0.142770	-0.105378	-0.206681
0.209696	0.144151	-0.104359	-0.205353
0.209682	0.141036	-0.102916	-0.203715
0.209820	0.141485	-0.099552	-0.205816
0.209645	0.138353	-0.097922	-0.205286
0.209776	0.137877	-0.094032	-0.204942
0.209667	0.136312	-0.092488	-0.205454
0.209798	0.135892	-0.092225	-0.206294
0.209483	0.134969	-0.089242	-0.206836
0.210097	0.133840	-0.087784	-0.207579
0.208498	0.135181	-0.084147	-0.205521
0.204515	0.134486	-0.084880	-0.207387
0.204831	0.134778	-0.082245	-0.205549
0.204743	0.136505	-0.083157	-0.205963
0.204712	0.137419	-0.081678	-0.205374
0.204815	0.139833	-0.079457	-0.206425
0.204593	0.138681	-0.079886	-0.206488
0.204995	0.138001	-0.079984	-0.206156
0.200868	0.141254	-0.079221	-0.205162
0.199447	0.141705	-0.077639	-0.204556
0.199720	0.143207	-0.079939	-0.205980
0.199705	0.146115	-0.082489	-0.205665
0.199583	0.144810	-0.081389	-0.207541
0.199944	0.145805	-0.086092	-0.206357
0.198286	0.147558	-0.087453	-0.204820
0.194389	0.148579	-0.092090	-0.206815
0.194742	0.149995	-0.093237	-0.206409
0.194741	0.151149	-0.095017	-0.205879
0.190963	0.152258	-0.096420	-0.205969
0.189222	0.150398	-0.098653	-0.206575
0.189943	0.154050	-0.099577	-0.206434
0.185878	0.153808	-0.103887	-0.207872
0.184660	0.152701	-0.104741	-0.207364
0.185053	0.153861	-0.106691	-0.206029
0.181029	0.153898	-0.107227	-0.206131
0.179638	0.152969	-0.106450	-0.206835
0.180129	0.153816	-0.108963	-0.206231
0.175900	0.153670	-0.108521	-0.206335
0.174472	0.154694	-0.108308	-0.206143
0.174989	0.153554	-0.108651	-0.206155
0.170702	0.154315	-0.107905	-0.207311
0.169700	0.154774	-0.108646	-0.205906
0.169887	0.152319	-0.108269	-0.205812
0.169721	0.150996	-0.107677	-0.207802
0.169723	0.150751	-0.108790	-0.206364
0.169825	0.148401	-0.106365	-0.206616
0.169726	0.149444	-0.103588	-0.206738
0.169889	0.148976	-0.102049	-0.205348
0.169657	0.146538	-0.099620	-0.207280
0.170017	0.146017	-0.096666	-0.206410
0.169412	0.146897	-0.095680	-0.205019
0.171625	0.145340	-0.093811	-0.206440
0.175084	0.143930	-0.091028	-0.205998
0.174608	0.145524	-0.091137	-0.205875
0.174911	0.143227	-0.090669	-0.205740
0.174770	0.142079	-0.089669	-0.206317
0.174851	0.141687	-0.089541	-0.205948
0.178949	0.141875	-0.087932	-0.205756
0.180237	0.139940	-0.088294	-0.206395
0.179785	0.140128	-0.086203	-0.206228
0.180021	0.137995	-0.087260	-0.206606
0.179815	0.138380	-0.085197	-0.205569
0.180006	0.138091	-0.085239	-0.205452
0.179803	0.136669	-0.084737	-0.207156
0.179983	0.134947	-0.083363	-0.207810
0.179844	0.134439	-0.082994	-0.206740
0.179923	0.133456	-0.082122	-0.206859
0.179909	0.132924	-0.080930	-0.206771
0.179904	0.130144	-0.081663	-0.205905
0.179827	0.130290	-0.079896	-0.207005
0.179843	0.129504	-0.082477	-0.206871
0.175424	0.131406	-0.081148	-0.206389
0.174639	0.131035	-0.080702	-0.206494
0.174874	0.129476	-0.081978	-0.207148
0.174673	0.130250	-0.081451	-0.207201
0.174904	0.131546	-0.084296	-0.205453
0.174748	0.132028	-0.086858	-0.206800
0.174830	0.132317	-0.085393	-0.208532
0.174628	0.133247	-0.084729	-0.205945
0.170585	0.133458	-0.086703	-0.206178
0.169536	0.134054	-0.088224	-0.206788
0.170093	0.134924	-0.090891	-0.206439
0.169465	0.134755	-0.090897	-0.206752
0.170257	0.135838	-0.093164	-0.207691
0.167511	0.139230	-0.094147	-0.207672
0.164469	0.138913	-0.094374	-0.205767
0.164864	0.138959	-0.095293	-0.207564
0.164801	0.139777	-0.096306	-0.207202
0.164671	0.141820	-0.094850	-0.207613
0.165153	0.141866	-0.094643	-0.206887
0.162635	0.140588	-0.095618	-0.206533
0.159282	0.141293	-0.096978	-0.206582
0.159961	0.141528	-0.096565	-0.208237
0.159526	0.141720	-0.097896	-0.206220
0.159898	0.142197	-0.096232	-0.206687
0.159629	0.142674	-0.097902	-0.206315
0.159784	0.142742	-0.097531	-0.206530
0.159627	0.141031	-0.096363	-0.208574
0.159867	0.141637	-0.095615	-0.206919
0.159338	0.141278	-0.094557	-0.207255
0.155216	0.140065	-0.091614	-0.206896
0.154594	0.139725	-0.090352	-0.206265
0.154837	0.139362	-0.088955	-0.206255
0.154597	0.137947	-0.088196	-0.205544
0.155057	0.136997	-0.085298	-0.207191
0.159264	0.135978	-0.082253	-0.206431
0.159748	0.138218	-0.081856	-0.205164
0.159671	0.135530	-0.080886	-0.207377
0.159736	0.134479	-0.080755	-0.206872
0.159681	0.133979	-0.081706	-0.207629
0.159729	0.133238	-0.079188	-0.207558
0.159672	0.133569	-0.079707	-0.207023
0.159721	0.133704	-0.078964	-0.206015
0.159760	0.133870	-0.079029	-0.206558
0.159743	0.133869	-0.078039	-0.206029
0.159750	0.135022	-0.078486	-0.207539
0.159705	0.135012	-0.080683	-0.206663
0.159744	0.135593	-0.079459	-0.206094
0.159650	0.135973	-0.080894	-0.206507
0.159856	0.135210	-0.079847	-0.206401
0.159655	0.134763	-0.079792	-0.206309
0.159823	0.135251	-0.080354	-0.206897
0.159651	0.135402	-0.081945	-0.204528
0.159859	0.135120	-0.083200	-0.207311
0.159470	0.137976	-0.084536	-0.206897
0.160075	0.138797	-0.085113	-0.206181
0.156991	0.139641	-0.088367	-0.205796
0.154344	0.140456	-0.089720	-0.207686
0.154923	0.140121	-0.093493	-0.205771
0.154592	0.142271	-0.095324	-0.205384
0.154772	0.143679	-0.097659	-0.207184
0.154653	0.143629	-0.098055	-0.206730
0.154773	0.145510	-0.098701	-0.205960
0.154671	0.145814	-0.101222	-0.205700
0.154771	0.148644	-0.103044	-0.206741
0.154688	0.150196	-0.102788	-0.206415
0.154746	0.149961	-0.106141	-0.207826
0.154647	0.152684	-0.106754	-0.206651
0.154762	0.153146	-0.109810	-0.206477
0.154704	0.154511	-0.111925	-0.207558
0.154752	0.157727	-0.114968	-0.206850
0.154714	0.159860	-0.117072	-0.207365
0.154730	0.160762	-0.117714	-0.207638
0.154772	0.162005	-0.120991	-0.208053
0.154707	0.165004	-0.122897	-0.205437
0.154702	0.166913	-0.123979	-0.207113
0.154702	0.168902	-0.124589	-0.206319
0.154785	0.170685	-0.126047	-0.206762
0.154650	0.173656	-0.128715	-0.206051
0.154778	0.175241	-0.129469	-0.207416
0.154692	0.176705	-0.131243	-0.207653
0.154760	0.178783	-0.132549	-0.206375
0.154553	0.181534	-0.132653	-0.207062
0.154860	0.184751	-0.133616	-0.206712
0.154593	0.186718	-0.135238	-0.207287
0.154855	0.189016	-0.136295	-0.206882
0.154502	0.190390	-0.136162	-0.207216
0.154948	0.192596	-0.138037	-0.206360
0.154297	0.194348	-0.138602	-0.204868
0.157895	0.196298	-0.139784	-0.207465
0.159991	0.198204	-0.138374	-0.207927
0.159568	0.199933	-0.137539	-0.206375
0.159798	0.202048	-0.137011	-0.206490
0.159763	0.203120	-0.135140	-0.205901
0.159674	0.203775	-0.134461	-0.207132
0.159846	0.205579	-0.135650	-0.206157
0.159353	0.207391	-0.130853	-0.206406
0.162967	0.207894	-0.130870	-0.206459
0.165219	0.207769	-0.128416	-0.206550
0.164521	0.207634	-0.126538	-0.207801
0.164918	0.207364	-0.123648	-0.205445
0.164724	0.208543	-0.120427	-0.207088
0.164782	0.209542	-0.118181	-0.205965
0.164939	0.207710	-0.115454	-0.207514
0.164467	0.208972	-0.113791	-0.206775
0.168107	0.207996	-0.112504	-0.205443
0.170187	0.208110	-0.109357	-0.206225
0.169620	0.207244	-0.107207	-0.206477
0.170020	0.207058	-0.106455	-0.206419
0.169588	0.207096	-0.104495	-0.205820
0.170007	0.205950	-0.103834	-0.205280
0.169556	0.206384	-0.101297	-0.205957
0.170831	0.205649	-0.097327	-0.206639
0.174974	0.203676	-0.096587	-0.206180
0.174615	0.201999	-0.094543	-0.207441
0.174910	0.200455	-0.093487	-0.206282
0.174657	0.201156	-0.092986	-0.204746
0.174959	0.200478	-0.091649	-0.205508
0.174479	0.198660	-0.091524	-0.205210
0.175862	0.197410	-0.091823	-0.205973
0.179996	0.196290	-0.090598	-0.204172
0.179750	0.194320	-0.091766	-0.205435
0.179937	0.194480	-0.093839	-0.205559
0.179784	0.192656	-0.092490	-0.206550
0.179913	0.189713	-0.092570	-0.205137
0.179835	0.191005	-0.094326	-0.204873
0.179955	0.187620	-0.094627	-0.204709
0.179751	0.186057	-0.094653	-0.205245
0.180031	0.185257	-0.097180	-0.206403
0.179719	0.183818	-0.096053	-0.205824
0.180119	0.181542	-0.096442	-0.206246
0.179618	0.179659	-0.100025	-0.204695
0.183564	0.179284	-0.098206	-0.204902
0.185247	0.176474	-0.100896	-0.204988
0.184850	0.174509	-0.102608	-0.205820
0.184951	0.173901	-0.102671	-0.204971
0.184881	0.171461	-0.103958	-0.207006
0.184905	0.170014	-0.105800	-0.207184
0.184971	0.169184	-0.106186	-0.205703
0.184800	0.166595	-0.106783	-0.205227
0.185050	0.165901	-0.108293	-0.206522
0.184538	0.162865	-0.108335	-0.205152
0.186159	0.164173	-0.109366	-0.205621
0.189947	0.162940	-0.110263	-0.205197
0.189379	0.161074	-0.111316	-0.204706
0.189786	0.160701	-0.111753	-0.205894
0.189432	0.161099	-0.112614	-0.206122
0.193493	0.158977	-0.112514	-0.205823
0.194968	0.158697	-0.112353	-0.205407
0.194450	0.159180	-0.115347	-0.207544
0.194817	0.158468	-0.114697	-0.205217
0.194258	0.158053	-0.116317	-0.204731
0.196214	0.155686	-0.116819	-0.205329
0.199878	0.157266	-0.118331	-0.204776
0.199480	0.156510	-0.116938	-0.205965
0.199794	0.157057	-0.117786	-0.205988
0.199548	0.157038	-0.119827	-0.205289
0.199646	0.155513	-0.118773	-0.205681
0.199630	0.154068	-0.120716	-0.206636
0.199568	0.153968	-0.120861	-0.206461
0.203651	0.154035	-0.118447	-0.207693
0.204958	0.151956	-0.118731	-0.206500
0.204570	0.152478	-0.119438	-0.205775
0.204880	0.150924	-0.118397	-0.205742
0.204521	0.149907	-0.117193	-0.205974
0.204901	0.151621	-0.118246	-0.205582
0.204588	0.150166	-0.117793	-0.206532
0.204907	0.149397	-0.117988	-0.206416
0.204526	0.148364	-0.116467	-0.206088
0.205102	0.147171	-0.114501	-0.206766
0.202933	0.146588	-0.114925	-0.205473
0.199292	0.146737	-0.115004	-0.205923
0.199904	0.146058	-0.111767	-0.207588
0.199553	0.146321	-0.110615	-0.206817
0.199726	0.143754	-0.110521	-0.206291
0.199635	0.143659	-0.108147	-0.207331
0.199729	0.143351	-0.106433	-0.204820
0.199532	0.143609	-0.104770	-0.206563
0.199720	0.142481	-0.103067	-0.207143
0.195405	0.142461	-0.103582	-0.205047
0.194530	0.143377	-0.104043	-0.207540
0.194638	0.144008	-0.103608	-0.206674
0.194683	0.143811	-0.103397	-0.206910
0.194664	0.145068	-0.103785	-0.205579
0.194662	0.147244	-0.105344	-0.207072
0.190320	0.147595	-0.104842	-0.206676
0.189500	0.148850	-0.106584	-0.208263
0.189759	0.151518	-0.105071	-0.206721
0.189448	0.151645	-0.105895	-0.206661
0.185570	0.152356	-0.107576	-0.207341
0.184761	0.154904	-0.108290	-0.206281
0.185067	0.157047	-0.105947	-0.207120
0.184629	0.158996	-0.109245	-0.208198
0.180752	0.159863	-0.111312	-0.206123
0.179588	0.162597	-0.111877	-0.206988
0.180035	0.162914	-0.112709	-0.208520
0.179422	0.166325	-0.114553	-0.206594
0.175671	0.166697	-0.116582	-0.207560
0.174331	0.167097	-0.116237	-0.206438
0.175392	0.169702	-0.118379	-0.206850
0.172486	0.170727	-0.117444	-0.208837
0.169621	0.172998	-0.119459	-0.207931
0.169771	0.170718	-0.119987	-0.207566
0.170057	0.172661	-0.120386	-0.206726
0.167610	0.173829	-0.121585	-0.206107
0.164338	0.171701	-0.122393	-0.206627
0.165121	0.173004	-0.121887	-0.206621
0.164548	0.172214	-0.118672	-0.205730
0.164959	0.173228	-0.118962	-0.207176
0.164711	0.174211	-0.120814	-0.206674
0.164806	0.174824	-0.119743	-0.207029
0.164811	0.175152	-0.119736	-0.205462
0.164598	0.175332	-0.120572	-0.206835
0.160104	0.175534	-0.117913	-0.206166
0.159655	0.176102	-0.118278	-0.207980
0.159741	0.176493	-0.116807	-0.206740
0.159590	0.177264	-0.115573	-0.206591
0.160007	0.177514	-0.115776	-0.206347
0.164392	0.177152	-0.116529	-0.206000
0.164884	0.177546	-0.113817	-0.206475
0.164742	0.180001	-0.114886	-0.205489
0.164877	0.179029	-0.113589	-0.206202
0.164694	0.179661	-0.112276	-0.205885
0.164904	0.179474	-0.112737	-0.207415
0.164585	0.180567	-0.111268	-0.206314
0.165047	0.178232	-0.111044	-0.207123
0.164427	0.179840	-0.109392	-0.207015
0.167232	0.182249	-0.110408	-0.207699
0.170185	0.180019	-0.110883	-0.207602
0.169428	0.180407	-0.110951	-0.207089
0.170029	0.182298	-0.109686	-0.207523
0.169641	0.179331	-0.108982	-0.205439
0.170005	0.178931	-0.108590	-0.207494
0.169650	0.177906	-0.106709	-0.207904
0.169946	0.176394	-0.105261	-0.206534
0.169205	0.175693	-0.105651	-0.206701
0.165209	0.174441	-0.106731	-0.207981
0.164566	0.175252	-0.104658	-0.207817
0.165342	0.174519	-0.105525	-0.208659
0.169503	0.173396	-0.107889	-0.205313
0.169861	0.171851	-0.107652	-0.207146
0.169760	0.171085	-0.106562	-0.205506
0.169883	0.170059	-0.107422	-0.206899
0.169691	0.169490	-0.106335	-0.206626
0.169970	0.169104	-0.107187	-0.205180
0.169554	0.168290	-0.107914	-0.205068
0.170199	0.166302	-0.108263	-0.205770
0.166983	0.164923	-0.109060	-0.207193
0.164413	0.162891	-0.107949	-0.206678
0.164982	0.160964	-0.105749	-0.206919
0.164622	0.159450	-0.107234	-0.206294
0.164895	0.159320	-0.106819	-0.207204
0.164681	0.157154	-0.105307	-0.206570
0.164889	0.153381	-0.106607	-0.206280
0.164805	0.154792	-0.105865	-0.206441
0.164926	0.152707	-0.105460	-0.205790
0.164778	0.151592	-0.106145	-0.205581
0.164919	0.152114	-0.105964	-0.205026
0.164787	0.148990	-0.106816	-0.207143
0.164847	0.148464	-0.104799	-0.206923
0.164756	0.149552	-0.105790	-0.207057
0.164834	0.147131	-0.102198	-0.205553
0.164718	0.146968	-0.102229	-0.205826
0.164753	0.146594	-0.103406	-0.206023
0.164681	0.144365	-0.101393	-0.206807
0.164889	0.145979	-0.102001	-0.206365
0.164644	0.144743	-0.102444	-0.206312
0.165010	0.143843	-0.101243	-0.206649
0.164392	0.145526	-0.101599	-0.206662
0.167726	0.146335	-0.103486	-0.206796
0.170157	0.145963	-0.102419	-0.207468
0.169598	0.148011	-0.102280	-0.208395
0.169897	0.147236	-0.104591	-0.207084
0.169657	0.148835	-0.105498	-0.206121
0.169827	0.149926	-0.105717	-0.206569
0.169684	0.150698	-0.106093	-0.206453
0.169854	0.150630	-0.107290	-0.206722
0.169723	0.149408	-0.107113	-0.207686
0.169838	0.148395	-0.105302	-0.206336
0.169809	0.150687	-0.105142	-0.205566
0.169838	0.150836	-0.103154	-0.206958
0.169780	0.149761	-0.101628	-0.206678
0.169923	0.147860	-0.102385	-0.206246
0.169802	0.147519	-0.098839	-0.207426
0.169867	0.148704	-0.098584	-0.206985
0.169736	0.148166	-0.098616	-0.206087
0.169859	0.148926	-0.097917	-0.206807
0.169750	0.149032	-0.096830	-0.205982
0.169813	0.148064	-0.096662	-0.206405
0.169662	0.147374	-0.095986	-0.205365
0.169774	0.146854	-0.093260	-0.207816
0.169684	0.147023	-0.092226	-0.206267
0.169872	0.144162	-0.090180	-0.207136
0.169780	0.144749	-0.089222	-0.205677
0.169902	0.142019	-0.086867	-0.206674
0.169644	0.143212	-0.084800	-0.206570
0.169906	0.140738	-0.082741	-0.206688
0.169659	0.140860	-0.082147	-0.206713
0.170110	0.138592	-0.080851	-0.206317
0.166360	0.137589	-0.078766	-0.207258
0.164451	0.138075	-0.076483	-0.207323
0.164958	0.135854	-0.077936	-0.205557
0.164709	0.134266	-0.075937	-0.206359
0.164756	0.134114	-0.075703	-0.206956
0.164811	0.132339	-0.075012	-0.207917
0.164706	0.131616	-0.074566	-0.205873
0.164857	0.132520	-0.075744	-0.205706
0.164689	0.131296	-0.074819	-0.206315
0.164977	0.130616	-0.076219	-0.206629
0.161125	0.128803	-0.075602	-0.205987
0.159386	0.130089	-0.076581	-0.204999
0.159859	0.128285	-0.076298	-0.206061
0.159575	0.129156	-0.075591	-0.205137
0.159745	0.129618	-0.077066	-0.205608
0.159655	0.129006	-0.074320	-0.206678
0.159626	0.128319	-0.076181	-0.206413
0.159859	0.129655	-0.077378	-0.207030
0.156204	0.129293	-0.078047	-0.206146
0.154324	0.129832	-0.080594	-0.206969
0.155015	0.129264	-0.080620	-0.207082
0.154385	0.130378	-0.079101	-0.205492
0.155039	0.132284	-0.080981	-0.206176
0.150809	0.132440	-0.082543	-0.207343
0.149371	0.133726	-0.083747	-0.207405
0.149699	0.132937	-0.083744	-0.205301
0.149548	0.132471	-0.084493	-0.207945
0.149519	0.134660	-0.084746	-0.205598
0.149836	0.132480	-0.085666	-0.206324
0.148342	0.132622	-0.086863	-0.205843
0.144228	0.133514	-0.086042	-0.207513
0.144903	0.134248	-0.086412	-0.207105
0.144112	0.134113	-0.085913	-0.207326
0.146158	0.134540	-0.086286	-0.206217
0.149852	0.133530	-0.085986	-0.206933
0.149462	0.133515	-0.085464	-0.205751
0.149694	0.133192	-0.086423	-0.206156
0.149541	0.133760	-0.086562	-0.207357
0.149699	0.133823	-0.088113	-0.207030
0.149575	0.134693	-0.088441	-0.205261
0.149577	0.134590	-0.088645	-0.207777
0.149587	0.133504	-0.087371	-0.207123
0.149602	0.135431	-0.088269	-0.206651
0.149558	0.134793	-0.089141	-0.206928
0.149608	0.134668	-0.088272	-0.206504
0.149534	0.135389	-0.089564	-0.207014
0.149636	0.133131	-0.089566	-0.207463
0.149568	0.132292	-0.090023	-0.208011
0.149615	0.133554	-0.089742	-0.206900
0.149504	0.130124	-0.090311	-0.206732
0.149645	0.129169	-0.088582	-0.205068
0.149438	0.130269	-0.088346	-0.205945
0.149769	0.129347	-0.088765	-0.206088
0.149413	0.128883	-0.085019	-0.205438
0.150012	0.128393	-0.087127	-0.206390
0.147817	0.128843	-0.087383	-0.208246
0.144219	0.129170	-0.088293	-0.207605
0.144761	0.129377	-0.088823	-0.206489
0.144429	0.128757	-0.088957	-0.206775
0.144676	0.128105	-0.091302	-0.205890
0.144535	0.128189	-0.091541	-0.207436
0.144566	0.128438	-0.091407	-0.207022
0.144551	0.127443	-0.090826	-0.205677
0.144487	0.129090	-0.091119	-0.207257
0.144638	0.129730	-0.092125	-0.206701
0.144498	0.129780	-0.092767	-0.207573
0.144594	0.129437	-0.093181	-0.206379
0.144514	0.132329	-0.093948	-0.206777
0.144648	0.135103	-0.093710	-0.206114
0.144506	0.135484	-0.093404	-0.206466
0.144664	0.134976	-0.095279	-0.205088
0.144429	0.136976	-0.095389	-0.205826
0.144929	0.138967	-0.092889	-0.207564
0.142719	0.139559	-0.094638	-0.206622
0.139494	0.140264	-0.096031	-0.207120
0.140086	0.141264	-0.094523	-0.206018
0.139666	0.142024	-0.096393	-0.205462
0.139953	0.144969	-0.097864	-0.205587
0.139789	0.145441	-0.097957	-0.205800
0.140010	0.147205	-0.099507	-0.206938
0.139817	0.148199	-0.099882	-0.206911
0.139948	0.151134	-0.100159	-0.207461
0.139750	0.150830	-0.101909	-0.206811
0.139947	0.152720	-0.102266	-0.206865
0.139642	0.155325	-0.101881	-0.207231
0.140098	0.156871	-0.103636	-0.208231
0.139507	0.157970	-0.107343	-0.208039
0.141910	0.159015	-0.104931	-0.207681
0.144939	0.160056	-0.104918	-0.207037
0.144411	0.159691	-0.106081	-0.206855
0.144701	0.162102	-0.105012	-0.207221
0.144519	0.161626	-0.106266	-0.206761
0.144673	0.161908	-0.104831	-0.207367
0.144573	0.164490	-0.105468	-0.207209
0.144592	0.165400	-0.104977	-0.206114
0.144529	0.165064	-0.105468	-0.206444
0.144585	0.166879	-0.105745	-0.206673
0.144462	0.169067	-0.106193	-0.206299
0.144530	0.167610	-0.105878	-0.207454
0.144540	0.169165	-0.105567	-0.207022
0.144634	0.169728	-0.104706	-0.207199
0.144558	0.169563	-0.105210	-0.206695
0.144627	0.170579	-0.106311	-0.207342
0.144613	0.169485	-0.107059	-0.206124
0.144587	0.170507	-0.107290	-0.206276
0.144550	0.170593	-0.105032	-0.206777
0.144726	0.170616	-0.106115	-0.207784
0.144593	0.172899	-0.106996	-0.205616
0.144543	0.170718	-0.106259	-0.206329
0.144494	0.171198	-0.109843	-0.207168
0.144954	0.172964	-0.110346	-0.205407
0.149172	0.173304	-0.112143	-0.206755
0.149590	0.174990	-0.113711	-0.206736
0.149591	0.176400	-0.114880	-0.208005
0.149620	0.175297	-0.117013	-0.205910
0.149611	0.175400	-0.119263	-0.206978
0.149552	0.177205	-0.122436	-0.206066
0.149562	0.178940	-0.123892	-0.207333
0.149556	0.179940	-0.124382	-0.206221
0.149603	0.179822	-0.127914	-0.207352
0.149601	0.180805	-0.128259	-0.206762
0.149580	0.182378	-0.130388	-0.206260
0.149626	0.183716	-0.132760	-0.205558
0.149572	0.185628	-0.134668	-0.207921
0.149570	0.187833	-0.137372	-0.207530
0.149553	0.190926	-0.139162	-0.205702
0.149491	0.191837	-0.140957	-0.206943
0.149605	0.191799	-0.142951	-0.207219
0.149649	0.193886	-0.143784	-0.207010
0.149531	0.195156	-0.143898	-0.206693
0.149541	0.195809	-0.146355	-0.206869
0.149595	0.198465	-0.147885	-0.208134
0.149571	0.199478	-0.146940	-0.206039
0.149509	0.202456	-0.148755	-0.205754
0.149572	0.202332	-0.146398	-0.207080
0.149629	0.203726	-0.147568	-0.207440
0.149578	0.204614	-0.146197	-0.206609
0.149567	0.205659	-0.147639	-0.206342
0.149545	0.207401	-0.146801	-0.206240
0.150075	0.208604	-0.145485	-0.206266
0.154622	0.209852	-0.145895	-0.207335
0.154600	0.212820	-0.145069	-0.205816
0.154969	0.213711	-0.144708	-0.206079
0.154280	0.214470	-0.143421	-0.205983
0.157579	0.216162	-0.145244	-0.205839
0.160103	0.218458	-0.143339	-0.206550
0.159468	0.218963	-0.143008	-0.207008
0.159748	0.219498	-0.143074	-0.205150
0.160027	0.220811	-0.141088	-0.205523
0.164585	0.223764	-0.142033	-0.206845
0.164698	0.225415	-0.142347	-0.207075
0.164886	0.226759	-0.142314	-0.206597
0.164635	0.227738	-0.140846	-0.205869
0.164979	0.228565	-0.140118	-0.206560
0.164590	0.229900	-0.141541	-0.205746
0.165602	0.232100	-0.140953	-0.205214
0.169696	0.233697	-0.137673	-0.205868
0.169837	0.233525	-0.137742	-0.204300
0.169679	0.233376	-0.135538	-0.205749
0.169859	0.233449	-0.134555	-0.206370
0.169697	0.234741	-0.133133	-0.205861
0.169977	0.233696	-0.131869	-0.204319
0.169395	0.232632	-0.130567	-0.206425
0.172852	0.234055	-0.130306	-0.206146
0.175175	0.232956	-0.129918	-0.205380
0.174603	0.231523	-0.128255	-0.205925
0.174801	0.229077	-0.130051	-0.204981
0.174738	0.228404	-0.127477	-0.207132
0.174644	0.229266	-0.128888	-0.206614
0.175621	0.226310	-0.126617	-0.206096
0.180026	0.225101	-0.126717	-0.206033
0.179728	0.224272	-0.127055	-0.206867
0.179980	0.220924	-0.125546	-0.206788
0.179672	0.219579	-0.125746	-0.206376
0.180031	0.217730	-0.124837	-0.205120
0.179523	0.215880	-0.122530	-0.204676
0.183187	0.213492	-0.119743	-0.204634
0.185236	0.212005	-0.119246	-0.205033
0.184655	0.209805	-0.119154	-0.205608
0.185117	0.208177	-0.117130	-0.205284
0.184500	0.206535	-0.117933	-0.205671
0.188096	0.205822	-0.119768	-0.205953
0.190042	0.204014	-0.118377	-0.206157
0.189373	0.201494	-0.118338	-0.205618
0.189858	0.198890	-0.120710	-0.205955
0.189467	0.198548	-0.119333	-0.205056
0.189902	0.197365	-0.118849	-0.205110
0.189361	0.195454	-0.117206	-0.204233
0.190802	0.190390	-0.118539	-0.205090
0.194650	0.191911	-0.117439	-0.205701
0.194712	0.187322	-0.117651	-0.205831
0.194653	0.185858	-0.117126	-0.204880
0.194831	0.181681	-0.117779	-0.205359
0.194452	0.179932	-0.116757	-0.205488
0.195814	0.179851	-0.114966	-0.206632
0.199882	0.177226	-0.116960	-0.205271
0.199620	0.174555	-0.116611	-0.205519
0.199687	0.173332	-0.115661	-0.205449
0.199731	0.173025	-0.115884	-0.206682
0.199469	0.170901	-0.116844	-0.206047
0.200840	0.168736	-0.116425	-0.205249
0.204998	0.166494	-0.115152	-0.205210
0.204510	0.164445	-0.115070	-0.205519
0.204856	0.162662	-0.114143	-0.204496
0.204516	0.161724	-0.114936	-0.204725
0.204823	0.160571	-0.112555	-0.205260
0.204584	0.158505	-0.112431	-0.204358
0.204890	0.157797	-0.112680	-0.205888
0.204525	0.155869	-0.112064	-0.204099
0.208442	0.155897	-0.112698	-0.205455
0.209985	0.155675	-0.110878	-0.204765
0.209591	0.152785	-0.110403	-0.205027
0.209818	0.152680	-0.109451	-0.205621
0.209677	0.151541	-0.107552	-0.205572
0.209722	0.150412	-0.107600	-0.204976
0.209699	0.148910	-0.106494	-0.205623
0.209751	0.146882	-0.105381	-0.206332
0.209675	0.147311	-0.103901	-0.205145
0.209699	0.144594	-0.101435	-0.206180
0.209794	0.145769	-0.097155	-0.203824
0.209677	0.140686	-0.096719	-0.205942
0.209773	0.141195	-0.093781	-0.205482
0.209613	0.141101	-0.093058	-0.207217
0.209722	0.137406	-0.093029	-0.206622
0.209611	0.138513	-0.093102	-0.205627
0.209795	0.138857	-0.090951	-0.207213
0.209526	0.136873	-0.092618	-0.207047
0.210005	0.136354	-0.091322	-0.207292
0.208123	0.136087	-0.091691	-0.207316
0.204336	0.137359	-0.090851	-0.206330
0.204881	0.137008	-0.090515	-0.206534
0.204598	0.135018	-0.090345	-0.205797
0.204895	0.135094	-0.088588	-0.207458
0.204511	0.136170	-0.089569	-0.205031
0.204941	0.135465	-0.089242	-0.206039
0.200501	0.136416	-0.090222	-0.207929
0.199537	0.135231	-0.090752	-0.205641
0.199631	0.135504	-0.090450	-0.207798
0.199611	0.135203	-0.090727	-0.206633
0.195526	0.135795	-0.090355	-0.206672
0.194420	0.135984	-0.091931	-0.206760
0.194854	0.135181	-0.092095	-0.205065
0.194634	0.137056	-0.092054	-0.207097
0.190624	0.135777	-0.092120	-0.206307
0.189401	0.136385	-0.092788	-0.207991
0.189771	0.135919	-0.092624	-0.207558
0.185679	0.135436	-0.092629	-0.207276
0.184670	0.135498	-0.093869	-0.206621
0.185333	0.133994	-0.094153	-0.205541
0.183168	0.133892	-0.093403	-0.206241
0.179459	0.132625	-0.092910	-0.206866
0.180340	0.131178	-0.090028	-0.206588
0.179566	0.131175	-0.091766	-0.206455
0.180094	0.131389	-0.090184	-0.207435
0.175296	0.129552	-0.087129	-0.206560
0.174831	0.129215	-0.087545	-0.205353
0.174595	0.127139	-0.084384	-0.205978
0.175151	0.125972	-0.084595	-0.205899
0.172787	0.125252	-0.081846	-0.205400
0.169501	0.124470	-0.081777	-0.205940
0.169952	0.122846	-0.077663	-0.206707
0.169790	0.122545	-0.077634	-0.204915
0.169731	0.121167	-0.077490	-0.205452
0.169930	0.120494	-0.075600	-0.205790
0.169610	0.121727	-0.072415	-0.206530
0.170180	0.120409	-0.070987	-0.205838
0.167776	0.119806	-0.071425	-0.206733
0.164415	0.119239	-0.066640	-0.207141
0.164982	0.121502	-0.065842	-0.205820
0.164693	0.120262	-0.065966	-0.206538
0.164884	0.119551	-0.066446	-0.207470
0.164766	0.120935	-0.063296	-0.206564
0.164801	0.120951	-0.063599	-0.206953
0.164825	0.121194	-0.062373	-0.206664
0.164724	0.120678	-0.061752	-0.206213
0.164822	0.120403	-0.060494	-0.208360
0.164628	0.121665	-0.059077	-0.205752
0.164967	0.121874	-0.060458	-0.207577
0.164598	0.121562	-0.059896	-0.207064
0.165225	0.122441	-0.059652	-0.206084
0.162434	0.121359	-0.060533	-0.208144
0.159301	0.123773	-0.063468	-0.206262
0.159877	0.123610	-0.062926	-0.207460
0.159695	0.123814	-0.062912	-0.206584
0.159566	0.123196	-0.066130	-0.206455
0.159962	0.125006	-0.066418	-0.206950
0.157554	0.125078	-0.068066	-0.204263
0.154169	0.126255	-0.070815	-0.206356
0.154998	0.127291	-0.072098	-0.205300
0.154435	0.127527	-0.073205	-0.206671
0.154910	0.128036	-0.075666	-0.207835
0.154218	0.129701	-0.077356	-0.204385
0.150138	0.130238	-0.078184	-0.205944
0.149422	0.130762	-0.079800	-0.206824
0.149770	0.130889	-0.079627	-0.205607
0.149183	0.131511	-0.083539	-0.207251
0.145102	0.132496	-0.084054	-0.206433
0.144435	0.132455	-0.085538	-0.206132
0.144762	0.131381	-0.087115	-0.206597
0.144361	0.132970	-0.088026	-0.207444
0.144972	0.132701	-0.087491	-0.207100
0.142300	0.134000	-0.089509	-0.205576
0.139325	0.132258	-0.090155	-0.207141
0.140198	0.132793	-0.090175	-0.206816
0.139513	0.134356	-0.091723	-0.206296
0.140187	0.132525	-0.089232	-0.206720
0.139370	0.132291	-0.089699	-0.205761
0.142498	0.134464	-0.088384	-0.206579
0.144886	0.133458	-0.088743	-0.206990
0.144489	0.133022	-0.090291	-0.206396
0.144553	0.134526	-0.086992	-0.205512
0.144753	0.132722	-0.088765	-0.206400
0.144247	0.132780	-0.086112	-0.207203
0.147124	0.133069	-0.084491	-0.206910
0.150055	0.133698	-0.085273	-0.206683
0.149365	0.131893	-0.084783	-0.207169
0.149746	0.134675	-0.085364	-0.205306
0.149445	0.133412	-0.082408	-0.206247
0.149637	0.135416	-0.081978	-0.207587
0.149519	0.135899	-0.082957	-0.205901
0.149682	0.135286	-0.080494	-0.207588
0.149556	0.136157	-0.082295	-0.206456
0.149662	0.137225	-0.082490	-0.207087
0.149557	0.137608	-0.083196	-0.206254
0.149634	0.139195	-0.081485	-0.206925
0.149568	0.139334	-0.082065	-0.205864
0.149679	0.139395	-0.082992	-0.206345
0.149487	0.140272	-0.082969	-0.207717
0.149527	0.139144	-0.085003	-0.205702
0.149581	0.143358	-0.085962	-0.206667
0.149550	0.141900	-0.086002	-0.207967
0.149575	0.141687	-0.087926	-0.204626
0.149561	0.142687	-0.087376	-0.206188
0.149560	0.141058	-0.087894	-0.207241
0.149523	0.140922	-0.087293	-0.207390
0.149606	0.140448	-0.087542	-0.206969
0.149567	0.139859	-0.087987	-0.206131
0.149671	0.137816	-0.086037	-0.206364
0.149452	0.138771	-0.087631	-0.206063
0.149738	0.140896	-0.086878	-0.206252
0.149488	0.138135	-0.088363	-0.206696
0.149872	0.138472	-0.087832	-0.206484
0.148722	0.138311	-0.087867	-0.207242
0.145345	0.137129	-0.087626	-0.207337
0.149635	0.138064	-0.090012	-0.206374
0.149512	0.138831	-0.090857	-0.206792
0.149690	0.137997	-0.091501	-0.207994
0.149573	0.137363	-0.092527	-0.206529
0.149667	0.135858	-0.091405	-0.205833
0.149590	0.137112	-0.091521	-0.206117
0.149558	0.135255	-0.090813	-0.205789
0.149590	0.136277	-0.093586	-0.207665
0.149561	0.135618	-0.092506	-0.206652
0.149473	0.133894	-0.094567	-0.207223
0.149644	0.135238	-0.094319	-0.206563
0.149570	0.135104	-0.094781	-0.206790
0.149578	0.133570	-0.093644	-0.208351
0.149583	0.132009	-0.094685	-0.207484
0.149659	0.131994	-0.092374	-0.207132
0.149473	0.129637	-0.091687	-0.206215
0.149600	0.129999	-0.092392	-0.206990
0.149587	0.131180	-0.089792	-0.206147
0.149610	0.130438	-0.089303	-0.206175
0.149534	0.127804	-0.089277	-0.207243
0.149625	0.127721	-0.088082	-0.205397
0.149469	0.127324	-0.090454	-0.206621
0.149716	0.126327	-0.089698	-0.207649
0.149280	0.126892	-0.090350	-0.206720
0.150677	0.126393	-0.090340	-0.206601
0.154776	0.125509	-0.090081	-0.206842
0.154612	0.123746	-0.091213	-0.207451
0.154765	0.124193	-0.088979	-0.206677
0.154661	0.124185	-0.088181	-0.206474
0.154793	0.121709	-0.088302	-0.206362
0.154587	0.123972	-0.086708	-0.207734
0.154798	0.122760	-0.086318	-0.206463
0.154730	0.122178	-0.085927	-0.206643
0.154712	0.122398	-0.085608	-0.207627
0.154632	0.122122	-0.085487	-0.207295
0.154666	0.121790	-0.085652	-0.206376
0.154737	0.122647	-0.085933	-0.206629
0.154718	0.124147	-0.085066	-0.207085
0.154775	0.125460	-0.087071	-0.206773
0.154707	0.126141	-0.087015	-0.206596
0.154714	0.124628	-0.087203	-0.205526
0.154727	0.127668	-0.088317	-0.206896
0.154653	0.127453	-0.087486	-0.206102
0.154708	0.126736	-0.086749	-0.205517
0.154630	0.126202	-0.087857	-0.207251
0.154726	0.126465	-0.085721	-0.207696
0.154677	0.124619	-0.084641	-0.204864
0.154726	0.124524	-0.085989	-0.206059
0.154633	0.125694	-0.085785	-0.207276
0.154746	0.124290	-0.083757	-0.207579
0.154692	0.124226	-0.085289	-0.206860
0.154834	0.122760	-0.083989	-0.205227
0.154570	0.123475	-0.084592	-0.205925
0.154899	0.121215	-0.082233	-0.206552
0.150851	0.121162	-0.082285	-0.206909
0.149282	0.120829	-0.083563	-0.206257
0.149772	0.120678	-0.082676	-0.206342
0.149458	0.122329	-0.084508	-0.205724
0.149716	0.120437	-0.084382	-0.206257
0.149547	0.119656	-0.084940	-0.207855
0.149605	0.119369	-0.084318	-0.205371
0.149551	0.117082	-0.085878	-0.207614
0.149600	0.121785	-0.083935	-0.206347
0.149558	0.119114	-0.083702	-0.206974
0.149583	0.115760	-0.085619	-0.207930
0.149562	0.113038	-0.085377	-0.206466
0.149603	0.112661	-0.085629	-0.206342
0.149657	0.111732	-0.085418	-0.206695
0.149513	0.112855	-0.084666	-0.204338
0.149639	0.112999	-0.086498	-0.205462
0.149590	0.113024	-0.085773	-0.207248
0.149688	0.108531	-0.086253	-0.207445
0.149516	0.110245	-0.085894	-0.207381
0.149627	0.111054	-0.084493	-0.207004
0.145549	0.107842	-0.086793	-0.205884
0.144269	0.108900	-0.086547	-0.206365
0.144692	0.108930	-0.085377	-0.206227
0.144454	0.107169	-0.085101	-0.206733
0.144709	0.108373	-0.084696	-0.205616
0.144420	0.105539	-0.084326	-0.206295
0.144668	0.106215	-0.086586	-0.206587
0.144503	0.105549	-0.085009	-0.206094
0.144622	0.105793	-0.087220	-0.207920
0.144580	0.105271	-0.084956	-0.206198
0.144598	0.104643	-0.085660	-0.206623
0.144393	0.105013	-0.086518	-0.206545
0.144770	0.104059	-0.084801	-0.206836
0.144104	0.104928	-0.084086	-0.207182
0.146474	0.103322	-0.084232	-0.206062
0.149911	0.104832	-0.083650	-0.208500
0.149394	0.103341	-0.083818	-0.208983
0.149764	0.103283	-0.084943	-0.206554
0.149420	0.102466	-0.083191	-0.206483
0.149720	0.101669	-0.079748	-0.205843
0.149527	0.102408	-0.081141	-0.207678
0.149620	0.100847	-0.079920	-0.207386
0.149551	0.100921	-0.078019	-0.208521
0.149614	0.100317	-0.077427	-0.207375
0.149552	0.099667	-0.074533	-0.205433
0.149646	0.101342	-0.074610	-0.207501
0.149572	0.099354	-0.072823	-0.206357
0.149626	0.098423	-0.072325	-0.205185
0.149593	0.098940	-0.070029	-0.206252
0.149596	0.099053	-0.069538	-0.206606
0.149642	0.096678	-0.069184	-0.207701
0.149611	0.096867	-0.067494	-0.206989
0.149502	0.096711	-0.066636	-0.207737
0.149625	0.098020	-0.066443	-0.205424
0.149518	0.097157	-0.066050	-0.205592
0.149625	0.094988	-0.065922	-0.206436
0.149582	0.095521	-0.063792	-0.206190
0.149641	0.097584	-0.061834	-0.207240
0.149423	0.095713	-0.062063	-0.206371
0.145199	0.095458	-0.060895	-0.208566
0.144324	0.096404	-0.062667	-0.205142
0.144702	0.097144	-0.062932	-0.206728
0.144418	0.096937	-0.063399	-0.206940
0.144777	0.097240	-0.063531	-0.206713
0.144351	0.096798	-0.062582	-0.206821
0.145061	0.098221	-0.063766	-0.207530
0.142389	0.098363	-0.062528	-0.206886
0.139532	0.097850	-0.064739	-0.207172
0.139884	0.098015	-0.062974	-0.207396
0.139892	0.097907	-0.063454	-0.205970
0.139686	0.097718	-0.064460	-0.205785
0.140261	0.097818	-0.064043	-0.207243
0.137578	0.098930	-0.063230	-0.205677
0.134549	0.100895	-0.063807	-0.206218
0.135101	0.100374	-0.065542	-0.207178
0.134720	0.100014	-0.066911	-0.206592
0.134900	0.104061	-0.067487	-0.207399
0.134832	0.103159	-0.067619	-0.205735
0.134878	0.103375	-0.067407	-0.204820
0.134957	0.103415	-0.067263	-0.207416
0.134688	0.105793	-0.067351	-0.206022
0.135254	0.104232	-0.066895	-0.206851
0.132454	0.104313	-0.066225	-0.206340
0.129363	0.106395	-0.066334	-0.206455
0.130098	0.106744	-0.066178	-0.207484
0.129621	0.106719	-0.065183	-0.206846
0.129982	0.105135	-0.064724	-0.206944
0.129708	0.108119	-0.063295	-0.206256
0.129892	0.108402	-0.064438	-0.206104
0.129688	0.107206	-0.063379	-0.206305
0.129872	0.108895	-0.063211	-0.206631
0.129688	0.110517	-0.063526	-0.205861
0.129828	0.110502	-0.063038	-0.206000
0.129723	0.108748	-0.061882	-0.207286
0.129862	0.109521	-0.059527	-0.206889
0.129764	0.110188	-0.061303	-0.207384
0.129827	0.109710	-0.058471	-0.205304
0.129807	0.110613	-0.058770	-0.205787
0.129763	0.110213	-0.059002	-0.206973
0.129775	0.109558	-0.056986	-0.205838
0.129799	0.109085	-0.057880	-0.206183
0.129866	0.109080	-0.056549	-0.206727
0.129834	0.108671	-0.054715	-0.207345
0.129773	0.111043	-0.054440	-0.207053
0.129828	0.110219	-0.053586	-0.206547
0.129773	0.109711	-0.053515	-0.208145
0.129843	0.110374	-0.055590	-0.206163
0.129784	0.110961	-0.054327	-0.206195
0.129852	0.112035	-0.053871	-0.206483
0.129758	0.112870	-0.056174	-0.208095
0.129857	0.112075	-0.056020	-0.207207
0.129802	0.113904	-0.057128	-0.206798
0.129893	0.113999	-0.058102	-0.207524
0.129770	0.114310	-0.059050	-0.204953
0.129926	0.115056	-0.060636	-0.204819
0.129621	0.113864	-0.062597	-0.206996
0.130267	0.114789	-0.062613	-0.207947
0.126839	0.114847	-0.063380	-0.206781
0.124327	0.112746	-0.064096	-0.206207
0.124987	0.113704	-0.065844	-0.207940
0.124543	0.113086	-0.066145	-0.206017
0.124816	0.114205	-0.066650	-0.206499
0.124687	0.113233	-0.066072	-0.206352
0.124782	0.116645	-0.067347	-0.207074
0.124678	0.115814	-0.067637	-0.205423
0.124810	0.115053	-0.068118	-0.206441
0.124728	0.116513	-0.069844	-0.205557
0.124706	0.116803	-0.069341	-0.205128
0.124728	0.115236	-0.069781	-0.206211
0.124726	0.114610	-0.068963	-0.207524
0.124705	0.116449	-0.066762	-0.207435
0.124776	0.117007	-0.069767	-0.204998
0.124688	0.116401	-0.068257	-0.206572
0.124727	0.117935	-0.068122	-0.208797
0.124731	0.118029	-0.066545	-0.205380
0.124707	0.118330	-0.067566	-0.207380
0.124746	0.119216	-0.068381	-0.206879
0.124710	0.119001	-0.068268	-0.206416
0.124762	0.119050	-0.066951	-0.208122
0.124663	0.121273	-0.066694	-0.206815
0.124745	0.120210	-0.066437	-0.205435
0.124661	0.121910	-0.067227	-0.206835
0.124849	0.122309	-0.067287	-0.207486
0.124691	0.123325	-0.067868	-0.206530
0.124784	0.123408	-0.067434	-0.206980
0.124689	0.124419	-0.066891	-0.206761
0.124842	0.126466	-0.067986	-0.208891
0.124694	0.125251	-0.067209	-0.208187
0.124814	0.125440	-0.067872	-0.206186
0.124574	0.125653	-0.068198	-0.206261
0.124878	0.125839	-0.067863	-0.206302
0.124330	0.127559	-0.068618	-0.206465
0.128105	0.125601	-0.068397	-0.207521
0.130183	0.124576	-0.067677	-0.207808
0.129615	0.126484	-0.067821	-0.206251
0.129971	0.124754	-0.068483	-0.208249
0.129767	0.126858	-0.069290	-0.208218
0.129873	0.126476	-0.069968	-0.207042
0.129709	0.126001	-0.069148	-0.206842
0.129846	0.127482	-0.069702	-0.205285
0.129773	0.125718	-0.070008	-0.207650
0.129921	0.126256	-0.070158	-0.207954
0.129785	0.126237	-0.068861	-0.205687
0.129842	0.125034	-0.069579	-0.206673
0.129733	0.124903	-0.069057	-0.207243
0.129907	0.125531	-0.069322	-0.207201
0.129656	0.125461	-0.068714	-0.206617
0.129858	0.126463	-0.067135	-0.207164
0.129804	0.126307	-0.069375	-0.208001
0.129853	0.127102	-0.070173	-0.206857
0.129724	0.125022	-0.071007	-0.207905
0.129923	0.127286	-0.072501	-0.205709
0.129711	0.126310	-0.073185	-0.206233
0.129961	0.125969	-0.073650	-0.207001
0.129560	0.127841	-0.073195	-0.207800
0.130100	0.125335	-0.076065	-0.205463
0.126240	0.126734	-0.077566	-0.206717
0.124391	0.128019	-0.077174	-0.204998
0.124876	0.127555	-0.080677	-0.206302
0.124599	0.127667	-0.079071	-0.206250
0.124826	0.128266	-0.080360	-0.206428
0.124705	0.126670	-0.081346	-0.207143
0.124824	0.126065	-0.081644	-0.206106
0.124683	0.127782	-0.079732	-0.207207
0.124683	0.126490	-0.081542	-0.204867
0.124755	0.128304	-0.079489	-0.206820
0.124746	0.127425	-0.082478	-0.205204
0.124737	0.128235	-0.082492	-0.206970
0.124702	0.127065	-0.081621	-0.206314
0.124757	0.127991	-0.082240	-0.205969
0.124614	0.126942	-0.080980	-0.207359
0.124791	0.126351	-0.080149	-0.207337
0.124623	0.127187	-0.078976	-0.205705
0.124865	0.126772	-0.077813	-0.205950
0.124446	0.126185	-0.075541	-0.206058
0.128600	0.127848	-0.077012	-0.205052
0.130093	0.128942	-0.077593	-0.206143
0.129654	0.127072	-0.076339	-0.206128
0.129874	0.128781	-0.074375	-0.205923
0.129831	0.128131	-0.074610	-0.205531
0.129821	0.127862	-0.074661	-0.207519
0.129767	0.129216	-0.075513	-0.205101
0.129762	0.130641	-0.073522	-0.206068
0.129837	0.130036	-0.073367	-0.205856
0.129676	0.130526	-0.073296	-0.205775
0.133830	0.129646	-0.073092	-0.206880
0.135098	0.131448	-0.069651	-0.206488
0.134750	0.131351	-0.070281	-0.206418
0.134928	0.130875	-0.070811	-0.207612
0.134832	0.129315	-0.071906	-0.206539
0.134880	0.131567	-0.071300	-0.206974
0.134822	0.130136	-0.071540	-0.207337
0.134886	0.130860	-0.072511	-0.206669
0.134849	0.131958	-0.071467	-0.205974
0.134878	0.132142	-0.072869	-0.205470
0.134885	0.132129	-0.072069	-0.205425
0.134860	0.133448	-0.071770	-0.206963
0.134864	0.133161	-0.073257	-0.205825
0.134875	0.132612	-0.073273	-0.205578
0.134800	0.131994	-0.072863	-0.205275
0.134785	0.133532	-0.071826	-0.206543
0.134835	0.134287	-0.074617	-0.205274
0.134822	0.134336	-0.075254	-0.206487
0.134758	0.134456	-0.076623	-0.205944
0.134860	0.134931	-0.074805	-0.205355
0.134797	0.135621	-0.075817	-0.207015
0.134782	0.135947	-0.076282	-0.207607
0.134772	0.137191	-0.078289	-0.207153
0.134885	0.136443	-0.078668	-0.206460
0.134837	0.137110	-0.079988	-0.207213
0.134865	0.137862	-0.080343	-0.206872
0.134854	0.137804	-0.081814	-0.207125
0.134903	0.138363	-0.083193	-0.208169
0.134780	0.140596	-0.085162	-0.206807
0.134851	0.139315	-0.087742	-0.206438
0.134883	0.137648	-0.087930	-0.206336
0.134952	0.140484	-0.088351	-0.207245
0.134786	0.142175	-0.089769	-0.206458
0.134876	0.139469	-0.091944	-0.207250
0.134822	0.141103	-0.091167	-0.206507
0.134942	0.141254	-0.092404	-0.205632
0.134802	0.142705	-0.094807	-0.207515
0.134949	0.142273	-0.095125	-0.206087
0.134771	0.142216	-0.095293	-0.205572
0.134988	0.141133	-0.094178	-0.207089
0.134446	0.140871	-0.093858	-0.207474
0.136958	0.141832	-0.094092	-0.205247
0.140263	0.141797	-0.095066	-0.206487
0.139671	0.143189	-0.094295	-0.206414
0.139963	0.143431	-0.094744	-0.206544
0.139788	0.143858	-0.097152	-0.205756
0.139917	0.142997	-0.095879	-0.205968
0.139970	0.143681	-0.098114	-0.207296
0.144048	0.144076	-0.098432	-0.206548
0.144678	0.146307	-0.097476	-0.206575
0.144587	0.146583	-0.098302	-0.205204
0.144570	0.145753	-0.099594	-0.207198
0.144612	0.148419	-0.098434	-0.206696
0.144597	0.148209	-0.100000	-0.206899
0.144644	0.148331	-0.099297	-0.206816
0.144595	0.148628	-0.100942	-0.206717
0.144693	0.149636	-0.099646	-0.206907
0.144545	0.150930	-0.100104	-0.207516
0.144855	0.149980	-0.100855	-0.205779
0.149092	0.150836	-0.098973	-0.205815
0.149636	0.152795	-0.099155	-0.205285
0.149509	0.151775	-0.099096	-0.205410
0.149645	0.151451	-0.099081	-0.206225
0.149536	0.151704	-0.099116	-0.205325
0.149625	0.153596	-0.099862	-0.206881
0.149550	0.151658	-0.099283	-0.206321
0.149563	0.153363	-0.098658	-0.206405
0.149590	0.151696	-0.097778	-0.207206
0.149615	0.152025	-0.097750	-0.205751
0.149634	0.154126	-0.096710	-0.207402
0.149526	0.152447	-0.095558	-0.207148
0.149631	0.151496	-0.095206	-0.207361
0.149621	0.152453	-0.095544	-0.205316
0.149580	0.153268	-0.093613	-0.206076
0.149586	0.150817	-0.094623	-0.205239
0.149595	0.152148	-0.095737	-0.205615
0.149560	0.151173	-0.094091	-0.206118
0.149514	0.150763	-0.094186	-0.204446
0.149531	0.153511	-0.092992	-0.205838
0.149607	0.150701	-0.095115	-0.206782
0.149538	0.151726	-0.095294	-0.207192
0.149588	0.152553	-0.094745	-0.206812
0.149596	0.152627	-0.096304	-0.204730
0.149617	0.153108	-0.095870	-0.205491
0.149570	0.152679	-0.095022	-0.205821
0.149632	0.152135	-0.096296	-0.205318
0.149467	0.152712	-0.096572	-0.206093
0.149634	0.152175	-0.099555	-0.206796
0.149610	0.151784	-0.098414	-0.206281
0.149581	0.153351	-0.097582	-0.206340
0.149642	0.153883	-0.099582	-0.205732
0.149545	0.155979	-0.099858	-0.207039
0.149527	0.154872	-0.100381	-0.206986
0.149625	0.155137	-0.100363	-0.204734
0.149605	0.154202	-0.102207	-0.206404
0.149533	0.155782	-0.102585	-0.206010
0.149602	0.155461	-0.100586	-0.206450
0.149556	0.156122	-0.102058	-0.206435
0.149615	0.156649	-0.103257	-0.206480
0.149600	0.156163	-0.099863	-0.208307
0.149619	0.156113	-0.100027	-0.206562
0.149571	0.157269	-0.098841	-0.206514
0.149517	0.157537	-0.098424	-0.204491
0.149555	0.156231	-0.097258	-0.206634
0.149553	0.156319	-0.094344	-0.205511
0.149651	0.156163	-0.092513	-0.205169
0.149529	0.157206	-0.090079	-0.207191
0.149577	0.155251	-0.089625	-0.205933
0.149533	0.156455	-0.086584	-0.206954
0.149644	0.158547	-0.086352	-0.207182
0.149558	0.159014	-0.086680	-0.207627
0.149598	0.159288	-0.084062	-0.207048
0.149541	0.159016	-0.083795	-0.207025
0.149616	0.161030	-0.081984	-0.205799
0.149672	0.161354	-0.081659	-0.207224
0.149611	0.162110	-0.081982	-0.205631
0.149502	0.162712	-0.077925	-0.205786
0.149627	0.163356	-0.078996	-0.205468
0.149365	0.166211	-0.077896	-0.206274
0.150377	0.165613	-0.077822	-0.204290
0.154666	0.166928	-0.077060	-0.205355
0.154543	0.168912	-0.076220	-0.206284
0.154851	0.168950	-0.076936	-0.205836
0.154584	0.171870	-0.076368	-0.205548
0.154876	0.172572	-0.076714	-0.205866
0.154528	0.173689	-0.075805	-0.206459
0.154965	0.173594	-0.076174	-0.207124
0.153701	0.173917	-0.077462	-0.205454
0.149632	0.175742	-0.078762	-0.207391
0.149602	0.177153	-0.079541	-0.206756
0.149614	0.176754	-0.081550	-0.206689
0.149489	0.176176	-0.080760	-0.207014
0.149650	0.177229	-0.080752	-0.206419
0.149390	0.175815	-0.081374	-0.206537
0.149941	0.173907	-0.081909	-0.206897
0.146296	0.172223	-0.081593	-0.205710
0.144268	0.173029	-0.080745	-0.205651
0.144796	0.172722	-0.080936	-0.206706
0.144424	0.170531	-0.080367	-0.206969
0.144686	0.169658	-0.081419	-0.205934
0.144513	0.169171	-0.081404	-0.205601
0.144612	0.168726	-0.082044	-0.205583
0.144531	0.165399	-0.082742	-0.207675
0.144647	0.165211	-0.083467	-0.207296
0.144491	0.165549	-0.083217	-0.206000
0.144584	0.162943	-0.084289	-0.205707
0.144587	0.162324	-0.085141	-0.206498
0.144559	0.160138	-0.085006	-0.206445
0.144622	0.159040	-0.083761	-0.205528
0.144612	0.157435	-0.084546	-0.207011
0.144607	0.155441	-0.084125	-0.207605
0.144518	0.154725	-0.085367	-0.205722
0.144653	0.151705	-0.087047	-0.206638
0.144490	0.150656	-0.084224	-0.205643
0.144738	0.151429	-0.084489	-0.206577
0.144253	0.147635	-0.084805	-0.206312
0.145852	0.145832	-0.083745	-0.205518
0.149869	0.144834	-0.083423	-0.206046
0.149385	0.142527	-0.083978	-0.205761
0.149789	0.142026	-0.084874	-0.205181
0.149427	0.140820	-0.081321	-0.206388
0.149746	0.139818	-0.083888	-0.207123
0.149386	0.137274	-0.084128	-0.205449
0.149758	0.138399	-0.082741	-0.206357
0.149290	0.135570	-0.083544	-0.206375
0.153409	0.136563	-0.081919	-0.205782
0.154953	0.136728	-0.083074	-0.205673
0.154543	0.134514	-0.083242	-0.205082
0.154849	0.134868	-0.083584	-0.205844
0.154668	0.137092	-0.084912	-0.206809
0.154832	0.135320	-0.085190	-0.206410
0.154627	0.135461	-0.083464	-0.204915
0.154788	0.134847	-0.083620	-0.206914
0.154668	0.133479	-0.083707	-0.206286
0.154747	0.131562	-0.083323	-0.206691
0.154666	0.131806	-0.080956	-0.206197
0.154743	0.131122	-0.080360	-0.205724
0.154724	0.131005	-0.079425	-0.205323
0.154676	0.129931	-0.078674	-0.206401
0.154772	0.127600	-0.076789	-0.204750
0.154717	0.128722	-0.075486	-0.205821
0.154664	0.128552	-0.073293	-0.206340
0.154683	0.128796	-0.074794	-0.206141
0.154698	0.127931	-0.074775	-0.205593
0.154661	0.126664	-0.072884	-0.205979
0.154782	0.125494	-0.072853	-0.206513
0.154661	0.123810	-0.072022	-0.206995
0.154663	0.123201	-0.069255	-0.206089
0.154632	0.123193	-0.071083	-0.205289
0.154787	0.122908	-0.067714	-0.206525
0.154652	0.123786	-0.067232	-0.207603
0.154806	0.124321	-0.067635	-0.207032
0.154605	0.121441	-0.068958	-0.207181
0.154762	0.123074	-0.066591	-0.206855
0.154430	0.122521	-0.067142	-0.206148
0.155087	0.121707	-0.066599	-0.206810
0.152938	0.121513	-0.068531	-0.206649
0.149231	0.123097	-0.069580	-0.207496
0.149822	0.123746	-0.071294	-0.207554
0.149420	0.123104	-0.073105	-0.206618
0.149759	0.123858	-0.072900	-0.207391
0.149432	0.123331	-0.075907	-0.206057
0.149708	0.122758	-0.074868	-0.206083
0.145462	0.124320	-0.077314	-0.205602
0.144441	0.124723	-0.076910	-0.206617
0.144622	0.125513	-0.078019	-0.205339
0.144441	0.124551	-0.079970	-0.207832
0.140755	0.126469	-0.081187	-0.205027
0.139573	0.124596	-0.083218	-0.206163
0.140088	0.125218	-0.084125	-0.205358
0.139593	0.125177	-0.085060	-0.205080
0.140233	0.125135	-0.084778	-0.205921
0.137861	0.125927	-0.084853	-0.206252
0.134414	0.125996	-0.085670	-0.205920
0.135154	0.126655	-0.086339	-0.205840
0.134639	0.124798	-0.086271	-0.206487
0.135127	0.126995	-0.086121	-0.205615
0.134526	0.126613	-0.088750	-0.207513
0.135370	0.128147	-0.087551	-0.206141
0.132701	0.128278	-0.086635	-0.206722
0.129424	0.126430	-0.085139	-0.206074
0.130031	0.128135	-0.084918	-0.207573
0.129691	0.128231	-0.083657	-0.206255
0.129849	0.128561	-0.084178	-0.207138
0.129740	0.125484	-0.083403	-0.206842
0.129854	0.128571	-0.081386	-0.205697
0.129767	0.128549	-0.081896	-0.205978
0.130021	0.132085	-0.080231	-0.207049
0.134234	0.131561	-0.081143	-0.206634
0.134974	0.132107	-0.080505	-0.207178
0.134830	0.131851	-0.080435	-0.206641
0.134921	0.133995	-0.080191	-0.205715
0.134816	0.134492	-0.078931	-0.207356
0.134878	0.135198	-0.079098	-0.206477
0.134837	0.136609	-0.076695	-0.206705
0.134891	0.135817	-0.076873	-0.206751
0.134756	0.138812	-0.075931	-0.206558
0.134958	0.138540	-0.076462	-0.206290
0.134880	0.138857	-0.076412	-0.207221
0.134895	0.140273	-0.076119	-0.206758
0.134832	0.140796	-0.075101	-0.205065
0.134820	0.144596	-0.075931	-0.207318
0.134884	0.143874	-0.075783	-0.207275
0.134911	0.145462	-0.076661	-0.205801
0.134790	0.146130	-0.077608	-0.206057
0.134929	0.145069	-0.079000	-0.206666
0.134880	0.145447	-0.078533	-0.206265
0.134883	0.146105	-0.080902	-0.206689
0.134873	0.146286	-0.082028	-0.205511
0.134926	0.147691	-0.079951	-0.206726
0.134822	0.146153	-0.081305	-0.205680
0.134859	0.145979	-0.082161	-0.207535
0.134777	0.146597	-0.081616	-0.206598
0.134949	0.145827	-0.080815	-0.207062
0.134731	0.145575	-0.084628	-0.206672
0.135074	0.145783	-0.083394	-0.207029
0.134688	0.145098	-0.084729	-0.206850
0.135338	0.144962	-0.084249	-0.206341
0.132328	0.143387	-0.087147	-0.206961
0.129348	0.144910	-0.088292	-0.207545
0.129989	0.145375	-0.087986	-0.206514
0.129670	0.144144	-0.088022	-0.206487
0.129922	0.145678	-0.089120	-0.206424
0.129853	0.145603	-0.090144	-0.206330
0.129851	0.145854	-0.090304	-0.205992
0.129827	0.145604	-0.090500	-0.205784
0.129782	0.145172	-0.090272	-0.206226
0.129857	0.145599	-0.092540	-0.206478
0.129748	0.146554	-0.090130	-0.205755
0.129951	0.145116	-0.092079	-0.205915
0.129701	0.144954	-0.091153	-0.206762
0.130026	0.144133	-0.091529	-0.206445
0.129429	0.144303	-0.091881	-0.204790
0.132525	0.143095	-0.093450	-0.205873
0.135276	0.142964	-0.092065	-0.204575
0.134580	0.143616	-0.091612	-0.205345
0.134974	0.141398	-0.093047	-0.205681
0.134794	0.143281	-0.091711	-0.206880
0.134881	0.140481	-0.091494	-0.205259
0.134811	0.139995	-0.091612	-0.206216
0.134836	0.139259	-0.090896	-0.205791
0.135291	0.139168	-0.090111	-0.207287
0.139631	0.138970	-0.090520	-0.204791
0.139759	0.137702	-0.088450	-0.206431
0.139915	0.136269	-0.088922	-0.206579
0.139795	0.135695	-0.087857	-0.206662
0.139926	0.137003	-0.084898	-0.206010
0.139735	0.137632	-0.083924	-0.207033
0.139951	0.135037	-0.084319	-0.207952
0.139674	0.134378	-0.083972	-0.206191
0.140449	0.135545	-0.083443	-0.206426
0.144447	0.133241	-0.081904	-0.206094
0.144609	0.134348	-0.081290	-0.206083
0.144618	0.133325	-0.081320	-0.206068
0.144524	0.133108	-0.079307	-0.207615
0.144579	0.133089	-0.080619	-0.206210
0.144543	0.134088	-0.079989	-0.205346
0.144651	0.132435	-0.078323	-0.205325
0.144630	0.131686	-0.079505	-0.207426
0.144656	0.130666	-0.078209	-0.206532
0.144556	0.130536	-0.076814	-0.207500
0.144570	0.130769	-0.076411	-0.206785
0.144549	0.128688	-0.077081	-0.206901
0.144639	0.129514	-0.075001	-0.205046
0.144595	0.127265	-0.074347	-0.205915
0.144639	0.127821	-0.072655	-0.205057
0.144533	0.124758	-0.072284	-0.206568
0.144526	0.124442	-0.072463	-0.206054
0.144662	0.126178	-0.071594	-0.205162
0.144671	0.125396	-0.070869	-0.205603
0.144565	0.123744	-0.070515	-0.206674
0.144573	0.123037	-0.072066	-0.205113
0.144678	0.121953	-0.071919	-0.205938
0.144622	0.120456	-0.071566	-0.206578
0.144597	0.119005	-0.071228	-0.204904
0.144578	0.119173	-0.072427	-0.206641
0.144682	0.117802	-0.072839	-0.206667
0.144550	0.118041	-0.072552	-0.207275
0.144618	0.115086	-0.074491	-0.206162
0.144455	0.114595	-0.073012	-0.205399
0.144637	0.113571	-0.072938	-0.205474
0.144519	0.112087	-0.074026	-0.206604
0.144720	0.111219	-0.072432	-0.205806
0.144436	0.108965	-0.072552	-0.204680
0.144812	0.108370	-0.071633	-0.205703
0.141363	0.107296	-0.072801	-0.207068
0.139512	0.105165	-0.070515	-0.206477
0.140069	0.104853	-0.069431	-0.206211
0.139703	0.102436	-0.070430	-0.207172
0.139976	0.100747	-0.070905	-0.206684
0.139792	0.102527	-0.070839	-0.205584
0.139888	0.099532	-0.069290	-0.207316
0.139690	0.097712	-0.069311	-0.206129
0.139950	0.095963	-0.069288	-0.207726
0.139854	0.095455	-0.069468	-0.206657
0.139871	0.096698	-0.068937	-0.205434
0.139822	0.096588	-0.071657	-0.205425
0.139832	0.096062	-0.066979	-0.206300
0.139893	0.096940	-0.069023	-0.206243
0.139917	0.094907	-0.068051	-0.206895
0.139838	0.094972	-0.068276	-0.207291
0.139884	0.095321	-0.067907	-0.207034
0.139793	0.095622	-0.066252	-0.206321
0.139879	0.095849	-0.064839	-0.206984
0.139780	0.094465	-0.064399	-0.206756
0.139932	0.094168	-0.064506	-0.206183
0.139839	0.095965	-0.062568	-0.207491
0.139995	0.094805	-0.061903	-0.206940
0.139679	0.093924	-0.062247	-0.207099
0.140140	0.094103	-0.060928	-0.205425
0.138569	0.092313	-0.058588	-0.206186
0.134651	0.093731	-0.057391	-0.206906
0.134988	0.092490	-0.058598	-0.207421
0.134776	0.093615	-0.059218	-0.207052
0.134935	0.094613	-0.058717	-0.206438
0.134815	0.095948	-0.058920	-0.206752
0.134909	0.095245	-0.058768	-0.207357
0.134805	0.093117	-0.058356	-0.207664
0.134893	0.096020	-0.059138	-0.206207
0.134811	0.095324	-0.058706	-0.206761
0.134933	0.095657	-0.057864	-0.207870
0.134859	0.095140	-0.058468	-0.206274
0.134834	0.094629	-0.056885	-0.206870
0.134789	0.094803	-0.059169	-0.207085
0.134909	0.094718	-0.059247	-0.207118
0.134652	0.095391	-0.059950	-0.206381
0.135170	0.096854	-0.061923	-0.206043
0.133266	0.098423	-0.061740	-0.206597
0.129410	0.098116	-0.062794	-0.207471
0.130056	0.097897	-0.062403	-0.207501
0.129520	0.101135	-0.064230	-0.206801
0.130081	0.100737	-0.063896	-0.207104
0.129437	0.100525	-0.064793	-0.207802
0.130251	0.102923	-0.063981	-0.206051
0.128056	0.102060	-0.064048	-0.206512
0.124499	0.103644	-0.063877	-0.204948
0.124789	0.104769	-0.064117	-0.205086
0.124697	0.103660	-0.062237	-0.206555
0.124562	0.105236	-0.064161	-0.206289
0.125059	0.103552	-0.062942	-0.206988
0.123129	0.102835	-0.062204	-0.206436
0.119285	0.104596	-0.062578	-0.206679
0.119951	0.104518	-0.061345	-0.207439
0.119590	0.102799	-0.061840	-0.205222
0.119789	0.102730	-0.060177	-0.206760
0.119701	0.104626	-0.061878	-0.205613
0.119745	0.103740	-0.061899	-0.205338
0.119642	0.104063	-0.060646	-0.205607
0.119772	0.102731	-0.062254	-0.206185
0.119609	0.103251	-0.062221	-0.206250
0.119841	0.104171	-0.061399	-0.205700
0.119678	0.104897	-0.063581	-0.206532
0.119745	0.105187	-0.063533	-0.206661
0.119700	0.105988	-0.063991	-0.205270
0.119735	0.105861	-0.062329	-0.207390
0.119652	0.106348	-0.062924	-0.207263
0.119688	0.106088	-0.065576	-0.206870
0.119706	0.107031	-0.063818	-0.206717
0.119725	0.106177	-0.065485	-0.206335
0.119734	0.105451	-0.065911	-0.207060
0.119750	0.107951	-0.065060	-0.205657
0.119663	0.107617	-0.066764	-0.206547
0.119615	0.109426	-0.067887	-0.206986
0.119695	0.109275	-0.066451	-0.205957
0.119705	0.110568	-0.065823	-0.206117
0.119691	0.109683	-0.067852	-0.206701
0.119670	0.110013	-0.065224	-0.207216
0.119708	0.110898	-0.067322	-0.205623
0.119710	0.110971	-0.067594	-0.206355
0.119759	0.109678	-0.067434	-0.207505
0.119694	0.109841	-0.065433	-0.205610
0.119718	0.110658	-0.066625	-0.206291
0.119671	0.109782	-0.065908	-0.206812
0.119733	0.111293	-0.065102	-0.208158
0.119674	0.112715	-0.066556	-0.207558
0.119637	0.110565	-0.065760	-0.207252
0.119665	0.111669	-0.066049	-0.205677
0.119663	0.112100	-0.066891	-0.205893
0.119753	0.111988	-0.069882	-0.206337
0.119689	0.112216	-0.069347	-0.206686
0.119758	0.114166	-0.069763	-0.207929
0.119660	0.115047	-0.070019	-0.205611
0.119698	0.115712	-0.071964	-0.204964
0.119674	0.116421	-0.070973	-0.205240
0.119752	0.116103	-0.073941	-0.206911
0.119663	0.118723	-0.073627	-0.206466
0.119749	0.118025	-0.073729	-0.207176
0.119705	0.120330	-0.074659	-0.207209
0.119691	0.119354	-0.074675	-0.206145
0.119714	0.121129	-0.075956	-0.206750
0.119669	0.121777	-0.075083	-0.207553
0.119728	0.122177	-0.075244	-0.204908
0.119718	0.122283	-0.075383	-0.204993
0.119691	0.121516	-0.074953	-0.206466
0.119700	0.122362	-0.075304	-0.206297
0.119599	0.122999	-0.077451	-0.208160
0.119757	0.124013	-0.075132	-0.207426
0.119721	0.123181	-0.076635	-0.204885
0.119765	0.123445	-0.074427	-0.206795
0.119689	0.124466	-0.076804	-0.206222
0.119762	0.125335	-0.077199	-0.207055
0.119560	0.125596	-0.076057	-0.207386
0.119784	0.126657	-0.075967	-0.206532
0.119552	0.127221	-0.075463	-0.207771
0.119990	0.126662	-0.074739	-0.206439
0.119227	0.128669	-0.072566	-0.206416
0.122316	0.129798	-0.074130	-0.206193
0.125170	0.129254	-0.073953	-0.206314
0.124579	0.131006	-0.076013	-0.205216
0.124845	0.132093	-0.075285	-0.205443
0.124564	0.133022	-0.075725	-0.205973
0.124899	0.132908	-0.075673	-0.205493
0.124573	0.134739	-0.074822	-0.205780
0.125184	0.132715	-0.074679	-0.205364
0.129523	0.132831	-0.074744	-0.206996
0.129877	0.134176	-0.074593	-0.206554
0.129743	0.136072	-0.074842	-0.206824
0.129789	0.134968	-0.075010	-0.206695
0.129852	0.136450	-0.075109	-0.205928
0.129772	0.134790	-0.076423	-0.206276
0.129847	0.135478	-0.074748	-0.206701
0.129744	0.135714	-0.075502	-0.205543
0.129872	0.134888	-0.076186	-0.206533
0.129721	0.136897	-0.076463	-0.205002
0.129839	0.136733	-0.075399	-0.207483
0.129718	0.135883	-0.076250	-0.206497
0.130065	0.136590	-0.076995	-0.206126
0.129382	0.136640	-0.077055	-0.205621
0.132644	0.135992	-0.077129	-0.206103
0.135231	0.135744	-0.076659	-0.207563
0.134664	0.136510	-0.078594	-0.205310
0.134999	0.135111	-0.079450	-0.207987
0.134789	0.137405	-0.078929	-0.205903
0.134938	0.138634	-0.078246	-0.206018
0.134819	0.137726	-0.078793	-0.205438
0.134926	0.138253	-0.080093	-0.207541
0.134738	0.138641	-0.081831	-0.206104
0.134879	0.138454	-0.082705	-0.204952
0.134827	0.137861	-0.083792	-0.206629
0.134880	0.138141	-0.083648	-0.206289
0.134822	0.140203	-0.084843	-0.206993
0.134840	0.139636	-0.086675	-0.207084
0.134832	0.141104	-0.086962	-0.204978
0.134873	0.140741	-0.088052	-0.205826
0.134781	0.141984	-0.089603	-0.205739
0.134873	0.142647	-0.090130	-0.205663
0.134820	0.143269	-0.091374	-0.205400
0.134913	0.143437	-0.093127	-0.206315
0.134711	0.143823	-0.092643	-0.207430
0.135014	0.144136	-0.093097	-0.207447
0.134099	0.144376	-0.093814	-0.206723
0.129698	0.144704	-0.094586	-0.206413
0.129974	0.143526	-0.094474	-0.207446
0.129706	0.145156	-0.095479	-0.206583
0.129922	0.144245	-0.093607	-0.205526
0.129661	0.146331	-0.095043	-0.207082
0.129964	0.145640	-0.094717	-0.206176
0.129369	0.145028	-0.094373	-0.206111
0.133040	0.145391	-0.094191	-0.207407
0.135197	0.142994	-0.092015	-0.206515
0.134689	0.143700	-0.090955	-0.206570
0.134990	0.144034	-0.091168	-0.205146
0.134723	0.143557	-0.090315	-0.206466
0.134898	0.142894	-0.089549	-0.205148
0.134832	0.143212	-0.086800	-0.205448
0.134861	0.142849	-0.086764	-0.206627
0.134875	0.142318	-0.083897	-0.206751
0.134753	0.142749	-0.082993	-0.204786
0.134965	0.141250	-0.082306	-0.207316
0.134646	0.140429	-0.080860	-0.206157
0.135850	0.139390	-0.080244	-0.206859
0.139997	0.140970	-0.078575	-0.205766
0.139735	0.139926	-0.080224	-0.204560
0.139992	0.139263	-0.078291	-0.204847
0.139754	0.138837	-0.076681	-0.205374
0.139955	0.139405	-0.074944	-0.206662
0.139807	0.139700	-0.075432	-0.205075
0.139915	0.139295	-0.076198	-0.206854
0.139820	0.138782	-0.074459	-0.205633
0.139966	0.138452	-0.075104	-0.206300
0.139675	0.137709	-0.075226	-0.206078
0.140555	0.138346	-0.076085	-0.205776
0.144486	0.140613	-0.076245	-0.205518
0.144549	0.137510	-0.076008	-0.206423
0.144661	0.137663	-0.075506	-0.205473
0.144518	0.137853	-0.076121	-0.205764
0.144646	0.135828	-0.074602	-0.206146
0.144531	0.135807	-0.074933	-0.206499
0.144643	0.134457	-0.074942	-0.206116
0.144595	0.135009	-0.073978	-0.206320
0.144594	0.133325	-0.075491	-0.207475
0.144614	0.133684	-0.072678	-0.206550
0.144597	0.132139	-0.073764	-0.206416
0.144619	0.130566	-0.073115	-0.207987
0.144569	0.131095	-0.072598	-0.206458
0.144643	0.128805	-0.073606	-0.205453
0.144651	0.128470	-0.072667	-0.206578
0.144515	0.127399	-0.071711	-0.205655
0.144619	0.126424	-0.074286	-0.205805
0.144592	0.125644	-0.072954	-0.205891
0.144566	0.125390	-0.072632	-0.207463
0.144550	0.123734	-0.073714	-0.205071
0.144614	0.123460	-0.072508	-0.206242
0.144496	0.124016	-0.072993	-0.206669
0.144743	0.121626	-0.072702	-0.206202
0.144429	0.121213	-0.072185	-0.205206
0.148269	0.121506	-0.072494	-0.206996
0.149869	0.118132	-0.072508	-0.205509
0.149354	0.117654	-0.071381	-0.205085
0.149753	0.120175	-0.074309	-0.206063
0.149477	0.117892	-0.072627	-0.205226
0.149710	0.116388	-0.073305	-0.204991
0.149349	0.115976	-0.074788	-0.206039
0.150055	0.115555	-0.075231	-0.206128
0.147991	0.114912	-0.075226	-0.208024
0.144338	0.116000	-0.074275	-0.205607
0.144753	0.113005	-0.076038	-0.206902
0.144454	0.113515	-0.074872	-0.205724
0.144653	0.112821	-0.075096	-0.206396
0.144574	0.110225	-0.074127	-0.207212
0.144697	0.109760	-0.075472	-0.204779
0.144559	0.109569	-0.075073	-0.206879
0.144629	0.109358	-0.073101	-0.205652
0.144589	0.110019	-0.073095	-0.205653
0.144687	0.109836	-0.074328	-0.205402
0.144518	0.110860	-0.074397	-0.205796
0.144579	0.108851	-0.075330	-0.205866
0.144589	0.111486	-0.077021	-0.206824
0.144531	0.113819	-0.075736	-0.205039
0.144546	0.110188	-0.076240	-0.205815
0.144624	0.111908	-0.077337	-0.205835
0.144592	0.110980	-0.075814	-0.207115
0.144603	0.111303	-0.075223	-0.205464
0.144560	0.112073	-0.074144	-0.205055
0.144577	0.111989	-0.075448	-0.204775
0.144642	0.113074	-0.072668	-0.206058
0.144589	0.111198	-0.071438	-0.204535
0.144603	0.112383	-0.070329	-0.205475
0.144528	0.113062	-0.067776	-0.206148
0.144623	0.111868	-0.065827	-0.205261
0.144516	0.111313	-0.066248	-0.205398
0.144673	0.110486	-0.064919	-0.205929
0.144480	0.112833	-0.064502	-0.206753
0.144701	0.112050	-0.064893	-0.207311
0.144474	0.112297	-0.063785	-0.205745
0.144723	0.114354	-0.063746	-0.206921
0.144313	0.114500	-0.065090	-0.205567
0.144984	0.115533	-0.066638	-0.205993
0.142749	0.117431	-0.067721	-0.207543
0.139523	0.118184	-0.068683	-0.206089
0.139976	0.122333	-0.068051	-0.206188
0.139743	0.123356	-0.069375	-0.206503
0.139887	0.123341	-0.071073	-0.205319
0.139815	0.125357	-0.072907	-0.206475
0.139866	0.128836	-0.072429	-0.207176
0.139911	0.128508	-0.074223	-0.204621
0.139788	0.131488	-0.076010	-0.205247
0.140140	0.132567	-0.078141	-0.206887
0.137795	0.134565	-0.079028	-0.206930
0.134367	0.137645	-0.080409	-0.206696
0.135167	0.139723	-0.082930	-0.206207
0.134529	0.140927	-0.084194	-0.206434
0.135391	0.142456	-0.085952	-0.206319
0.132685	0.145215	-0.087645	-0.205631
0.129290	0.146142	-0.087961	-0.206371
0.130164	0.147204	-0.089323	-0.206294
0.129469	0.146956	-0.089328	-0.205784
0.130234	0.150124	-0.089304	-0.206292
0.127603	0.151903	-0.090500	-0.207129
0.124335	0.151269	-0.089763	-0.206390
0.124908	0.152356	-0.090193	-0.206745
0.124514	0.154807	-0.091362	-0.206988
0.124809	0.154799	-0.090707	-0.206171
0.124674	0.154741	-0.089149	-0.207554
0.124805	0.154382	-0.090425	-0.205544
0.124552	0.155257	-0.089560	-0.204573
0.124827	0.155233	-0.089049	-0.206944
0.124612	0.155404	-0.088250	-0.205831
0.124722	0.155555	-0.085111	-0.205970
0.124796	0.154920	-0.085565	-0.205920
0.124651	0.153978	-0.084234	-0.206027
0.124977	0.153674	-0.083218	-0.205840
0.129415	0.153060	-0.082515	-0.206198
0.129828	0.151467	-0.079450	-0.204702
0.129728	0.150044	-0.077467	-0.207494
0.129891	0.148455	-0.074730	-0.205845
0.129778	0.149045	-0.073984	-0.205739
0.130165	0.148217	-0.071868	-0.206297
0.134476	0.145844	-0.068958	-0.204849
0.134876	0.148015	-0.067753	-0.204912
0.134778	0.144469	-0.067296	-0.205455
0.134886	0.146739	-0.065495	-0.207582
0.134918	0.144400	-0.066103	-0.207263
0.134875	0.144008	-0.063270	-0.206167
0.135016	0.144676	-0.063416	-0.206359
0.134849	0.143708	-0.062541	-0.206543
0.135274	0.143266	-0.062336	-0.205462
0.139502	0.144808	-0.063869	-0.206474
0.139863	0.145361	-0.064289	-0.205498
0.139827	0.144000	-0.065905	-0.206842
0.139818	0.144127	-0.064779	-0.206129
0.139873	0.144645	-0.063269	-0.205169
0.139852	0.144952	-0.063629	-0.205353
0.139867	0.143322	-0.064802	-0.207008
0.139884	0.143297	-0.064089	-0.205453
0.139868	0.144938	-0.063875	-0.205482
0.139807	0.143622	-0.063601	-0.205351
0.139843	0.142816	-0.064901	-0.205098
0.139864	0.142652	-0.066397	-0.206783
0.139805	0.141462	-0.066029	-0.205573
0.139945	0.140940	-0.068041	-0.207204
0.139343	0.140882	-0.067992	-0.205879
0.134988	0.139511	-0.068123	-0.207138
0.134947	0.139136	-0.071014	-0.207233
0.134737	0.139475	-0.069297	-0.206087
0.134940	0.137150	-0.071646	-0.206078
0.134731	0.137298	-0.073592	-0.205960
0.135061	0.135007	-0.071368	-0.205934
0.134396	0.133940	-0.072102	-0.206819
0.137888	0.131602	-0.071350	-0.206594
0.140203	0.130646	-0.073404	-0.206301
0.139660	0.130363	-0.072668	-0.205734
0.139970	0.129055	-0.074112	-0.206003
0.139715	0.125690	-0.072385	-0.205161
0.139995	0.125197	-0.071257	-0.206554
0.139812	0.125698	-0.072239	-0.205236
0.139970	0.124038	-0.073336	-0.207561
0.139808	0.122390	-0.074045	-0.206609
0.139826	0.121959	-0.074378	-0.206152
0.139784	0.120595	-0.076267	-0.205249
0.139915	0.119472	-0.074087	-0.206178
0.139772	0.120766	-0.075540	-0.207245
0.139852	0.118887	-0.075350	-0.205711
0.139755	0.118669	-0.075833	-0.207921
0.139874	0.118915	-0.075624	-0.206024
0.139818	0.119925	-0.075625	-0.205410
0.139838	0.117081	-0.074949	-0.206649
0.139853	0.118200	-0.073101	-0.207087
0.139881	0.116667	-0.072489	-0.206725
0.139828	0.116603	-0.072502	-0.205152
0.139859	0.117286	-0.072899	-0.206425
0.139846	0.114240	-0.069986	-0.205375
0.139831	0.115812	-0.068643	-0.204600
0.139848	0.114660	-0.067085	-0.204840
0.139852	0.114091	-0.068915	-0.205473
0.139780	0.113900	-0.066268	-0.205814
0.139797	0.114382	-0.065590	-0.206497
0.139907	0.113522	-0.064891	-0.206736
0.139734	0.111909	-0.062374	-0.205583
0.139813	0.111359	-0.061823	-0.207835
0.139792	0.109690	-0.057128	-0.205244
0.139831	0.108951	-0.055644	-0.206165
0.139827	0.108507	-0.051944	-0.205925
0.139889	0.106350	-0.050076	-0.206401
0.139844	0.106002	-0.049113	-0.206240
0.139952	0.106001	-0.048035	-0.204784
0.139740	0.106550	-0.047324	-0.206142
0.139946	0.106861	-0.047723	-0.207836
0.139805	0.105301	-0.048161	-0.206984
0.139886	0.106861	-0.048873	-0.208287
0.139688	0.106975	-0.048415	-0.205757
0.140163	0.105623	-0.049675	-0.206907
0.136427	0.107788	-0.048226	-0.207947
0.134539	0.109765	-0.047663	-0.207204
0.135160	0.108830	-0.047271	-0.205101
0.134618	0.108805	-0.047075	-0.207722
0.135042	0.109105	-0.048226	-0.206672
0.134687	0.110205	-0.048208	-0.205616
0.135047	0.111456	-0.047980	-0.206342
0.134725	0.109875	-0.048403	-0.205516
0.134908	0.109934	-0.048420	-0.205987
0.134710	0.109970	-0.048820	-0.207439
0.135108	0.111120	-0.048789	-0.206701
0.131255	0.110816	-0.050943	-0.205861
0.129473	0.111140	-0.051259	-0.206951
0.130020	0.112488	-0.052805	-0.206420
0.129647	0.110551	-0.053354	-0.206469
0.129981	0.112571	-0.054500	-0.207386
0.129577	0.111387	-0.055225	-0.206036
0.130101	0.112450	-0.055692	-0.205232
0.125988	0.111627	-0.058559	-0.206654
0.124355	0.111572	-0.059777	-0.206000
0.124878	0.111308	-0.061033	-0.206549
0.124618	0.111368	-0.062414	-0.206440
0.124727	0.111103	-0.062630	-0.206644
0.124659	0.112642	-0.063874	-0.205930
0.124712	0.110913	-0.067006	-0.206583
0.124757	0.110994	-0.067545	-0.207222
0.124715	0.111900	-0.066911	-0.206668
0.124725	0.113044	-0.070042	-0.206940
0.124689	0.110971	-0.071195	-0.206604
0.124717	0.111048	-0.069627	-0.207016
0.124677	0.112029	-0.071944	-0.207027
0.124692	0.111207	-0.070586	-0.207062
0.124672	0.111657	-0.072071	-0.206529
0.124805	0.111402	-0.070767	-0.207549
0.124761	0.112622	-0.070985	-0.207050
0.124801	0.110128	-0.071713	-0.206494
0.124516	0.109498	-0.069727	-0.207634
0.124886	0.110103	-0.071868	-0.206870
0.124584	0.110845	-0.070415	-0.205587
0.128736	0.112291	-0.068686	-0.205226
0.130106	0.112492	-0.071038	-0.207355
0.129660	0.111886	-0.069763	-0.206381
0.129884	0.112988	-0.069658	-0.206533
0.129798	0.114086	-0.069384	-0.206314
0.129866	0.113193	-0.070444	-0.206008
0.129788	0.114574	-0.069234	-0.206523
0.129823	0.115073	-0.070123	-0.207054
0.129769	0.116222	-0.070765	-0.204734
0.129719	0.117066	-0.070059	-0.206341
0.129818	0.118782	-0.070554	-0.206048
0.129832	0.120899	-0.071894	-0.205999
0.129735	0.119775	-0.069820	-0.206495
0.129817	0.123122	-0.070206	-0.206477
0.129819	0.123693	-0.071529	-0.206731
0.129812	0.123910	-0.070356	-0.207006
0.129780	0.125449	-0.071864	-0.207791
0.129789	0.125371	-0.071631	-0.205573
0.129905	0.127998	-0.069825	-0.206688
0.129696	0.127798	-0.070771	-0.206305
0.133973	0.127444	-0.069701	-0.205831
0.135064	0.128210	-0.069777	-0.205506
0.134756	0.129196	-0.071133	-0.205110
0.134918	0.128908	-0.070347	-0.206743
0.134780	0.129072	-0.070984	-0.206354
0.134883	0.129703	-0.071967	-0.206379
0.134805	0.130697	-0.070789	-0.205612
0.134860	0.132403	-0.071645	-0.205960
0.134851	0.132073	-0.073033	-0.205903
0.134787	0.133049	-0.070306	-0.206904
0.134868	0.133229	-0.070893	-0.206618
0.134839	0.132612	-0.071034	-0.205800
0.134898	0.132751	-0.069500	-0.206063
0.134874	0.134365	-0.069988	-0.205903
0.134893	0.131776	-0.071613	-0.206028
0.134845	0.133204	-0.072266	-0.206289
0.134781	0.134360	-0.074790	-0.206604
0.134772	0.133920	-0.073979	-0.206770
0.134827	0.133447	-0.074753	-0.207851
0.134850	0.131066	-0.076338	-0.206072
0.134810	0.134084	-0.078440	-0.205626
0.134855	0.132351	-0.078564	-0.206079
0.134860	0.132809	-0.077925	-0.206657
0.134801	0.131459	-0.079635	-0.206294
0.134855	0.131304	-0.082578	-0.207243
0.134814	0.129651	-0.083890	-0.205752
0.134880	0.130289	-0.084077	-0.207664
0.134847	0.131583	-0.086629	-0.206586
0.134800	0.131536	-0.085338	-0.206165
0.134894	0.130978	-0.088151	-0.205965
0.134805	0.129448	-0.086383	-0.206490
0.134932	0.129398	-0.087492	-0.206449
0.134844	0.127751	-0.087081	-0.207243
0.135024	0.128559	-0.088334	-0.205301
0.134725	0.126882	-0.089633	-0.205834
0.134994	0.127615	-0.089900	-0.206206
0.134732	0.125266	-0.090236	-0.207178
0.135095	0.123924	-0.088413	-0.207801
0.134419	0.123204	-0.089111	-0.206515
0.137125	0.120894	-0.090190	-0.206046
0.140209	0.121065	-0.090900	-0.205270
0.139557	0.120527	-0.089466	-0.206559
0.139927	0.119049	-0.088712	-0.206730
0.139690	0.117565	-0.089600	-0.206563
0.139823	0.116297	-0.087278	-0.205414
0.140032	0.114281	-0.087689	-0.206362
0.144222	0.115105	-0.088354	-0.206227
0.144634	0.115051	-0.086656	-0.208314
0.144653	0.113656	-0.088411	-0.206057
0.144549	0.113808	-0.089118	-0.204235
0.144846	0.112074	-0.088507	-0.207469
0.149104	0.111162	-0.089782	-0.206594
0.149602	0.109915	-0.089554	-0.206798
0.149590	0.109900	-0.090672	-0.205553
0.149560	0.109795	-0.091247	-0.206550
0.149644	0.109989	-0.092572	-0.206150
0.149577	0.108285	-0.092068	-0.205805
0.149664	0.108654	-0.091845	-0.206380
0.149518	0.109791	-0.093064	-0.206028
0.149685	0.108408	-0.092626	-0.207100
0.149419	0.107064	-0.093978	-0.207184
0.150163	0.106259	-0.093455	-0.206332
0.154171	0.106180	-0.093547	-0.207285
0.155132	0.105533	-0.093913	-0.206851
0.152047	0.105190	-0.093989	-0.205266
0.149107	0.103477	-0.093449	-0.205293
0.149836	0.103413	-0.093562	-0.206073
0.149438	0.104225	-0.094129	-0.206872
0.149709	0.100725	-0.093409	-0.205533
0.149458	0.101277	-0.094190	-0.206166
0.149729	0.099388	-0.093959	-0.207625
0.149473	0.101336	-0.094534	-0.206202
0.149629	0.100968	-0.095516	-0.207584
0.149493	0.100764	-0.096865	-0.206954
0.149701	0.100083	-0.096418	-0.206587
0.149424	0.100745	-0.095775	-0.206606
0.149765	0.100789	-0.095621	-0.205973
0.149161	0.099369	-0.094484	-0.207037
0.152363	0.101397	-0.093839	-0.207469
0.155120	0.099270	-0.092104	-0.205225
0.154471	0.100323	-0.094849	-0.206000
0.154835	0.099493	-0.094746	-0.207122
0.154551	0.098576	-0.093572	-0.206533
0.154810	0.100003	-0.095618	-0.206584
0.154659	0.101052	-0.093657	-0.206624
0.154781	0.101243	-0.093869	-0.205453
0.154648	0.102089	-0.094239	-0.206802
0.154745	0.102430	-0.093677	-0.207094
0.154629	0.103048	-0.093560	-0.207420
0.154855	0.103362	-0.095285	-0.207707
0.153997	0.104579	-0.095574	-0.206451
0.149706	0.104141	-0.093830	-0.206256
0.149647	0.103088	-0.094121	-0.206691
0.149607	0.102715	-0.093394	-0.205983
0.149528	0.103480	-0.091879	-0.207342
0.149557	0.103300	-0.091356	-0.207359
0.149603	0.105720	-0.088844	-0.206580
0.149551	0.103710	-0.087973	-0.206594
0.149548	0.104833	-0.086492	-0.206076
0.149556	0.103982	-0.087631	-0.205942
0.149630	0.102898	-0.083943	-0.206285
0.149595	0.103584	-0.083333	-0.207841
0.149578	0.103863	-0.085565	-0.206507
0.149598	0.102640	-0.083819	-0.206854
0.149516	0.103451	-0.082488	-0.205300
0.149576	0.105061	-0.081851	-0.205467
0.149614	0.102874	-0.080311	-0.206549
0.149597	0.104226	-0.079253	-0.206540
0.149536	0.103947	-0.079655	-0.206727
0.149526	0.104554	-0.080070	-0.205009
0.149592	0.104205	-0.078764	-0.205658
0.149627	0.104461	-0.078833	-0.205957
0.149542	0.106625	-0.076807	-0.206335
0.149590	0.107157	-0.077798	-0.207018
0.149615	0.105312	-0.078288	-0.205844
0.149598	0.107344	-0.077714	-0.205056
0.149545	0.106234	-0.077562	-0.206023
0.149647	0.106200	-0.079342	-0.206924
0.149519	0.106409	-0.077743	-0.206335
0.149580	0.107036	-0.075962	-0.205690
0.149552	0.106331	-0.076028	-0.204934
0.149602	0.104802	-0.076433	-0.206633
0.149561	0.107231	-0.076541	-0.205747
0.149533	0.104882	-0.074254	-0.207206
0.149533	0.104989	-0.074330	-0.207173
0.149488	0.104830	-0.074103	-0.204660
0.149496	0.102816	-0.072051	-0.206730
0.149577	0.105113	-0.072960	-0.206621
0.149639	0.103780	-0.074019	-0.205780
0.149491	0.103048	-0.073671	-0.203705
0.149575	0.102840	-0.073953	-0.205561
0.149545	0.101344	-0.074308	-0.205846
0.149590	0.102152	-0.076797	-0.207496
0.149585	0.104514	-0.075664	-0.207561
0.149605	0.104260	-0.076892	-0.206872
0.149526	0.103015	-0.076344	-0.205579
0.149601	0.103670	-0.077316	-0.206495
0.149570	0.102092	-0.077917	-0.206696
0.149557	0.102775	-0.079112	-0.206400
0.149532	0.103792	-0.080950	-0.207295
0.149573	0.104725	-0.078543	-0.207097
0.149552	0.104359	-0.081089	-0.205987
0.149526	0.107314	-0.081730	-0.205460
0.149605	0.105390	-0.081441	-0.206979
0.149570	0.106739	-0.080855	-0.205593
0.149587	0.104384	-0.081146	-0.205080
0.149528	0.106977	-0.081748	-0.205012
0.149619	0.108077	-0.080341	-0.205304
0.149590	0.108374	-0.080826	-0.205528
0.149644	0.109537	-0.079910	-0.206248
0.149550	0.109751	-0.079536	-0.206366
0.149598	0.110277	-0.077621	-0.206693
0.149587	0.110387	-0.077722	-0.205557
0.149626	0.110821	-0.077814	-0.207447
0.149567	0.110006	-0.076780	-0.206320
0.149608	0.112551	-0.076386	-0.206013
0.149474	0.111204	-0.076362	-0.205600
0.149723	0.112025	-0.075784	-0.206255
0.149494	0.113832	-0.073645	-0.205919
0.149782	0.113496	-0.075216	-0.204833
0.145692	0.114862	-0.072968	-0.205462
0.144422	0.114195	-0.072099	-0.205200
0.144464	0.116177	-0.070987	-0.206761
0.145861	0.117027	-0.071380	-0.206493
0.150124	0.116737	-0.069461	-0.205796
0.149116	0.119365	-0.069023	-0.206198
0.150076	0.118840	-0.067253	-0.205811
0.147868	0.119549	-0.065778	-0.205506
0.144333	0.120133	-0.065887	-0.205257
0.144632	0.119253	-0.064564	-0.206206
0.144580	0.120826	-0.064725	-0.206242
0.144541	0.120934	-0.064550	-0.206094
0.144618	0.122032	-0.064302	-0.205770
0.144549	0.122957	-0.063813	-0.206637
0.144742	0.124422	-0.061806	-0.206661
0.144351	0.124506	-0.063249	-0.206151
0.144963	0.125917	-0.062613	-0.204923
0.143015	0.124982	-0.061884	-0.206490
0.139459	0.125392	-0.060598	-0.206657
0.139991	0.125068	-0.060192	-0.206627
0.139685	0.125266	-0.059275	-0.207679
0.140004	0.127139	-0.059959	-0.205123
0.139706	0.127291	-0.058607	-0.207882
0.139878	0.126495	-0.058879	-0.207876
0.139716	0.126141	-0.059513	-0.207069
0.139868	0.126746	-0.059438	-0.205834
0.139765	0.127314	-0.061229	-0.205782
0.139948	0.128380	-0.061726	-0.205274
0.139778	0.127288	-0.063124	-0.204979
0.139905	0.127935	-0.062899	-0.205935
0.135682	0.128573	-0.063957	-0.205870
0.134673	0.127711	-0.065606	-0.205529
0.134977	0.127361	-0.067101	-0.206186
0.134725	0.128125	-0.066268	-0.206254
0.134895	0.127692	-0.067867	-0.207679
0.134811	0.125294	-0.068932	-0.204385
0.134840	0.127165	-0.069993	-0.205745
0.134797	0.126759	-0.073435	-0.203946
0.134999	0.125100	-0.073729	-0.204256
0.134721	0.124952	-0.074819	-0.204920
0.135082	0.123972	-0.075485	-0.205554
0.134614	0.124957	-0.078235	-0.206091
0.135360	0.124327	-0.079832	-0.205412
0.132812	0.122422	-0.077364	-0.206573
0.129430	0.122733	-0.080825	-0.206185
0.129952	0.121123	-0.081662	-0.206389
0.129710	0.121026	-0.082004	-0.205259
0.129912	0.121177	-0.081894	-0.205482
0.129755	0.119904	-0.083079	-0.205280
0.129797	0.119499	-0.083088	-0.205567
0.129933	0.117522	-0.082990	-0.204705
0.129463	0.117860	-0.084077	-0.206696
0.131796	0.117200	-0.084419	-0.204260
0.135475	0.117923	-0.084046	-0.204060
0.134451	0.117615	-0.083583	-0.206030
0.135092	0.114958	-0.083912	-0.204768
0.134578	0.115670	-0.083383	-0.205564
0.135240	0.116305	-0.082537	-0.205890
0.134387	0.114638	-0.082603	-0.205571
0.137145	0.111940	-0.080782	-0.205655
0.140123	0.112222	-0.079222	-0.206218
0.139778	0.111263	-0.079232	-0.205422
0.139815	0.111998	-0.075769	-0.205988
0.139891	0.110693	-0.075125	-0.206969
0.139758	0.110347	-0.075950	-0.205734
0.139996	0.111700	-0.074941	-0.206609
0.139410	0.109902	-0.072527	-0.206985
0.142056	0.111046	-0.074397	-0.206415
0.144919	0.109310	-0.071974	-0.205831
0.144430	0.110084	-0.070197	-0.206552
0.144692	0.109228	-0.070859	-0.205407
0.144587	0.108156	-0.069234	-0.207410
0.144378	0.107861	-0.070538	-0.205429
0.144890	0.105918	-0.068593	-0.205913
0.142520	0.107795	-0.066395	-0.206330
0.139355	0.107771	-0.066613	-0.207679
0.140139	0.106714	-0.066732	-0.206535
0.139739	0.107122	-0.066114	-0.205910
0.140000	0.106605	-0.064229	-0.207686
0.139745	0.106624	-0.064604	-0.207977
0.139981	0.105612	-0.063314	-0.205815
0.139833	0.106737	-0.062373	-0.206518
0.139894	0.105335	-0.062116	-0.207514
0.139794	0.106801	-0.062293	-0.206280
0.139955	0.106425	-0.061666	-0.206215
0.139778	0.106751	-0.062148	-0.206279
0.139831	0.105133	-0.061397	-0.207184
0.139891	0.106409	-0.061105	-0.207313
0.139593	0.105764	-0.059915	-0.205928
0.135250	0.104853	-0.059094	-0.206014
0.134712	0.105103	-0.058560	-0.206653
0.134957	0.106161	-0.057411	-0.205895
0.134866	0.107020	-0.058624	-0.207246
0.134865	0.107776	-0.058726	-0.206726
0.134817	0.107379	-0.058931	-0.204538
0.134926	0.105931	-0.061791	-0.206400
0.134866	0.106841	-0.060638	-0.205006
0.134984	0.108184	-0.061759	-0.206594
0.134317	0.109924	-0.061470	-0.205217
0.130089	0.108131	-0.063992	-0.206862
0.129794	0.108509	-0.065947	-0.205925
0.129833	0.111261	-0.065847	-0.205427
0.129744	0.108921	-0.066510	-0.206502
0.129857	0.109131	-0.067997	-0.207171
0.129769	0.109377	-0.069062	-0.207100
0.130055	0.108847	-0.068897	-0.206721
0.129232	0.110290	-0.068932	-0.206938
0.124906	0.110769	-0.069955	-0.205983
0.124747	0.112692	-0.071542	-0.206482
0.124738	0.113640	-0.071116	-0.206029
0.124694	0.113809	-0.070972	-0.206700
0.124721	0.116301	-0.072625	-0.205554
0.124647	0.116299	-0.074481	-0.205807
0.124693	0.115608	-0.074390	-0.207286
0.124703	0.117102	-0.074202	-0.206517
0.124723	0.117587	-0.072897	-0.205711
0.124758	0.118547	-0.074812	-0.206529
0.124707	0.119521	-0.074220	-0.206637
0.124753	0.119065	-0.074957	-0.208026
0.124781	0.119314	-0.074234	-0.204541
0.124740	0.120437	-0.074897	-0.205573
0.124732	0.120043	-0.074259	-0.206468
0.124775	0.120458	-0.074540	-0.206232
0.124765	0.121915	-0.072816	-0.205663
0.124705	0.122084	-0.074182	-0.206564
0.124768	0.121346	-0.073353	-0.207338
0.124799	0.123561	-0.072521	-0.205736
0.124676	0.122241	-0.073375	-0.205559
0.124767	0.123889	-0.073734	-0.205610
0.124545	0.125012	-0.073902	-0.205374
0.124895	0.123783	-0.073610	-0.205859
0.124701	0.122665	-0.072383	-0.206606
0.124886	0.123317	-0.073553	-0.207088
0.124299	0.125529	-0.072472	-0.206182
0.127927	0.124361	-0.072220	-0.206788
0.130208	0.125652	-0.071911	-0.206175
0.129614	0.124512	-0.073146	-0.205910
0.129970	0.125531	-0.072506	-0.205676
0.129681	0.125753	-0.073419	-0.205478
0.129943	0.124019	-0.072567	-0.205266
0.129807	0.123540	-0.072929	-0.206776
0.129908	0.125505	-0.073311	-0.206804
0.129793	0.123844	-0.074550	-0.205343
0.129822	0.124674	-0.074451	-0.205215
0.129787	0.123631	-0.075382	-0.207386
0.129758	0.124333	-0.075914	-0.206440
0.129731	0.123441	-0.075065	-0.206603
0.129854	0.123860	-0.076457	-0.206150
0.129793	0.124350	-0.075921	-0.205491
0.129783	0.124233	-0.077426	-0.206094
0.129823	0.125434	-0.077158	-0.205507
0.129716	0.125897	-0.078690	-0.205549
0.129951	0.126670	-0.077535	-0.206985
0.129739	0.128298	-0.078363	-0.206002
0.129925	0.127429	-0.079526	-0.205382
0.129604	0.129408	-0.081416	-0.205932
0.130819	0.130229	-0.082989	-0.205194
0.134950	0.131906	-0.084059	-0.205162
0.134835	0.133688	-0.086522	-0.205774
0.134864	0.134887	-0.089096	-0.205231
0.134866	0.136231	-0.091727	-0.205942
0.134883	0.137480	-0.091441	-0.204959
0.134844	0.138927	-0.093401	-0.206400
0.134787	0.139496	-0.095553	-0.204636
0.134923	0.140264	-0.098783	-0.206270
0.134909	0.142779	-0.099584	-0.206089
0.134896	0.144025	-0.102325	-0.207137
0.134742	0.146431	-0.103748	-0.205938
0.134876	0.146893	-0.104187	-0.205843
0.134834	0.147485	-0.106483	-0.205176
0.134845	0.150237	-0.106691	-0.205120
0.134775	0.149691	-0.107388	-0.206441
0.134979	0.151036	-0.107644	-0.206218
0.134775	0.151298	-0.108441	-0.205315
0.135029	0.153007	-0.109412	-0.205727
0.134528	0.154082	-0.108870	-0.205705
0.135871	0.155311	-0.109215	-0.206857
0.139877	0.156964	-0.109627	-0.206727
0.139820	0.156100	-0.107575	-0.206286
0.139896	0.156595	-0.107743	-0.205834
0.139931	0.156968	-0.106348	-0.206745
0.139783	0.157184	-0.105245	-0.205959
0.139923	0.157645	-0.102165	-0.204939
0.139629	0.157659	-0.099466	-0.206265
0.143494	0.157416	-0.098540	-0.206643
0.144809	0.156944	-0.095883	-0.205960
0.144508	0.154818	-0.093301	-0.206911
0.144564	0.154705	-0.092369	-0.206004
0.144637	0.153331	-0.090548	-0.204378
0.144380	0.154050	-0.088299	-0.205621
0.145996	0.153149	-0.085947	-0.207241
0.149948	0.153813	-0.085358	-0.205191
0.149296	0.153067	-0.082894	-0.205569
0.149787	0.149639	-0.080638	-0.206469
0.149466	0.150424	-0.078746	-0.206008
0.149828	0.148145	-0.075300	-0.206081
0.149449	0.148966	-0.072828	-0.205831
0.149758	0.146771	-0.070916	-0.206025
0.149425	0.147304	-0.068513	-0.204428
0.153752	0.146366	-0.066814	-0.205240
0.154904	0.144395	-0.065035	-0.205131
0.154614	0.143504	-0.065242	-0.205333
0.154804	0.143169	-0.066090	-0.205620
0.154707	0.142050	-0.066421	-0.205959
0.154659	0.139970	-0.064241	-0.205705
0.154736	0.141849	-0.062226	-0.204249
0.154623	0.139676	-0.063238	-0.205438
0.154756	0.138026	-0.063469	-0.204444
0.154648	0.135644	-0.062789	-0.205488
0.154775	0.135387	-0.062731	-0.206173
0.154647	0.133806	-0.060663	-0.204948
0.154762	0.133663	-0.061512	-0.205354
0.150443	0.133131	-0.060394	-0.205923
0.149311	0.130376	-0.059568	-0.205340
0.149706	0.129874	-0.060093	-0.204850
0.149469	0.127594	-0.059389	-0.206624
0.149659	0.126937	-0.060059	-0.204218
0.149508	0.126309	-0.060276	-0.204071
0.149675	0.123943	-0.062117	-0.205702
0.149593	0.123858	-0.061073	-0.205666
0.149608	0.122741	-0.062615	-0.205229
0.149537	0.121901	-0.063190	-0.205844
0.149666	0.122137	-0.064102	-0.205866
0.149526	0.119243	-0.065215	-0.205102
0.149610	0.116953	-0.068144	-0.205821
0.149615	0.117816	-0.068489	-0.206718
0.149571	0.115461	-0.068281	-0.206295
0.149583	0.115630	-0.069813	-0.204160
0.149512	0.112987	-0.068999	-0.205516
0.149650	0.112828	-0.071829	-0.205400
0.149542	0.112430	-0.071807	-0.204273
0.149484	0.110677	-0.073563	-0.205205
0.145291	0.108490	-0.072361	-0.205945
0.144417	0.108619	-0.074067	-0.206171
0.144661	0.106926	-0.072120	-0.206037
0.144540	0.106501	-0.072029	-0.207104
0.144570	0.107676	-0.073717	-0.205455
0.144551	0.106235	-0.073968	-0.205452
0.144608	0.105475	-0.072992	-0.206002
0.144492	0.104245	-0.073961	-0.205860
0.144609	0.104202	-0.074210	-0.204849
0.144575	0.105168	-0.072180	-0.205891
0.144597	0.104293	-0.071894	-0.205754
0.144554	0.102487	-0.069495	-0.205618
0.144633	0.102565	-0.069610	-0.205638
0.144619	0.101114	-0.067980	-0.204552
0.144580	0.100998	-0.067164	-0.206350
0.144594	0.102465	-0.066713	-0.205663
0.144607	0.100726	-0.064444	-0.206017
0.144555	0.100954	-0.063664	-0.204880
0.144511	0.102950	-0.063137	-0.207025
0.144618	0.102525	-0.062660	-0.205122
0.144598	0.103542	-0.064067	-0.205792
0.144550	0.105854	-0.061986	-0.206423
0.144595	0.105013	-0.059863	-0.205341
0.144548	0.105081	-0.060538	-0.206627
0.144554	0.105070	-0.060893	-0.205551
0.144583	0.105683	-0.060754	-0.205736
0.144602	0.104588	-0.059225	-0.205934
0.144602	0.105901	-0.058235	-0.205643
0.144643	0.106504	-0.057120	-0.206126
0.144612	0.106237	-0.057035	-0.206944
0.144566	0.105533	-0.056342	-0.205638
0.144597	0.107040	-0.052933	-0.205809
0.144589	0.106456	-0.052651	-0.206919
0.144314	0.108402	-0.054218	-0.206010
0.140098	0.106374	-0.053463	-0.205339
0.139854	0.107142	-0.053703	-0.206218
0.139763	0.108070	-0.052337	-0.206421
0.140154	0.107621	-0.054011	-0.207167
0.137456	0.107624	-0.054021	-0.207614
0.134346	0.106598	-0.054492	-0.206831
0.135291	0.107080	-0.055395	-0.206005
0.134520	0.107822	-0.054913	-0.206211
0.135358	0.107284	-0.055244	-0.205130
0.132086	0.107180	-0.055299	-0.206826
0.129561	0.107100	-0.055532	-0.205700
0.129920	0.108155	-0.057069	-0.205885
0.129851	0.110865	-0.058260	-0.205517
0.129736	0.110469	-0.061185	-0.205523
0.129952	0.109900	-0.059807	-0.206756
0.129695	0.111177	-0.061633	-0.206230
0.130214	0.109935	-0.061557	-0.207613
0.127141	0.109362	-0.062590	-0.204999
0.124254	0.110095	-0.063543	-0.205987
0.125014	0.110129	-0.064169	-0.204560
0.124636	0.110585	-0.064398	-0.206183
0.124876	0.110148	-0.064548	-0.205402
0.124577	0.110083	-0.063209	-0.206197
0.124780	0.109537	-0.065066	-0.204308
0.124636	0.109597	-0.065079	-0.205963
0.124824	0.109961	-0.066659	-0.205454
0.124681	0.109345	-0.065075	-0.205435
0.124789	0.108577	-0.063886	-0.205179
0.124667	0.106514	-0.063776	-0.205097
0.124741	0.107805	-0.064165	-0.205528
0.124728	0.106460	-0.064206	-0.204654
0.124791	0.107314	-0.060428	-0.205712
0.124662	0.107211	-0.061269	-0.205952
0.124717	0.106478	-0.059459	-0.204228
0.124727	0.105867	-0.059083	-0.206232
0.124703	0.105419	-0.058053	-0.206544
0.124743	0.103557	-0.056357	-0.204927
0.124678	0.103629	-0.056061	-0.206124
0.124713	0.106225	-0.053432	-0.205656
0.124770	0.104844	-0.056058	-0.203124
0.124600	0.105166	-0.056051	-0.205067
0.124768	0.105469	-0.056637	-0.206275
0.124677	0.107480	-0.056969	-0.206167
0.124822	0.107888	-0.057308	-0.206210
0.124622	0.106920	-0.059360	-0.204461
0.124817	0.109658	-0.059849	-0.205403
0.124544	0.110283	-0.059113	-0.205630
0.125574	0.109792	-0.060473	-0.206047
0.129720	0.112491	-0.061805	-0.204299
0.129812	0.112756	-0.060331	-0.205759
0.129739	0.114576	-0.063834	-0.206424
0.129863	0.114792	-0.060859	-0.204145
0.129646	0.115201	-0.063533	-0.205934
0.130125	0.115439	-0.064872	-0.206707
0.126587	0.116901	-0.064684	-0.205616
0.124385	0.117951	-0.065382	-0.205791
0.124947	0.118811	-0.066744	-0.205113
0.124533	0.117096	-0.068667	-0.205564
0.124849	0.118122	-0.068038	-0.205875
0.124593	0.117274	-0.069044	-0.205341
0.124713	0.118239	-0.071161	-0.205156
0.124661	0.117620	-0.072945	-0.205594
0.124822	0.118909	-0.072420	-0.206535
0.124644	0.118270	-0.073570	-0.205512
0.124832	0.117371	-0.073096	-0.206362
0.124721	0.118056	-0.074280	-0.207125
0.124782	0.119415	-0.075970	-0.205909
0.124681	0.119174	-0.077199	-0.206688
0.124762	0.117983	-0.078748	-0.204935
0.124731	0.120289	-0.079915	-0.206504
0.124826	0.120497	-0.080226	-0.208167
0.124594	0.122282	-0.083132	-0.206139
0.124918	0.122144	-0.084528	-0.204944
0.124383	0.123080	-0.083933	-0.203812
0.128166	0.123079	-0.087406	-0.206238
0.130213	0.123356	-0.088260	-0.206201
0.129624	0.124705	-0.088468	-0.206330
0.130001	0.124013	-0.091173	-0.204870
0.129745	0.124169	-0.089867	-0.205211
0.129888	0.125027	-0.089944	-0.206133
0.129714	0.124938	-0.091852	-0.207248
0.129857	0.126539	-0.091917	-0.205953
0.129710	0.126146	-0.092904	-0.205762
0.129956	0.126058	-0.094355	-0.205812
0.129753	0.127010	-0.095376	-0.204714
0.129984	0.126907	-0.093618	-0.206178
0.129701	0.126077	-0.095419	-0.206380
0.130010	0.126209	-0.093769	-0.205874
0.129538	0.125842	-0.092513	-0.205839
0.131023	0.127321	-0.091073	-0.204567
0.135049	0.127569	-0.091045	-0.204616
0.134704	0.127102	-0.088918	-0.205478
0.134985	0.125961	-0.086961	-0.205875
0.134849	0.124038	-0.086078	-0.205557
0.134812	0.125014	-0.083334	-0.205435
0.134868	0.124303	-0.080370	-0.204225
0.134889	0.123531	-0.079885	-0.204552
0.134901	0.122948	-0.079783	-0.205900
0.134735	0.123301	-0.076352	-0.204263
0.135046	0.123390	-0.076377	-0.205875
0.134599	0.121869	-0.075540	-0.205860
0.138545	0.122241	-0.076366	-0.205577
0.140167	0.122349	-0.075359	-0.205182
0.139642	0.121341	-0.073245	-0.205153
0.139941	0.121771	-0.070970	-0.204888
0.139812	0.122218	-0.071170	-0.206822
0.139941	0.121476	-0.070174	-0.205894
0.139715	0.121361	-0.070895	-0.204793
0.139869	0.122646	-0.071073	-0.206304
0.139847	0.122830	-0.071434	-0.206279
0.139883	0.124052	-0.070252	-0.204619
0.139799	0.122493	-0.070205	-0.205851
0.139813	0.121482	-0.069327	-0.205998
0.139779	0.123253	-0.068223	-0.206570
0.139839	0.123156	-0.068529	-0.205378
0.139844	0.122446	-0.068818	-0.208111
0.139861	0.124057	-0.068772	-0.204915
0.139881	0.122922	-0.067752	-0.205498
0.139861	0.121282	-0.065712	-0.205879
0.139926	0.121734	-0.066283	-0.205353
0.139792	0.121250	-0.066896	-0.205271
0.139940	0.120563	-0.066126	-0.205592
0.139792	0.121283	-0.065318	-0.206371
0.139902	0.120652	-0.067997	-0.207297
0.139857	0.118916	-0.068546	-0.203384
0.139891	0.120204	-0.067921	-0.204781
0.139826	0.118946	-0.069046	-0.206206
0.139846	0.117848	-0.069138	-0.205306
0.139800	0.118976	-0.070410	-0.205568
0.139956	0.117972	-0.069902	-0.204788
0.139760	0.117565	-0.070687	-0.204364
0.140007	0.115410	-0.070933	-0.205037
0.139592	0.116588	-0.071259	-0.204676
0.140211	0.116340	-0.072501	-0.204971
0.138144	0.114870	-0.071670	-0.206454
0.134476	0.114732	-0.073533	-0.205567
0.135113	0.116500	-0.075216	-0.205682
0.134778	0.114242	-0.075772	-0.206265
0.134942	0.113933	-0.075181	-0.204721
0.134790	0.113557	-0.077411	-0.206211
0.134963	0.113367	-0.077259	-0.205815
0.134806	0.112617	-0.075921	-0.205246
0.134909	0.113651	-0.077673	-0.205636
0.134835	0.113914	-0.077198	-0.206290
0.134868	0.112934	-0.077115	-0.206331
0.134804	0.114158	-0.076734	-0.205631
0.134889	0.113255	-0.080335	-0.203532
0.134791	0.113661	-0.078910	-0.204339
0.134950	0.111547	-0.078807	-0.204890
0.139093	0.113330	-0.079044	-0.205514
0.139961	0.112984	-0.078832	-0.204780
0.135481	0.113475	-0.079251	-0.206088
0.134751	0.114706	-0.078461	-0.205772
0.134924	0.114669	-0.078482	-0.206153
0.134762	0.113947	-0.077633	-0.205333
0.134906	0.116030	-0.077238	-0.204448
0.134746	0.114088	-0.074347	-0.204622
0.134894	0.115446	-0.075782	-0.204905
0.134899	0.115384	-0.073367	-0.206545
0.139075	0.114593	-0.071900	-0.204934
0.139979	0.114660	-0.071569	-0.204587
0.139773	0.116846	-0.072181	-0.204332
0.139851	0.116608	-0.071945	-0.205631
0.139810	0.117855	-0.070732	-0.204944
0.139859	0.119362	-0.071492	-0.205041
0.139772	0.119559	-0.072724	-0.205752
0.139906	0.121160	-0.071598	-0.203347
0.139777	0.119865	-0.071124	-0.206453
0.139851	0.119324	-0.071363	-0.206850
0.139889	0.120174	-0.069929	-0.205254
0.139765	0.120381	-0.070211	-0.206451
0.139809	0.119736	-0.070188	-0.205542
0.139790	0.118697	-0.068536	-0.205068
0.139851	0.119584	-0.066482	-0.207060
0.139857	0.117887	-0.066586	-0.205633
0.139886	0.121128	-0.066250	-0.206697
0.139818	0.120865	-0.067540	-0.207377
0.139854	0.119267	-0.066745	-0.205202
0.139903	0.121079	-0.068122	-0.207367
0.139654	0.122035	-0.068637	-0.206539
0.135170	0.121373	-0.070206	-0.205975
0.134810	0.124151	-0.071919	-0.206748
0.134861	0.125391	-0.074250	-0.207045
0.135002	0.126530	-0.075107	-0.205729
0.134770	0.127948	-0.078985	-0.205469
0.135007	0.129118	-0.078688	-0.206644
0.134622	0.129604	-0.081134	-0.206366
0.135295	0.129775	-0.080930	-0.205975
0.132427	0.132589	-0.084771	-0.205349
0.129397	0.133671	-0.086323	-0.206730
0.130054	0.134491	-0.088532	-0.205126
0.129616	0.135775	-0.090276	-0.205546
0.129956	0.137072	-0.092315	-0.207042
0.129681	0.137673	-0.094287	-0.205730
0.129886	0.137794	-0.095497	-0.207270
0.129773	0.138857	-0.097275	-0.205380
0.129837	0.139534	-0.098675	-0.205328
0.129774	0.141596	-0.100747	-0.206454
0.129863	0.142346	-0.101238	-0.208122
0.129798	0.142661	-0.103183	-0.205579
0.129827	0.142795	-0.105671	-0.204973
0.129738	0.146529	-0.106999	-0.205662
0.129802	0.146122	-0.108083	-0.205890
0.129837	0.149379	-0.108882	-0.205980
0.129768	0.151804	-0.110039	-0.204516
0.129797	0.152261	-0.113632	-0.204877
0.129769	0.154917	-0.113957	-0.207005
0.129888	0.155462	-0.114399	-0.205927
0.129713	0.159586	-0.118150	-0.206557
0.130374	0.159304	-0.116072	-0.205278
0.134659	0.160328	-0.117147	-0.204764
0.134885	0.163012	-0.118047	-0.207035
0.134863	0.164864	-0.118543	-0.206097
0.134791	0.167332	-0.119512	-0.207138
0.134939	0.166556	-0.119647	-0.207310
0.134751	0.168179	-0.119744	-0.206473
0.135413	0.168236	-0.117927	-0.205222
0.139714	0.170299	-0.117551	-0.206202
0.139858	0.172595	-0.115463	-0.205952
0.139817	0.173098	-0.116661	-0.205736
0.139913	0.175114	-0.114594	-0.206418
0.139799	0.175044	-0.113137	-0.206815
0.139827	0.176600	-0.109985	-0.204806
0.139672	0.176476	-0.109349	-0.206426
0.140338	0.177013	-0.109042	-0.205111
0.144477	0.177091	-0.106970	-0.206494
0.144457	0.177629	-0.106442	-0.204323
0.144635	0.175405	-0.104687	-0.204919
0.144445	0.176073	-0.101170	-0.205321
0.144753	0.175750	-0.101979	-0.205050
0.144329	0.176417	-0.100946	-0.205497
0.145313	0.176168	-0.097789	-0.205220
0.149506	0.177429	-0.096740	-0.205146
0.149620	0.176381	-0.095225	-0.204110
0.149546	0.177075	-0.096897	-0.205061
0.149617	0.174830	-0.091926	-0.203750
0.149373	0.175047	-0.090031	-0.205809
0.150356	0.172542	-0.090244	-0.203764
0.154663	0.171344	-0.087585	-0.205472
0.154719	0.172054	-0.088250	-0.205393
0.154718	0.171454	-0.086205	-0.205393
0.154721	0.171446	-0.084116	-0.205210
0.154639	0.168109	-0.085199	-0.205623
0.154916	0.166337	-0.083993	-0.205375
0.154367	0.165084	-0.083408	-0.205424
0.157854	0.163697	-0.083032	-0.204982
0.160101	0.162158	-0.082455	-0.205737
0.159467	0.159808	-0.079535	-0.206028
0.159834	0.158549	-0.078061	-0.206009
0.159603	0.156071	-0.078551	-0.205671
0.159825	0.154073	-0.077804	-0.205363
0.159590	0.154989	-0.077363	-0.203839
0.159848	0.151183	-0.074441	-0.204071
0.159592	0.148613	-0.075735	-0.204833
0.159787	0.146955	-0.075330	-0.204783
0.159577	0.144218	-0.075965	-0.206013
0.159879	0.142939	-0.074789	-0.205296
0.159452	0.142746	-0.077173	-0.205499
0.160736	0.138346	-0.078694	-0.205148
0.164882	0.137106	-0.077611	-0.204226
0.164615	0.135927	-0.079278	-0.205231
0.164875	0.134502	-0.079979	-0.203990
0.164674	0.132093	-0.081626	-0.205226
0.164870	0.130340	-0.079971	-0.204894
0.164734	0.130244	-0.080179	-0.204771
0.164875	0.127922	-0.081305	-0.205682
0.164635	0.125841	-0.082806	-0.205824
0.164842	0.127144	-0.083083	-0.205465
0.164688	0.125445	-0.082651	-0.205237
0.164898	0.122728	-0.085175	-0.206004
0.164672	0.122846	-0.086510	-0.204375
0.164990	0.121988	-0.086695	-0.206280
0.164536	0.121286	-0.088244	-0.204829
0.165980	0.120593	-0.088887	-0.206666
0.169928	0.118194	-0.091078	-0.205315
0.169650	0.119641	-0.089519	-0.204771
0.169946	0.118548	-0.091716	-0.206523
0.169756	0.115198	-0.091311	-0.206809
0.169901	0.112919	-0.092107	-0.204957
0.169705	0.114906	-0.092123	-0.206155
0.169810	0.113202	-0.095487	-0.206597
0.169780	0.111413	-0.093512	-0.205414
0.169739	0.111056	-0.092649	-0.206086
0.169819	0.111113	-0.093162	-0.205224
0.169852	0.110472	-0.092311	-0.204041
0.169730	0.108676	-0.092455	-0.204719
0.169739	0.107781	-0.088448	-0.205167
0.169797	0.106638	-0.088749	-0.204337
0.169711	0.105704	-0.086604	-0.206147
0.169827	0.105287	-0.082801	-0.204393
0.169711	0.103645	-0.082123	-0.205256
0.169861	0.103810	-0.079605	-0.205972
0.169628	0.100769	-0.078264	-0.205522
0.169931	0.100063	-0.075191	-0.206717
0.165939	0.100671	-0.073425	-0.205269
0.164565	0.097550	-0.070484	-0.205469
0.164923	0.099973	-0.067353	-0.206705
0.164692	0.097120	-0.065072	-0.205666
0.164896	0.098275	-0.063599	-0.205336
0.164736	0.095092	-0.061438	-0.204521
0.164768	0.094198	-0.058852	-0.205301
0.164775	0.095057	-0.058047	-0.206446
0.164736	0.094158	-0.053330	-0.203775
0.164877	0.094266	-0.052327	-0.206872
0.164650	0.093934	-0.050071	-0.204786
0.165052	0.094460	-0.046736	-0.204089
0.163197	0.095841	-0.046169	-0.204751
0.159330	0.096935	-0.045554	-0.204868
0.159951	0.098244	-0.045001	-0.205911
0.159414	0.098623	-0.047547	-0.205212
0.160042	0.098877	-0.049716	-0.206761
0.158165	0.102274	-0.052226	-0.205044
0.154260	0.103292	-0.054447	-0.205398
0.155206	0.104688	-0.055757	-0.205226
0.152970	0.107724	-0.057375	-0.206378
0.149220	0.109840	-0.058914	-0.205660
0.149982	0.109080	-0.061019	-0.204890
0.147938	0.112490	-0.062333	-0.205301
0.144035	0.111939	-0.064972	-0.205797
0.145263	0.113208	-0.066040	-0.206330
0.142744	0.114365	-0.068029	-0.205630
0.139736	0.115598	-0.070821	-0.205559
0.139798	0.116000	-0.072082	-0.207375
0.139931	0.116882	-0.071937	-0.206342
0.135565	0.118561	-0.075543	-0.205781
0.135092	0.118006	-0.076733	-0.206034
0.133182	0.118099	-0.076986	-0.207331
0.129266	0.118079	-0.078797	-0.205335
0.130039	0.117862	-0.078214	-0.205246
0.125441	0.117564	-0.078637	-0.205809
0.124559	0.119737	-0.079023	-0.205628
0.124904	0.119671	-0.078971	-0.206542
0.124538	0.118638	-0.078318	-0.206448
0.120720	0.118407	-0.078195	-0.205984
0.119044	0.118561	-0.078885	-0.205724
0.121964	0.117600	-0.076782	-0.204144
0.124856	0.118443	-0.074093	-0.206573
0.124809	0.117657	-0.076337	-0.205626
0.124298	0.117434	-0.072876	-0.204243
0.126825	0.117345	-0.074070	-0.204431
0.130110	0.118244	-0.072709	-0.206331
0.129749	0.118313	-0.071815	-0.204533
0.129521	0.118520	-0.072744	-0.205671
0.131742	0.119414	-0.073027	-0.205854
0.135317	0.119537	-0.072313	-0.205916
0.134505	0.118648	-0.071988	-0.207250
0.135121	0.120065	-0.072755	-0.205563
0.134713	0.119839	-0.072675	-0.204740
0.135118	0.119268	-0.071795	-0.205477
0.134699	0.121008	-0.073215	-0.203928
0.134975	0.122493	-0.073152	-0.205705
0.134696	0.122949	-0.073026	-0.204814
0.134955	0.124381	-0.072899	-0.205107
0.134733	0.127749	-0.072702	-0.205159
0.134942	0.128015	-0.074922	-0.205092
0.134771	0.129521	-0.077294	-0.205754
0.134985	0.132818	-0.076986	-0.203342
0.134752	0.135004	-0.080006	-0.204469
0.134920	0.135693	-0.082603	-0.204952
0.134802	0.139728	-0.083383	-0.203932
0.134975	0.142337	-0.086619	-0.204765
0.134625	0.143918	-0.089352	-0.204837
0.135221	0.147414	-0.091813	-0.205836
0.132462	0.151051	-0.094428	-0.204979
0.129438	0.151936	-0.097219	-0.205579
0.129989	0.156416	-0.099201	-0.205906
0.129723	0.157827	-0.101639	-0.204635
0.129868	0.160869	-0.103053	-0.204799
0.129847	0.162722	-0.107660	-0.206165
0.129689	0.166133	-0.110066	-0.205589
0.130010	0.168453	-0.111687	-0.206123
0.129364	0.170667	-0.113648	-0.204402
0.132313	0.173969	-0.114599	-0.204919
0.135293	0.176519	-0.117890	-0.205244
0.134604	0.176792	-0.118369	-0.205343
0.135034	0.180420	-0.120279	-0.206530
0.134776	0.183413	-0.121368	-0.205770
0.134954	0.185780	-0.123782	-0.205610
0.134875	0.186097	-0.123865	-0.206039
0.134906	0.190379	-0.126055	-0.205638
0.134910	0.191060	-0.127431	-0.205404
0.134821	0.193545	-0.126621	-0.205646
0.134895	0.197579	-0.126990	-0.204399
0.134830	0.197085	-0.128510	-0.205017
0.134874	0.199548	-0.127832	-0.204339
0.135187	0.203169	-0.128380	-0.203863
0.139731	0.203824	-0.129277	-0.205978
0.139700	0.205999	-0.128375	-0.205325
0.140149	0.206475	-0.129378	-0.205269
0.139350	0.208737	-0.129907	-0.205291
0.142501	0.209410	-0.129346	-0.204968
0.144819	0.210613	-0.129846	-0.204067
0.144496	0.210812	-0.131659	-0.205072
0.144304	0.211916	-0.129041	-0.205745
0.147203	0.213333	-0.129633	-0.205028
0.150086	0.213485	-0.129838	-0.204932
0.149279	0.215038	-0.128833	-0.203990
0.149772	0.215565	-0.127879	-0.204847
0.149260	0.216283	-0.127668	-0.204221
0.150330	0.215726	-0.127790	-0.205275
0.154402	0.215278	-0.127109	-0.205460
0.154683	0.218051	-0.126712	-0.204892
0.154681	0.218206	-0.125704	-0.204248
0.154698	0.218103	-0.127183	-0.204401
0.154762	0.219567	-0.126983	-0.205823
0.154549	0.218917	-0.126115	-0.203549
0.155325	0.218791	-0.125839	-0.202917
0.159536	0.218953	-0.126464	-0.205062
0.159785	0.219833	-0.125104	-0.204499
0.159588	0.219820	-0.124494	-0.205031
0.159896	0.218806	-0.125518	-0.205107
0.159348	0.219776	-0.127588	-0.204795
0.162716	0.220284	-0.125035	-0.205321
0.165224	0.220311	-0.126553	-0.204543
0.164534	0.218490	-0.127227	-0.206122
0.165062	0.218742	-0.126980	-0.201863
0.164515	0.218295	-0.127251	-0.204507
0.165559	0.218224	-0.127960	-0.203993
0.169662	0.217637	-0.129562	-0.203331
0.169711	0.217205	-0.129751	-0.203787
0.169793	0.217515	-0.131552	-0.204436
0.169750	0.217103	-0.131517	-0.206038
0.169940	0.217285	-0.133421	-0.203730
0.169539	0.215794	-0.135529	-0.203798
0.170601	0.215520	-0.137242	-0.204304
0.174768	0.215067	-0.138133	-0.204287
0.174811	0.213346	-0.139490	-0.203827
0.174766	0.214035	-0.140657	-0.204591
0.174925	0.213210	-0.143322	-0.204184
0.174491	0.212536	-0.143221	-0.204466
0.177909	0.211363	-0.145441	-0.203884
0.180361	0.211846	-0.147356	-0.204736
0.179616	0.210434	-0.147879	-0.204630
0.180156	0.212238	-0.149613	-0.204712
0.179595	0.212706	-0.151472	-0.204939
0.180821	0.212075	-0.152815	-0.203912
0.184966	0.210019	-0.156843	-0.205767
0.184879	0.212234	-0.158490	-0.204962
0.184920	0.211447	-0.157608	-0.205876
0.184826	0.213840	-0.160921	-0.204302
0.184987	0.212871	-0.160847	-0.205384
0.184831	0.213787	-0.163422	-0.205964
0.184934	0.215636	-0.164612	-0.206033
0.184647	0.214299	-0.164224	-0.204392
0.185802	0.216276	-0.166928	-0.204650
0.189793	0.217750	-0.168464	-0.206269
0.189453	0.218226	-0.170520	-0.205348
0.189798	0.217747	-0.171245	-0.205298
0.189354	0.219928	-0.170808	-0.204878
0.190737	0.221030	-0.173046	-0.205184
0.194795	0.221824	-0.171616	-0.204314
0.194465	0.222919	-0.172722	-0.203482
0.194704	0.224973	-0.174018	-0.204273
0.194489	0.226625	-0.175271	-0.205529
0.194778	0.226281	-0.175872	-0.206089
0.194394	0.230039	-0.174100	-0.203372
0.195726	0.229528	-0.175127	-0.205241
0.199824	0.231574	-0.174374	-0.205913
0.199537	0.233864	-0.173374	-0.204610
0.199719	0.235877	-0.173876	-0.205519
0.199566	0.235241	-0.173175	-0.205469
0.199734	0.235562	-0.170793	-0.205242
0.199578	0.236675	-0.169088	-0.205301
0.199741	0.237237	-0.169383	-0.205477
0.199489	0.237489	-0.166050	-0.205353
0.199765	0.236818	-0.165814	-0.204763
0.199355	0.237544	-0.163192	-0.203795
0.201022	0.237273	-0.158117	-0.204155
0.204956	0.237397	-0.155876	-0.204130
0.204531	0.236161	-0.151618	-0.204774
0.204906	0.235544	-0.149058	-0.204805
0.204525	0.233853	-0.144144	-0.203862
0.204861	0.232116	-0.141278	-0.204541
0.204559	0.230924	-0.137060	-0.204401
0.204886	0.229953	-0.132784	-0.205303
0.204522	0.227934	-0.130221	-0.205537
0.208517	0.228112	-0.125849	-0.203899
0.209907	0.226890	-0.122685	-0.205606
0.209584	0.223607	-0.121115	-0.205068
0.209727	0.222526	-0.118036	-0.203953
0.209771	0.219436	-0.113942	-0.205289
0.209663	0.217248	-0.112101	-0.204442
0.209887	0.215865	-0.108896	-0.205259
0.209270	0.214314	-0.105029	-0.205204
0.211241	0.212000	-0.103058	-0.204452
0.215069	0.210587	-0.100041	-0.204687
0.214643	0.207412	-0.097680	-0.204815
0.214895	0.204686	-0.097754	-0.203562
0.214771	0.200783	-0.094160	-0.204939
0.214787	0.198259	-0.090972	-0.204753
0.215032	0.196600	-0.090323	-0.204022
0.213343	0.192697	-0.088529	-0.203126
0.209290	0.189757	-0.086337	-0.204552
0.209943	0.185877	-0.084165	-0.204035
0.209440	0.182521	-0.083151	-0.203800
0.209922	0.180145	-0.083222	-0.203952
0.209440	0.177100	-0.080312	-0.204344
0.209899	0.174669	-0.079086	-0.204657
0.205558	0.170730	-0.079914	-0.204213
0.204640	0.168016	-0.078944	-0.203918
0.204714	0.166545	-0.078410	-0.204260
0.204827	0.162856	-0.076587	-0.205779
0.204512	0.159723	-0.075741	-0.204798
0.205118	0.156270	-0.075720	-0.204617
0.202879	0.155119	-0.075671	-0.205506
0.199314	0.151314	-0.074212	-0.205195
0.199817	0.147887	-0.073350	-0.204446
0.199493	0.147323	-0.071723	-0.205251
0.199689	0.144022	-0.071557	-0.204764
0.199494	0.141684	-0.072003	-0.204546
0.199674	0.138639	-0.072004	-0.204764
0.199586	0.136977	-0.072648	-0.204741
0.199650	0.134573	-0.072864	-0.205394
0.199615	0.132561	-0.074255	-0.205782
0.199695	0.132574	-0.074031	-0.205398
0.199596	0.130739	-0.073956	-0.205873
0.199652	0.129816	-0.076448	-0.205344
0.199719	0.127637	-0.078386	-0.203032
0.199556	0.127584	-0.079790	-0.205194
0.199618	0.127595	-0.080706	-0.205112
0.199553	0.126657	-0.080169	-0.204671
0.199682	0.124371	-0.080478	-0.205855
0.199612	0.122759	-0.082478	-0.205690
0.199681	0.122938	-0.082468	-0.205636
0.199579	0.119503	-0.081438	-0.203036
0.199721	0.119824	-0.082926	-0.204226
0.195289	0.118617	-0.082819	-0.205856
0.194489	0.116056	-0.084795	-0.204645
0.194570	0.115828	-0.083648	-0.205138
0.194696	0.114715	-0.083271	-0.205932
0.194466	0.113052	-0.083203	-0.205681
0.194934	0.110374	-0.081602	-0.205927
0.192572	0.109352	-0.078568	-0.205770
0.189201	0.105249	-0.078199	-0.206173
0.189883	0.106301	-0.076011	-0.206776
0.189497	0.104641	-0.073696	-0.205376
0.189802	0.101988	-0.069806	-0.205131
0.189363	0.100547	-0.068421	-0.206112
0.185542	0.098788	-0.066640	-0.205950
0.184654	0.098059	-0.061331	-0.206396
0.185066	0.095446	-0.060559	-0.206126
0.184693	0.094783	-0.060586	-0.205796
0.184960	0.093179	-0.056921	-0.205927
0.180303	0.092775	-0.055771	-0.206695
0.179902	0.091995	-0.054259	-0.206088
0.179686	0.092771	-0.051255	-0.205191
0.180355	0.094613	-0.049364	-0.207340
0.177560	0.095242	-0.050700	-0.205597
0.174316	0.096390	-0.050009	-0.205053
0.175032	0.096624	-0.049103	-0.205921
0.174352	0.098845	-0.049488	-0.206503
0.170335	0.099601	-0.049740	-0.205474
0.169685	0.101602	-0.050651	-0.206949
0.169600	0.104596	-0.052719	-0.206368
0.165260	0.104819	-0.054135	-0.206756
0.164376	0.108296	-0.055354	-0.204877
0.160297	0.110647	-0.056313	-0.205650
0.159177	0.111102	-0.056657	-0.206493
0.155355	0.113834	-0.059479	-0.205850
0.154095	0.114623	-0.059973	-0.205792
0.150296	0.115872	-0.060529	-0.205898
0.148808	0.116783	-0.061197	-0.204755
0.145528	0.119433	-0.062551	-0.205095
0.141918	0.119579	-0.064591	-0.206659
0.139991	0.121928	-0.063011	-0.206112
0.137534	0.120533	-0.063219	-0.205761
0.134319	0.122328	-0.065415	-0.205790
0.134852	0.122035	-0.064313	-0.205562
0.129812	0.122615	-0.066427	-0.206312
0.130027	0.121332	-0.066556	-0.206570
0.129216	0.122297	-0.067205	-0.205626
0.125072	0.122390	-0.067090	-0.206161
0.124587	0.122298	-0.067479	-0.207449
0.124800	0.123174	-0.064642	-0.206211
0.124631	0.122342	-0.064209	-0.206092
0.124851	0.123345	-0.065639	-0.206748
0.124599	0.122124	-0.065089	-0.207217
0.124801	0.123650	-0.066480	-0.206612
0.124593	0.123104	-0.063102	-0.206821
0.124913	0.122537	-0.063731	-0.205398
0.124531	0.122900	-0.062106	-0.205717
0.124989	0.121543	-0.062516	-0.204700
0.124291	0.120983	-0.060326	-0.204667
0.127471	0.122699	-0.060137	-0.206003
0.130267	0.121388	-0.060047	-0.204755
0.129592	0.120945	-0.059273	-0.205029
0.129975	0.121906	-0.057953	-0.206062
0.129690	0.122438	-0.059771	-0.205207
0.129902	0.121959	-0.060990	-0.204659
0.129784	0.120769	-0.059474	-0.206036
0.129893	0.120195	-0.061112	-0.205462
0.129758	0.120660	-0.060000	-0.205142
0.129902	0.118962	-0.060572	-0.205153
0.129736	0.118919	-0.060677	-0.204552
0.129884	0.118439	-0.061759	-0.204946
0.129831	0.117898	-0.062189	-0.205457
0.129841	0.117344	-0.062938	-0.204647
0.129775	0.117067	-0.061365	-0.205687
0.129876	0.114608	-0.063100	-0.204810
0.129824	0.114738	-0.063783	-0.206425
0.129805	0.115982	-0.061920	-0.205533
0.129828	0.114580	-0.065752	-0.204848
0.129861	0.112860	-0.064755	-0.204652
0.129782	0.113991	-0.064696	-0.204060
0.129814	0.112642	-0.067043	-0.206067
0.129813	0.111122	-0.067059	-0.205789
0.129852	0.111347	-0.066353	-0.204834
0.129739	0.110249	-0.068266	-0.204702
0.129823	0.108067	-0.068420	-0.205925
0.129814	0.107666	-0.067645	-0.205184
0.129879	0.105725	-0.069954	-0.206007
0.129735	0.106892	-0.067234	-0.205405
0.129951	0.103867	-0.066742	-0.206010
0.129647	0.103559	-0.068590	-0.205707
0.130660	0.102366	-0.065467	-0.206668
0.134881	0.100856	-0.066138	-0.205757
0.134782	0.100891	-0.065265	-0.205105
0.134969	0.098806	-0.064928	-0.205262
0.134781	0.098871	-0.063934	-0.204478
0.135011	0.097653	-0.063456	-0.204302
0.134770	0.094996	-0.063664	-0.204294
0.135074	0.094610	-0.061818	-0.204756
0.134617	0.094356	-0.062333	-0.206488
0.135818	0.092849	-0.059856	-0.206192
0.139916	0.091333	-0.059128	-0.205805
0.139802	0.090586	-0.060925	-0.206346
0.139871	0.089387	-0.056111	-0.204684
0.139814	0.088627	-0.055209	-0.205734
0.139897	0.085776	-0.055154	-0.206242
0.139775	0.085177	-0.054906	-0.205891
0.139828	0.083537	-0.052165	-0.205658
0.139836	0.086256	-0.054853	-0.205838
0.139842	0.084122	-0.054379	-0.206401
0.139814	0.083807	-0.052245	-0.206271
0.139901	0.084757	-0.052666	-0.203966
0.139873	0.082907	-0.052384	-0.206381
0.139812	0.081856	-0.050234	-0.206662
0.139804	0.081824	-0.048174	-0.205115
0.139783	0.083514	-0.047238	-0.207060
0.139826	0.080994	-0.047870	-0.205363
0.139770	0.080656	-0.047327	-0.206380
0.139910	0.079048	-0.044490	-0.205861
0.139819	0.078820	-0.043749	-0.205591
0.139851	0.078643	-0.043391	-0.205829
0.139789	0.079063	-0.040786	-0.205410
0.139986	0.079178	-0.042916	-0.206451
0.139789	0.077188	-0.041402	-0.207037
0.139970	0.079513	-0.040832	-0.206301
0.139706	0.077513	-0.040745	-0.205519
0.140104	0.078206	-0.041349	-0.205050
0.136312	0.076863	-0.042144	-0.205746
0.134482	0.077671	-0.041053	-0.206770
0.135007	0.077576	-0.040684	-0.206191
0.134728	0.075985	-0.042206	-0.206776
0.134965	0.077890	-0.042620	-0.206954
0.134787	0.077676	-0.042859	-0.207687
0.134995	0.077770	-0.044293	-0.207080
0.134681	0.078434	-0.043220	-0.206068
0.135071	0.078215	-0.042557	-0.205716
0.131081	0.080630	-0.045654	-0.205641
0.129430	0.077375	-0.045172	-0.204600
0.130020	0.078497	-0.047930	-0.206793
0.129641	0.079342	-0.049222	-0.205880
0.130133	0.078941	-0.047518	-0.205528
0.128451	0.079130	-0.048998	-0.205247
0.124406	0.079960	-0.048893	-0.205876
0.124910	0.079427	-0.050909	-0.206424
0.124393	0.080843	-0.050166	-0.204705
0.125154	0.082333	-0.051273	-0.206166
0.123135	0.082291	-0.051106	-0.206316
0.119474	0.084283	-0.052098	-0.206003
0.119745	0.085379	-0.051957	-0.206785
0.119747	0.084093	-0.051547	-0.205701
0.119629	0.083713	-0.053797	-0.205493
0.119832	0.085021	-0.053135	-0.206005
0.119415	0.086103	-0.053304	-0.207491
0.120179	0.086194	-0.051867	-0.207947
0.118073	0.086206	-0.051542	-0.207934
0.114421	0.087460	-0.052359	-0.206654
0.114602	0.086535	-0.052448	-0.205645
0.118500	0.088234	-0.050016	-0.206608
0.120134	0.088741	-0.050279	-0.205933
0.119488	0.088912	-0.048670	-0.205780
0.119876	0.087865	-0.049104	-0.205806
0.119634	0.088213	-0.048296	-0.205975
0.119836	0.089691	-0.048418	-0.206523
0.119616	0.089105	-0.046855	-0.206091
0.119747	0.088562	-0.047683	-0.206270
0.119595	0.089514	-0.047179	-0.207271
0.119758	0.090021	-0.044846	-0.207003
0.119658	0.091545	-0.044821	-0.204845
0.119745	0.091520	-0.043527	-0.204928
0.119691	0.090948	-0.043781	-0.204508
0.119742	0.090280	-0.043623	-0.206482
0.119735	0.089005	-0.041294	-0.206185
0.119681	0.087898	-0.040427	-0.206041
0.119696	0.088274	-0.039709	-0.205469
0.119676	0.090101	-0.037990	-0.204178
0.119701	0.090144	-0.037766	-0.206052
0.119703	0.089196	-0.038361	-0.206218
0.119706	0.088413	-0.037913	-0.206059
0.119734	0.088460	-0.036634	-0.206079
0.119732	0.088332	-0.036271	-0.204746
0.119688	0.088191	-0.036698	-0.205647
0.119705	0.087738	-0.036336	-0.205932
0.119798	0.087974	-0.035806	-0.206300
0.119713	0.088492	-0.038098	-0.205561
0.119745	0.087485	-0.038765	-0.206295
0.119705	0.086858	-0.036136	-0.207212
0.119719	0.087249	-0.037156	-0.206232
0.119676	0.086821	-0.038513	-0.205874
0.119831	0.086514	-0.039241	-0.205288
0.119710	0.087340	-0.038232	-0.206720
0.119612	0.086261	-0.041387	-0.206842
0.115263	0.087807	-0.041990	-0.204976
0.114447	0.087286	-0.041590	-0.205818
0.114732	0.086102	-0.042161	-0.205893
0.114565	0.085193	-0.044006	-0.206058
0.114572	0.085878	-0.044050	-0.206689
0.114564	0.086762	-0.045744	-0.205602
0.114613	0.083752	-0.047349	-0.204020
0.114536	0.084143	-0.047063	-0.206337
0.114626	0.085046	-0.046426	-0.205172
0.114652	0.083295	-0.047246	-0.205242
0.114575	0.083098	-0.048074	-0.205992
0.114509	0.085204	-0.046494	-0.206295
0.114683	0.083598	-0.047707	-0.205554
0.114577	0.082853	-0.046266	-0.205622
0.114618	0.082695	-0.046736	-0.204877
0.114656	0.082788	-0.046214	-0.205874
0.114604	0.080456	-0.044936	-0.206014
0.114626	0.079499	-0.046762	-0.204398
0.114617	0.079026	-0.045440	-0.205934
0.114603	0.077338	-0.044307	-0.205214
0.114592	0.080254	-0.043074	-0.206217
0.114595	0.081098	-0.043255	-0.205675
0.114598	0.079108	-0.043585	-0.206373
0.114661	0.079250	-0.042104	-0.206400
0.114648	0.080755	-0.043287	-0.204848
0.114572	0.080795	-0.044030	-0.204903
0.114567	0.080297	-0.042906	-0.204602
0.114855	0.082430	-0.041777	-0.203787
0.119212	0.081765	-0.043085	-0.205724
0.119798	0.082356	-0.043297	-0.205293
0.119706	0.083546	-0.044283	-0.204712
0.119695	0.084768	-0.045287	-0.206524
0.119629	0.085541	-0.043837	-0.206297
0.119743	0.086748	-0.045733	-0.205606
0.119675	0.086517	-0.046360	-0.204591
0.119664	0.087594	-0.046773	-0.204780
0.119762	0.088442	-0.045513	-0.206279
0.119656	0.088497	-0.044337	-0.203503
0.119723	0.088670	-0.044046	-0.205675
0.119767	0.088862	-0.044261	-0.204601
0.119725	0.089922	-0.046681	-0.205449
0.119686	0.090770	-0.045429	-0.204424
0.119794	0.090830	-0.045175	-0.204494
0.119624	0.091383	-0.044736	-0.205939
0.119925	0.092908	-0.044083	-0.205672
0.119477	0.093046	-0.045070	-0.204731
0.120123	0.091137	-0.045358	-0.204284
0.117034	0.092203	-0.043453	-0.205755
0.114224	0.091839	-0.045316	-0.205224
0.114849	0.093091	-0.045298	-0.207035
0.114501	0.092853	-0.045023	-0.205301
0.114774	0.094932	-0.043678	-0.205369
0.114552	0.092032	-0.044798	-0.206232
0.114700	0.093361	-0.046204	-0.207048
0.114604	0.094924	-0.045807	-0.206368
0.114679	0.094072	-0.048285	-0.205214
0.114564	0.094533	-0.050288	-0.206355
0.114623	0.096877	-0.051385	-0.206797
0.114684	0.095568	-0.052342	-0.205714
0.114627	0.095788	-0.051407	-0.206000
0.114564	0.096718	-0.053047	-0.207643
0.114574	0.097132	-0.054824	-0.206502
0.114730	0.096885	-0.053536	-0.206935
0.114535	0.098288	-0.054962	-0.204726
0.114718	0.096366	-0.057228	-0.205340
0.114461	0.097462	-0.056217	-0.205432
0.114800	0.096473	-0.058573	-0.206202
0.114444	0.097025	-0.057944	-0.206790
0.115037	0.098221	-0.058598	-0.207365
0.111795	0.097989	-0.059381	-0.206236
0.109185	0.097283	-0.058849	-0.204778
0.109849	0.097216	-0.060995	-0.205304
0.109523	0.096809	-0.059188	-0.205019
0.109729	0.097694	-0.060175	-0.207217
0.109558	0.099005	-0.060612	-0.205989
0.109688	0.096053	-0.059434	-0.206176
0.109680	0.097306	-0.060710	-0.206305
0.109436	0.097681	-0.062700	-0.206936
0.110360	0.098726	-0.063293	-0.207020
0.114725	0.097946	-0.063611	-0.206787
0.114550	0.099026	-0.065412	-0.205942
0.114706	0.099805	-0.065616	-0.205600
0.114496	0.101262	-0.065824	-0.205281
0.114812	0.101175	-0.068267	-0.204345
0.114494	0.100817	-0.067485	-0.206591
0.114795	0.102581	-0.069247	-0.206570
0.114308	0.103738	-0.069958	-0.206830
0.115498	0.105428	-0.070250	-0.205845
0.119664	0.106639	-0.071497	-0.206309
0.119640	0.107374	-0.071245	-0.206195
0.119811	0.105286	-0.073824	-0.206121
0.119716	0.107701	-0.073915	-0.206398
0.119659	0.109697	-0.075300	-0.204482
0.119763	0.111159	-0.075249	-0.206456
0.119646	0.108940	-0.074170	-0.205667
0.119763	0.110696	-0.074775	-0.207079
0.119582	0.107652	-0.074580	-0.205841
0.119867	0.109020	-0.074395	-0.205594
0.119437	0.109562	-0.073279	-0.205824
0.123024	0.108972	-0.072165	-0.205899
0.125115	0.109138	-0.072074	-0.206160
0.124461	0.108544	-0.071893	-0.204448
0.124870	0.108230	-0.071146	-0.205924
0.124588	0.107535	-0.071563	-0.203104
0.124848	0.108509	-0.070009	-0.205169
0.124743	0.106746	-0.071369	-0.206066
0.124705	0.108382	-0.070845	-0.205215
0.124735	0.108006	-0.069747	-0.205707
0.124711	0.109179	-0.069305	-0.205038
0.124679	0.107579	-0.068969	-0.206202
0.124756	0.107677	-0.068608	-0.205602
0.124720	0.107018	-0.068410	-0.205058
0.124775	0.107458	-0.067771	-0.205022
0.124772	0.107457	-0.067885	-0.203965
0.124745	0.107870	-0.069137	-0.206223
0.124786	0.108089	-0.068217	-0.205507
0.124741	0.107974	-0.069328	-0.204702
0.124735	0.107390	-0.069894	-0.205916
0.124700	0.106754	-0.070557	-0.205407
0.124787	0.109041	-0.069496	-0.205944
0.124661	0.107643	-0.072458	-0.205293
0.124710	0.108914	-0.073066	-0.205802
0.124705	0.111442	-0.073468	-0.205127
0.124774	0.109875	-0.075869	-0.204332
0.124765	0.110199	-0.074906	-0.206445
0.124775	0.113132	-0.075620	-0.204328
0.124752	0.112014	-0.075421	-0.205676
0.124804	0.112560	-0.076323	-0.206176
0.124700	0.113983	-0.076836	-0.205705
0.124748	0.114261	-0.077195	-0.206414
0.124688	0.113585	-0.077524	-0.206260
0.124708	0.115377	-0.078451	-0.206463
0.124731	0.117424	-0.078675	-0.205052
0.124662	0.115704	-0.078927	-0.206534
0.124705	0.116314	-0.078984	-0.205195
0.124677	0.117820	-0.079079	-0.206931
0.124758	0.118433	-0.081085	-0.207372
0.124687	0.118628	-0.081055	-0.207786
0.124761	0.119765	-0.080533	-0.206849
0.124763	0.120830	-0.082732	-0.205927
0.124745	0.121087	-0.080781	-0.205885
0.124652	0.120645	-0.082549	-0.206805
0.124760	0.119977	-0.080727	-0.206465
0.124727	0.123055	-0.081773	-0.205856
0.124844	0.120190	-0.081443	-0.206033
0.124666	0.122508	-0.079926	-0.205100
0.124854	0.122655	-0.079505	-0.205313
0.124557	0.121928	-0.078383	-0.204130
0.124934	0.123823	-0.078741	-0.206603
0.124407	0.122456	-0.077268	-0.205924
0.126333	0.124603	-0.078258	-0.205326
0.130112	0.125327	-0.076737	-0.205653
0.129571	0.125852	-0.076961	-0.205913
0.129916	0.125869	-0.075591	-0.205514
0.129725	0.126474	-0.077450	-0.207338
0.129935	0.126886	-0.075953	-0.204046
0.129749	0.125682	-0.076584	-0.206187
0.129848	0.126056	-0.074912	-0.204723
0.129829	0.126404	-0.075426	-0.205509
0.129780	0.126404	-0.073301	-0.206678
0.129846	0.125831	-0.073344	-0.205774
0.129902	0.125084	-0.072652	-0.206664
0.129819	0.124173	-0.073603	-0.206926
0.129780	0.123526	-0.073685	-0.207587
0.129794	0.122496	-0.073372	-0.206698
0.129784	0.122934	-0.072128	-0.203975
0.129832	0.123333	-0.069248	-0.205563
0.129805	0.120608	-0.067771	-0.204996
0.129714	0.120141	-0.068940	-0.207505
0.129854	0.119710	-0.069593	-0.206664
0.129846	0.120071	-0.067579	-0.204655
0.129805	0.117801	-0.067888	-0.205018
0.129837	0.118606	-0.065529	-0.205219
0.129784	0.116555	-0.069223	-0.206336
0.129745	0.116560	-0.065720	-0.205328
0.129853	0.115643	-0.066807	-0.205572
0.129821	0.112830	-0.065418	-0.204830
0.129822	0.112796	-0.066730	-0.207421
0.129886	0.112228	-0.067259	-0.205468
0.129848	0.111921	-0.069770	-0.205408
0.129822	0.110066	-0.067818	-0.205447
0.129912	0.111660	-0.066761	-0.204893
0.129799	0.108856	-0.067660	-0.204642
0.129804	0.109362	-0.067738	-0.205425
0.129753	0.109233	-0.068460	-0.205073
0.129807	0.107165	-0.069810	-0.205741
0.129926	0.108718	-0.068746	-0.205829
0.129794	0.107891	-0.067692	-0.205365
0.129805	0.107771	-0.068368	-0.206812
0.129833	0.105773	-0.066846	-0.204908
0.129848	0.105450	-0.066855	-0.205390
0.129836	0.105165	-0.066500	-0.206723
0.129859	0.104384	-0.066217	-0.205513
0.129739	0.104808	-0.065293	-0.205078
0.129864	0.103744	-0.064391	-0.206000
0.129822	0.101288	-0.063086	-0.205167
0.129836	0.101906	-0.062714	-0.206232
0.129798	0.102198	-0.062328	-0.205509
0.129878	0.101363	-0.062269	-0.205395
0.129750	0.102749	-0.063797	-0.205661
0.129898	0.103057	-0.062534	-0.204848
0.129694	0.103358	-0.061973	-0.204872
0.129948	0.103057	-0.062875	-0.206806
0.129634	0.103501	-0.061915	-0.208274
0.130015	0.104669	-0.063329	-0.204602
0.129430	0.103774	-0.063447	-0.203837
0.132143	0.105265	-0.061988	-0.205366
0.135322	0.106885	-0.063256	-0.204578
0.134605	0.105877	-0.063322	-0.205871
0.135054	0.107712	-0.062821	-0.205538
0.134715	0.105115	-0.062780	-0.205972
0.134979	0.105849	-0.061561	-0.206485
0.134727	0.105210	-0.062895	-0.206327
0.134998	0.105201	-0.062172	-0.205366
0.134742	0.104724	-0.062630	-0.205709
0.134969	0.105827	-0.061161	-0.206712
0.134692	0.105783	-0.062296	-0.204603
0.135046	0.106413	-0.062305	-0.206196
0.134613	0.106359	-0.061780	-0.205774
0.135333	0.105550	-0.062582	-0.203650
0.132264	0.106160	-0.061186	-0.205765
0.129397	0.108104	-0.063384	-0.204466
0.130004	0.109051	-0.064428	-0.205546
0.129619	0.109864	-0.066339	-0.206166
0.129991	0.110779	-0.063667	-0.206557
0.129764	0.112753	-0.068449	-0.205840
0.129837	0.110508	-0.067714	-0.207144
0.129747	0.112993	-0.066791	-0.206877
0.129896	0.113626	-0.068778	-0.206104
0.129858	0.114932	-0.068397	-0.207105
0.129839	0.114212	-0.069510	-0.205641
0.129754	0.113208	-0.069733	-0.205533
0.129863	0.113494	-0.070376	-0.206215
0.129750	0.113673	-0.069939	-0.206498
0.129804	0.114744	-0.071509	-0.206396
0.129800	0.115026	-0.071245	-0.205745
0.129861	0.115382	-0.070018	-0.205974
0.129844	0.116299	-0.071128	-0.205700
0.129828	0.118254	-0.070485	-0.204998
0.129790	0.117186	-0.070565	-0.206732
0.129794	0.116568	-0.071450	-0.204679
0.129833	0.115419	-0.073047	-0.205323
0.129901	0.118528	-0.072216	-0.206063
0.129763	0.116368	-0.071272	-0.205698
0.129800	0.115928	-0.073131	-0.204875
0.129878	0.115286	-0.071873	-0.204744
0.129883	0.114928	-0.071469	-0.204585
0.129755	0.115225	-0.071433	-0.204724
0.129842	0.114859	-0.070158	-0.203596
0.129837	0.115939	-0.071609	-0.206876
0.129824	0.116505	-0.070342	-0.205361
0.129881	0.116366	-0.069059	-0.205894
0.129838	0.114401	-0.068083	-0.205308
0.129734	0.114645	-0.068441	-0.204794
0.129851	0.113992	-0.065777	-0.205818
0.129745	0.112254	-0.065471	-0.205138
0.129948	0.111149	-0.064031	-0.205556
0.129596	0.110757	-0.063934	-0.204427
0.130164	0.110153	-0.063025	-0.205420
0.129442	0.110418	-0.060703	-0.204433
0.132913	0.108925	-0.061084	-0.206267
0.135172	0.107488	-0.058345	-0.204935
0.134603	0.106677	-0.057696	-0.204685
0.135000	0.106045	-0.055710	-0.205836
0.134762	0.104044	-0.055450	-0.205908
0.134928	0.103799	-0.055447	-0.206362
0.134821	0.102705	-0.054838	-0.205663
0.134898	0.102296	-0.052145	-0.205835
0.134850	0.102998	-0.052980	-0.205928
0.134816	0.104167	-0.053946	-0.206286
0.134884	0.103603	-0.053224	-0.205879
0.134839	0.100760	-0.051353	-0.204750
0.134875	0.102605	-0.051438	-0.206450
0.134770	0.104327	-0.049775	-0.205121
0.135063	0.102580	-0.051542	-0.204997
0.134032	0.103434	-0.052176	-0.205388
0.129728	0.104554	-0.053498	-0.204066
0.129908	0.104207	-0.053364	-0.204804
0.129739	0.104904	-0.053319	-0.206631
0.129891	0.104931	-0.055071	-0.204645
0.129739	0.104936	-0.054569	-0.204671
0.129813	0.104573	-0.055146	-0.205603
0.129876	0.103401	-0.054821	-0.205750
0.129821	0.101573	-0.055164	-0.205781
0.129783	0.103020	-0.056170	-0.205656
0.129872	0.102000	-0.056843	-0.205546
0.129813	0.101339	-0.055604	-0.204746
0.129812	0.100394	-0.056585	-0.205557
0.129769	0.099752	-0.058743	-0.207260
0.129847	0.100187	-0.056318	-0.206611
0.129744	0.097563	-0.055575	-0.207015
0.129803	0.097517	-0.057384	-0.207295
0.129763	0.098210	-0.056000	-0.205368
0.129867	0.097110	-0.057862	-0.205423
0.129625	0.096732	-0.055654	-0.206736
0.130197	0.095085	-0.056623	-0.204666
0.126289	0.092556	-0.056718	-0.206381
0.124311	0.092582	-0.056278	-0.207635
0.124888	0.091635	-0.057382	-0.205062
0.124590	0.091383	-0.056563	-0.206693
0.124844	0.090371	-0.056971	-0.207369
0.124612	0.089764	-0.056878	-0.205665
0.124873	0.088844	-0.056375	-0.205980
0.124631	0.087907	-0.055292	-0.205658
0.124875	0.087346	-0.055971	-0.204183
0.124622	0.089225	-0.056095	-0.205185
0.124883	0.088054	-0.055210	-0.206785
0.124371	0.089407	-0.055484	-0.204442
0.126010	0.085787	-0.056603	-0.205858
0.129951	0.084834	-0.057347	-0.205840
0.129674	0.085377	-0.054576	-0.205281
0.129834	0.083202	-0.053957	-0.206691
0.129822	0.084932	-0.055158	-0.206028
0.129863	0.084377	-0.054099	-0.207554
0.129833	0.082560	-0.053532	-0.204761
0.129738	0.082182	-0.052644	-0.205100
0.129999	0.083454	-0.053396	-0.204058
0.129656	0.082281	-0.052112	-0.205345
0.130091	0.081415	-0.050954	-0.205230
0.128484	0.079661	-0.048700	-0.205493
0.124546	0.079038	-0.050047	-0.206864
0.124883	0.078611	-0.046514	-0.206267
0.124615	0.078072	-0.046109	-0.206851
0.124849	0.076813	-0.043618	-0.206964
0.124717	0.079134	-0.041543	-0.205960
0.124721	0.077045	-0.043843	-0.204850
0.124692	0.077031	-0.040357	-0.205346
0.124766	0.077606	-0.042126	-0.206347
0.124654	0.077926	-0.041684	-0.204236
0.124792	0.077944	-0.039627	-0.205701
0.124653	0.079151	-0.041881	-0.204739
0.124781	0.078783	-0.041065	-0.205047
0.124710	0.079944	-0.038787	-0.205127
0.124771	0.078970	-0.040225	-0.204516
0.124713	0.081003	-0.040211	-0.206567
0.124800	0.079692	-0.038311	-0.205387
0.124631	0.080383	-0.039518	-0.206123
0.124802	0.079860	-0.038427	-0.205598
0.124644	0.082501	-0.038556	-0.204538
0.124871	0.081855	-0.037477	-0.206816
0.120760	0.082348	-0.038942	-0.204287
0.119451	0.081860	-0.038489	-0.204743
0.119942	0.082441	-0.038051	-0.205021
0.119642	0.083124	-0.037742	-0.206520
0.119869	0.082445	-0.038779	-0.205685
0.119594	0.082248	-0.038919	-0.205459
0.119800	0.080856	-0.038002	-0.205725
0.119640	0.080990	-0.038830	-0.205668
0.119787	0.078417	-0.038166	-0.205230
0.119617	0.078339	-0.038849	-0.205318
0.119799	0.077712	-0.039547	-0.205224
0.119551	0.077974	-0.040774	-0.205904
0.120088	0.076804	-0.043153	-0.204937
0.117907	0.076893	-0.043025	-0.204546
0.114230	0.076087	-0.043234	-0.205162
0.114814	0.075199	-0.043744	-0.205886
0.114609	0.075220	-0.045421	-0.206017
0.114664	0.074335	-0.046409	-0.205241
0.114578	0.073280	-0.043807	-0.205916
0.114667	0.073287	-0.044952	-0.205982
0.114533	0.074892	-0.044536	-0.206391
0.114752	0.071785	-0.043362	-0.205141
0.114565	0.070547	-0.043593	-0.204949
0.114569	0.071145	-0.044746	-0.207078
0.114552	0.069101	-0.044791	-0.206241
0.114638	0.069543	-0.044872	-0.204847
0.114661	0.069307	-0.046629	-0.206825
0.114597	0.070500	-0.046496	-0.206399
0.114644	0.071465	-0.046425	-0.206314
0.114594	0.071020	-0.046491	-0.206143
0.114550	0.070363	-0.046669	-0.204999
0.114579	0.071179	-0.047831	-0.206599
0.114656	0.071296	-0.048797	-0.207174
0.114599	0.072738	-0.048725	-0.206325
0.114664	0.073386	-0.049631	-0.205677
0.114618	0.072357	-0.049319	-0.205179
0.114582	0.076718	-0.051253	-0.205752
0.114616	0.076915	-0.052917	-0.205568
0.114559	0.075359	-0.055138	-0.206445
0.114579	0.077042	-0.055098	-0.206056
0.114623	0.079824	-0.053666	-0.207127
0.114614	0.077950	-0.054056	-0.205660
0.114580	0.080492	-0.056178	-0.205640
0.114695	0.081949	-0.057394	-0.205983
0.114605	0.082157	-0.057123	-0.204561
0.114580	0.082141	-0.058405	-0.207429
0.114657	0.083217	-0.058532	-0.205051
0.114607	0.084044	-0.056520	-0.205992
0.114613	0.081964	-0.057241	-0.206588
0.114563	0.083862	-0.056972	-0.205324
0.114558	0.084961	-0.057118	-0.205606
0.114555	0.084745	-0.056632	-0.205688
0.114614	0.085350	-0.055695	-0.206146
0.114613	0.085266	-0.054936	-0.206236
0.114612	0.087378	-0.055539	-0.206628
0.114637	0.087643	-0.054011	-0.205672
0.114662	0.085136	-0.050476	-0.206208
0.114604	0.086612	-0.051097	-0.205260
0.114624	0.087180	-0.051868	-0.204537
0.114564	0.086254	-0.050267	-0.206959
0.114807	0.087992	-0.048911	-0.206436
0.119269	0.088617	-0.050443	-0.204733
0.119710	0.088602	-0.048657	-0.205257
0.119632	0.089767	-0.051680	-0.206170
0.119636	0.088770	-0.050324	-0.204401
0.119666	0.091364	-0.049845	-0.205672
0.119636	0.090457	-0.052200	-0.205455
0.119658	0.090383	-0.051909	-0.205378
0.119630	0.089601	-0.054362	-0.204313
0.119816	0.090260	-0.055061	-0.205252
0.119658	0.091462	-0.053541	-0.204487
0.119806	0.090298	-0.054452	-0.206176
0.119627	0.090306	-0.057034	-0.204655
0.119858	0.091322	-0.056945	-0.204289
0.119466	0.092137	-0.058008	-0.205886
0.120079	0.093277	-0.058810	-0.205082
0.117096	0.092376	-0.060858	-0.205120
0.114125	0.094099	-0.061900	-0.205196
0.114922	0.094619	-0.059410	-0.205370
0.114352	0.094788	-0.061092	-0.204294
0.114779	0.094861	-0.061592	-0.203967
0.114395	0.095832	-0.063045	-0.204289
0.114797	0.097528	-0.060935	-0.205214
0.114392	0.095946	-0.062502	-0.204467
0.114796	0.096598	-0.063117	-0.203453
0.114309	0.094837	-0.061679	-0.203485
0.115116	0.094444	-0.062830	-0.205353
0.111832	0.096340	-0.064447	-0.205821
0.109345	0.094302	-0.063889	-0.204337
0.109673	0.096338	-0.063296	-0.203840
0.110083	0.096779	-0.062165	-0.204961
0.114475	0.094335	-0.063595	-0.204081
0.114572	0.094839	-0.063764	-0.204748
0.114582	0.095400	-0.062917	-0.205759
0.114667	0.094640	-0.062744	-0.204035
0.114518	0.097162	-0.063928	-0.204407
0.114748	0.096464	-0.063793	-0.205651
0.114254	0.094785	-0.063817	-0.205415
0.117479	0.096834	-0.061252	-0.204390
0.120148	0.095241	-0.062501	-0.205622
0.119555	0.094984	-0.062370	-0.205435
0.119804	0.095981	-0.063946	-0.204281
0.119669	0.096061	-0.063171	-0.205703
0.119723	0.096617	-0.062379	-0.204096
0.119616	0.095786	-0.064596	-0.204373
0.119690	0.097015	-0.064225	-0.205409
0.119691	0.098141	-0.066511	-0.204882
0.119655	0.099224	-0.066544	-0.203827
0.119739	0.098064	-0.068091	-0.206203
0.119550	0.097888	-0.066060	-0.204411
0.119925	0.099304	-0.067762	-0.204779
0.119364	0.101135	-0.067108	-0.204370
0.122768	0.099272	-0.067381	-0.206291
0.125090	0.099050	-0.066613	-0.206265
0.124500	0.100015	-0.067000	-0.204774
0.124891	0.097634	-0.066954	-0.206134
0.124622	0.097355	-0.068232	-0.204487
0.124791	0.098536	-0.066276	-0.206404
0.124620	0.099247	-0.065111	-0.205506
0.124789	0.096804	-0.064753	-0.206557
0.124639	0.096870	-0.061814	-0.205938
0.124750	0.094789	-0.060917	-0.208234
0.124700	0.092898	-0.060647	-0.206196
0.124725	0.091871	-0.058638	-0.205726
0.124679	0.094660	-0.057480	-0.206142
0.124716	0.093388	-0.058088	-0.206127
0.124720	0.091957	-0.055634	-0.205591
0.124698	0.092161	-0.054087	-0.205953
0.124738	0.091621	-0.054628	-0.205153
0.124756	0.094057	-0.052908	-0.204496
0.124708	0.093933	-0.053788	-0.206008
0.124698	0.093082	-0.055085	-0.204484
0.124742	0.094564	-0.057736	-0.204716
0.124682	0.095108	-0.055975	-0.204305
0.124731	0.094913	-0.057064	-0.204806
0.124713	0.094462	-0.057935	-0.203620
0.124792	0.095392	-0.058223	-0.203772
0.124784	0.093127	-0.058741	-0.204251
0.124725	0.094187	-0.058688	-0.205017
0.124712	0.093855	-0.060636	-0.205459
0.124667	0.094852	-0.058802	-0.205841
0.124694	0.096637	-0.060744	-0.205259
0.124835	0.095555	-0.061558	-0.206554
0.124687	0.095838	-0.061143	-0.204756
0.124742	0.095728	-0.060541	-0.205475
0.124617	0.094837	-0.061192	-0.205091
0.124834	0.096120	-0.064166	-0.205031
0.124528	0.095797	-0.058800	-0.205952
0.125003	0.095768	-0.061008	-0.205319
0.121195	0.094125	-0.061529	-0.204505
0.119403	0.094528	-0.060225	-0.206461
0.119857	0.094355	-0.060022	-0.205916
0.119688	0.093371	-0.059732	-0.205313
0.119725	0.094604	-0.059255	-0.204892
0.119744	0.093266	-0.059032	-0.205324
0.119668	0.093056	-0.059449	-0.206296
0.119842	0.092686	-0.057198	-0.205821
0.119468	0.095062	-0.057539	-0.205206
0.123213	0.094424	-0.059332	-0.204565
0.125001	0.093772	-0.058679	-0.205009
0.124553	0.093772	-0.057362	-0.205231
0.124880	0.094993	-0.056935	-0.205741
0.124569	0.093295	-0.057553	-0.205898
0.124849	0.093594	-0.056862	-0.206461
0.124705	0.094663	-0.056210	-0.205542
0.124787	0.094784	-0.056708	-0.205711
0.124605	0.092226	-0.055840	-0.205774
0.124726	0.093963	-0.054595	-0.205816
0.124696	0.095018	-0.056366	-0.206116
0.124669	0.092607	-0.054148	-0.206240
0.124688	0.093213	-0.053863	-0.205512
0.124791	0.092415	-0.054577	-0.205394
0.124664	0.091651	-0.053300	-0.207387
0.124677	0.089113	-0.050404	-0.204461
0.124736	0.088861	-0.049166	-0.205858
0.124752	0.088533	-0.048931	-0.206127
0.124702	0.086941	-0.045673	-0.205541
0.124713	0.087530	-0.046573	-0.206092
0.124730	0.087555	-0.044472	-0.206406
0.124721	0.087221	-0.045565	-0.204498
0.124761	0.088143	-0.045786	-0.204293
0.124664	0.086105	-0.046584	-0.205760
0.124822	0.085282	-0.046493	-0.206170
0.124723	0.085112	-0.044987	-0.206022
0.124740	0.083907	-0.043833	-0.205626
0.124688	0.081312	-0.044223	-0.206351
0.124672	0.081646	-0.044921	-0.206495
0.124688	0.080497	-0.044793	-0.205483
0.124777	0.079601	-0.044362	-0.205975
0.124694	0.079185	-0.044215	-0.207356
0.124705	0.077800	-0.045754	-0.205690
0.124802	0.077169	-0.046956	-0.205251
0.124742	0.075011	-0.047371	-0.205622
0.124694	0.075993	-0.047055	-0.205875
0.124753	0.075494	-0.047097	-0.205068
0.124634	0.073649	-0.046513	-0.204629
0.124779	0.074932	-0.046306	-0.204867
0.124673	0.072770	-0.047245	-0.204814
0.124796	0.072189	-0.047530	-0.206038
0.124642	0.071080	-0.046394	-0.204998
0.124745	0.071546	-0.047988	-0.204136
0.120529	0.072048	-0.046401	-0.205687
0.119492	0.071214	-0.046587	-0.205235
0.119821	0.069275	-0.047188	-0.206053
0.119668	0.069795	-0.046678	-0.204784
0.119752	0.067890	-0.046681	-0.207023
0.119655	0.068670	-0.046089	-0.205553
0.119671	0.068468	-0.044363	-0.204422
0.119681	0.067828	-0.044830	-0.204095
0.119757	0.069436	-0.046045	-0.203658
0.119671	0.068547	-0.044451	-0.205975
0.119684	0.068001	-0.043069	-0.205571
0.119695	0.067976	-0.043405	-0.205065
0.119655	0.067957	-0.042750	-0.205242
0.119688	0.068563	-0.040619	-0.204656
0.119695	0.066906	-0.040483	-0.206705
0.119733	0.065684	-0.039735	-0.205683
0.119744	0.065239	-0.036291	-0.205299
0.119649	0.064740	-0.035468	-0.206577
0.119720	0.065195	-0.036935	-0.205345
0.119654	0.065599	-0.034282	-0.204144
0.119711	0.067683	-0.034550	-0.206161
0.119636	0.065175	-0.035401	-0.204659
0.119743	0.066159	-0.033946	-0.206384
0.119699	0.066668	-0.033526	-0.206024
0.119854	0.067750	-0.032960	-0.204007
0.119545	0.067224	-0.032636	-0.205790
0.120011	0.068324	-0.032227	-0.204867
0.117572	0.071370	-0.031970	-0.205940
0.114195	0.070751	-0.031809	-0.204788
0.114913	0.070496	-0.031179	-0.206237
0.114399	0.071034	-0.029991	-0.205155
0.114725	0.071850	-0.029271	-0.205017
0.114446	0.072957	-0.028245	-0.204992
0.114859	0.072366	-0.029700	-0.206092
0.114227	0.071630	-0.028828	-0.205856
0.115107	0.074586	-0.027729	-0.205370
0.112283	0.074260	-0.029349	-0.204811
0.109324	0.075960	-0.028310	-0.206076
0.109681	0.074665	-0.027987	-0.206726
0.109580	0.073183	-0.029908	-0.206000
0.109458	0.073460	-0.031686	-0.204614
0.109969	0.075915	-0.030124	-0.204334
0.107312	0.074888	-0.031215	-0.206788
0.104129	0.075471	-0.033405	-0.205940
0.104831	0.074824	-0.034320	-0.204439
0.104437	0.076525	-0.033050	-0.206128
0.104683	0.076813	-0.036514	-0.205858
0.104476	0.078962	-0.037618	-0.205582
0.104674	0.078135	-0.037920	-0.205247
0.104575	0.078678	-0.038785	-0.205405
0.104682	0.079267	-0.039839	-0.205900
0.104539	0.078995	-0.043059	-0.206400
0.104647	0.078803	-0.043293	-0.205744
0.104284	0.080368	-0.043778	-0.205642
0.099990	0.079854	-0.042284	-0.205022
0.099442	0.079752	-0.045842	-0.205190
0.099546	0.080249	-0.048002	-0.205889
0.099424	0.080744	-0.047903	-0.206122
0.099531	0.081735	-0.048597	-0.205186
0.099530	0.080189	-0.048703	-0.206099
0.099501	0.080998	-0.050206	-0.206330
0.099533	0.079302	-0.049579	-0.206350
0.099515	0.079522	-0.050771	-0.204769
0.099454	0.080512	-0.049076	-0.206206
0.099611	0.080729	-0.049066	-0.208173
0.099562	0.079333	-0.049646	-0.204364
0.099577	0.080289	-0.048408	-0.204954
0.099565	0.080661	-0.048814	-0.206529
0.099542	0.078946	-0.049107	-0.206314
0.099428	0.080129	-0.048735	-0.205197
0.100015	0.079150	-0.048842	-0.206925
0.104396	0.078737	-0.048248	-0.206077
0.104578	0.078885	-0.048844	-0.204497
0.104623	0.078582	-0.050389	-0.206139
0.104518	0.079055	-0.049559	-0.205567
0.104657	0.077558	-0.051372	-0.204583
0.104455	0.080406	-0.051512	-0.203569
0.105073	0.079181	-0.051398	-0.206579
0.109454	0.078327	-0.051512	-0.206413
0.109664	0.079963	-0.052058	-0.205633
0.109641	0.080602	-0.051979	-0.205583
0.109556	0.082049	-0.051880	-0.205279
0.109671	0.081928	-0.052513	-0.206684
0.109631	0.081203	-0.052320	-0.206093
0.109615	0.081826	-0.050816	-0.205067
0.109602	0.081964	-0.052640	-0.205795
0.109703	0.082897	-0.053043	-0.205172
0.109631	0.081319	-0.052496	-0.204885
0.109701	0.080495	-0.050569	-0.205999
0.109607	0.082699	-0.052124	-0.207390
0.109704	0.080974	-0.052543	-0.206264
0.109525	0.082044	-0.050440	-0.206862
0.109654	0.082456	-0.050958	-0.205955
0.109507	0.081621	-0.049960	-0.205016
0.109639	0.082637	-0.049469	-0.205459
0.109472	0.081177	-0.049093	-0.205006
0.109673	0.080975	-0.048287	-0.205765
0.109478	0.081403	-0.048592	-0.206609
0.109928	0.080069	-0.048325	-0.205162
0.109211	0.078946	-0.046445	-0.204844
0.112719	0.080598	-0.047629	-0.204971
0.114980	0.079680	-0.046529	-0.204701
0.114402	0.079135	-0.046444	-0.206959
0.114725	0.076842	-0.044091	-0.206354
0.114543	0.076825	-0.043148	-0.205191
0.114623	0.076669	-0.043287	-0.204619
0.114592	0.074897	-0.043778	-0.205409
0.114604	0.074867	-0.044036	-0.206505
0.114772	0.074074	-0.044527	-0.205445
0.113858	0.073233	-0.044257	-0.206364
0.109580	0.073415	-0.043749	-0.205275
0.109748	0.073515	-0.045231	-0.206180
0.109546	0.071510	-0.045094	-0.205501
0.109629	0.071666	-0.045838	-0.204877
0.109496	0.071829	-0.043817	-0.205894
0.109676	0.072560	-0.045644	-0.206142
0.109581	0.073569	-0.046757	-0.205701
0.109722	0.074416	-0.049201	-0.204941
0.109494	0.073854	-0.046069	-0.206173
0.109703	0.074922	-0.046509	-0.204488
0.109561	0.074699	-0.047563	-0.204768
0.109769	0.074675	-0.046882	-0.205591
0.109467	0.075685	-0.046401	-0.204858
0.109792	0.074643	-0.045969	-0.204149
0.109405	0.075737	-0.046396	-0.205387
0.110019	0.076080	-0.046451	-0.206010
0.106124	0.075461	-0.045734	-0.205296
0.104373	0.075975	-0.046555	-0.205588
0.104728	0.075678	-0.045985	-0.204852
0.104518	0.077121	-0.045815	-0.205650
0.104552	0.078397	-0.045660	-0.206038
0.104784	0.079407	-0.046823	-0.205759
0.104405	0.081433	-0.049013	-0.204089
0.108078	0.081302	-0.047841	-0.204914
0.110053	0.081760	-0.048416	-0.203507
0.109377	0.083983	-0.051751	-0.206243
0.109826	0.084687	-0.049825	-0.206415
0.109508	0.085180	-0.050621	-0.206295
0.109744	0.084924	-0.052809	-0.206079
0.109547	0.084087	-0.050568	-0.205820
0.109696	0.084996	-0.053305	-0.204664
0.109557	0.086502	-0.050647	-0.205853
0.109708	0.086152	-0.049854	-0.205999
0.109600	0.085204	-0.051078	-0.206132
0.109595	0.085330	-0.050454	-0.204790
0.109526	0.088006	-0.049133	-0.205806
0.109703	0.086945	-0.049876	-0.205886
0.109590	0.087718	-0.049068	-0.207293
0.109668	0.087316	-0.047260	-0.205389
0.109670	0.088559	-0.050443	-0.205863
0.109665	0.088486	-0.049117	-0.207590
0.109619	0.089870	-0.049448	-0.207141
0.109620	0.087679	-0.049226	-0.204875
0.109653	0.087055	-0.048488	-0.204724
0.109663	0.086509	-0.050390	-0.204664
0.109619	0.086256	-0.050518	-0.206464
0.109656	0.086846	-0.049709	-0.205072
0.109668	0.086729	-0.048306	-0.205115
0.109653	0.086146	-0.050757	-0.206327
0.109611	0.086719	-0.050806	-0.204981
0.109631	0.085286	-0.050547	-0.205559
0.109579	0.085751	-0.052897	-0.206236
0.109651	0.085423	-0.051100	-0.205923
0.109670	0.086320	-0.051748	-0.206906
0.109627	0.086010	-0.052041	-0.205133
0.109594	0.083708	-0.051596	-0.204899
0.109629	0.083784	-0.052045	-0.204977
0.109671	0.081672	-0.052159	-0.206995
0.109587	0.081745	-0.054485	-0.205522
0.109642	0.083797	-0.054224	-0.205698
0.109563	0.083012	-0.054079	-0.204499
0.109713	0.083207	-0.054145	-0.205523
0.109706	0.082148	-0.055095	-0.204942
0.109640	0.081625	-0.053844	-0.205340
0.109640	0.081687	-0.052818	-0.204617
0.109594	0.081406	-0.054614	-0.206559
0.109562	0.083088	-0.054035	-0.206887
0.109619	0.083290	-0.054502	-0.205831
0.109640	0.082027	-0.055212	-0.206292
0.109626	0.082286	-0.055224	-0.206096
0.109574	0.082472	-0.055809	-0.205923
0.109632	0.082651	-0.055823	-0.206108
0.109693	0.082612	-0.055397	-0.205174
0.109599	0.082656	-0.056850	-0.207302
0.109626	0.084282	-0.054193	-0.205643
0.109615	0.083590	-0.056311	-0.205640
0.109566	0.083041	-0.055641	-0.205905
0.109558	0.083228	-0.054359	-0.205786
0.109669	0.083822	-0.054780	-0.205443
0.109681	0.084635	-0.054082	-0.207501
0.109521	0.085111	-0.053085	-0.204443
0.109642	0.085821	-0.052597	-0.205254
0.109565	0.086164	-0.052467	-0.205090
0.109764	0.085660	-0.052408	-0.205227
0.109541	0.087269	-0.052503	-0.205475
0.109910	0.088592	-0.053384	-0.205145
0.109195	0.089104	-0.053382	-0.205276
0.111544	0.089920	-0.052006	-0.204948
0.114952	0.091364	-0.054300	-0.205417
0.114420	0.091621	-0.054179	-0.205308
0.114758	0.091995	-0.053329	-0.206567
0.114478	0.091800	-0.053542	-0.204671
0.114638	0.092978	-0.052365	-0.205301
0.114548	0.092977	-0.053650	-0.205549
0.114582	0.092570	-0.052876	-0.205756
0.114569	0.090490	-0.054891	-0.205365
0.114646	0.093947	-0.052876	-0.205226
0.114528	0.093362	-0.052614	-0.205006
0.114608	0.092236	-0.053418	-0.205039
0.114622	0.091347	-0.052793	-0.205955
0.114589	0.093113	-0.051884	-0.205880
0.114544	0.092383	-0.052932	-0.204077
0.114613	0.092053	-0.052624	-0.204479
0.114619	0.092352	-0.053335	-0.206717
0.114668	0.092023	-0.055866	-0.205841
0.114608	0.091440	-0.055876	-0.205537
0.114584	0.091666	-0.053258	-0.206816
0.114695	0.092612	-0.055025	-0.204608
0.114577	0.092221	-0.057643	-0.205189
0.114579	0.091095	-0.055437	-0.206192
0.114661	0.089762	-0.057327	-0.206092
0.114535	0.090295	-0.057134	-0.206901
0.114587	0.088256	-0.056408	-0.205870
0.114575	0.087706	-0.058976	-0.205741
0.114667	0.086603	-0.056937	-0.206413
0.114598	0.086991	-0.056287	-0.205888
0.114653	0.086336	-0.057439	-0.205821
0.114577	0.085746	-0.058642	-0.204345
0.114608	0.085877	-0.057837	-0.204525
0.114603	0.083425	-0.058587	-0.203942
0.114588	0.082699	-0.059098	-0.205648
0.114627	0.081476	-0.058737	-0.206022
0.114590	0.082995	-0.058219	-0.204106
0.114684	0.080553	-0.057954	-0.207356
0.114597	0.081203	-0.059138	-0.205361
0.114545	0.080283	-0.059300	-0.207837
0.114562	0.082166	-0.059131	-0.206677
0.114590	0.081948	-0.059503	-0.205125
0.114619	0.081555	-0.059757	-0.205100
0.114563	0.080571	-0.060571	-0.205775
0.114590	0.081119	-0.060430	-0.206527
0.114603	0.082629	-0.059974	-0.205534
0.114610	0.081656	-0.060056	-0.207177
0.114599	0.081342	-0.058642	-0.206145
0.114688	0.082189	-0.059983	-0.207618
0.114612	0.081403	-0.060627	-0.205623
0.114599	0.083017	-0.059294	-0.205725
0.114580	0.083174	-0.057988	-0.205266
0.114539	0.082288	-0.059300	-0.205503
0.114610	0.082022	-0.056697	-0.206597
0.114536	0.082157	-0.055047	-0.205294
0.114592	0.082183	-0.053366	-0.205043
0.114614	0.083172	-0.055682	-0.207034
0.114627	0.082564	-0.052675	-0.207055
0.114657	0.082868	-0.051303	-0.205478
0.114549	0.083159	-0.050481	-0.204649
0.114641	0.082069	-0.049757	-0.205860
0.114557	0.083073	-0.051200	-0.206178
0.114489	0.086033	-0.049928	-0.206285
0.114554	0.084887	-0.049042	-0.206332
0.114614	0.086345	-0.049261	-0.204954
0.114580	0.086862	-0.050151	-0.204665
0.114667	0.087981	-0.050504	-0.206345
0.114656	0.087820	-0.049883	-0.206835
0.114516	0.088373	-0.050947	-0.205552
0.115095	0.087835	-0.050374	-0.206232
0.119578	0.088619	-0.052600	-0.204977
0.119156	0.090369	-0.051420	-0.205001
0.114753	0.090188	-0.052996	-0.205983
0.114634	0.090772	-0.053943	-0.205463
0.114659	0.091586	-0.053502	-0.206834
0.114658	0.091226	-0.054673	-0.205660
0.114564	0.091372	-0.054374	-0.205615
0.114618	0.091695	-0.056403	-0.206241
0.114585	0.093556	-0.056599	-0.207332
0.114667	0.093248	-0.058203	-0.206975
0.114520	0.093220	-0.057543	-0.205611
0.114610	0.090677	-0.058557	-0.205574
0.114622	0.092810	-0.059281	-0.206208
0.114687	0.091410	-0.058969	-0.205100
0.114559	0.091105	-0.057122	-0.204159
0.114784	0.089747	-0.057941	-0.206415
0.113896	0.090670	-0.058003	-0.205911
0.109679	0.090727	-0.057118	-0.206563
0.109670	0.091329	-0.059587	-0.207484
0.109620	0.091685	-0.059309	-0.206772
0.109670	0.090779	-0.061321	-0.205617
0.109562	0.091304	-0.063031	-0.205473
0.109666	0.091483	-0.063359	-0.206147
0.109614	0.092201	-0.060954	-0.206281
0.109679	0.091820	-0.062709	-0.206915
0.109661	0.093608	-0.062489	-0.205947
0.109630	0.092957	-0.061769	-0.205582
0.109563	0.093648	-0.061954	-0.207406
0.109626	0.094187	-0.061440	-0.204923
0.109621	0.095280	-0.060599	-0.203996
0.109634	0.095231	-0.063403	-0.205206
0.109696	0.095220	-0.063627	-0.205749
0.109596	0.095341	-0.064307	-0.205083
0.109616	0.096573	-0.064110	-0.204503
0.109567	0.095921	-0.063649	-0.205650
0.109693	0.095723	-0.063845	-0.204994
0.109606	0.096896	-0.063740	-0.204225
0.109695	0.095828	-0.065015	-0.205373
0.109558	0.097509	-0.063714	-0.205393
0.109738	0.096085	-0.062022	-0.205988
0.109350	0.096282	-0.062531	-0.206083
0.110524	0.096475	-0.063048	-0.204013
0.114677	0.095488	-0.060789	-0.205977
0.114554	0.096925	-0.061923	-0.204359
0.114604	0.096602	-0.060745	-0.206091
0.114555	0.096209	-0.059794	-0.204733
0.114679	0.098513	-0.059376	-0.205591
0.114519	0.100694	-0.059800	-0.205889
0.114662	0.100637	-0.058534	-0.205703
0.114578	0.100302	-0.058877	-0.205846
0.114658	0.101097	-0.059458	-0.205673
0.114567	0.100993	-0.060651	-0.206404
0.114748	0.102684	-0.058772	-0.204984
0.114538	0.102089	-0.060059	-0.205199
0.114738	0.101149	-0.059720	-0.206535
0.114474	0.102249	-0.060400	-0.205518
0.114750	0.102581	-0.060134	-0.206057
0.114341	0.102189	-0.059347	-0.206089
0.118259	0.101934	-0.059484	-0.205600
0.119966	0.101114	-0.059030	-0.204775
0.119437	0.101754	-0.057592	-0.206099
0.119852	0.102143	-0.057577	-0.206443
0.119665	0.101823	-0.056415	-0.204627
0.119782	0.101939	-0.056887	-0.204749
0.119701	0.099043	-0.055467	-0.205415
0.119745	0.099917	-0.055185	-0.205528
0.119739	0.099014	-0.057065	-0.206000
0.119780	0.098185	-0.056139	-0.204075
0.119669	0.098417	-0.055631	-0.204189
0.119762	0.098626	-0.054140	-0.205157
0.119663	0.095849	-0.056995	-0.204580
0.119713	0.096356	-0.057070	-0.205697
0.119704	0.096744	-0.056808	-0.204963
0.119749	0.093129	-0.058088	-0.205293
0.119710	0.095912	-0.058636	-0.205062
0.119695	0.094227	-0.058292	-0.205908
0.119718	0.095175	-0.059321	-0.205568
0.119658	0.093027	-0.059132	-0.206654
0.119752	0.093003	-0.059261	-0.205670
0.119739	0.091541	-0.059188	-0.205227
0.119650	0.090038	-0.057970	-0.206018
0.119779	0.090148	-0.058466	-0.205475
0.119635	0.087996	-0.058290	-0.203334
0.119709	0.087613	-0.057511	-0.205047
0.119755	0.088643	-0.057011	-0.204308
0.119730	0.086862	-0.057419	-0.206137
0.119699	0.085390	-0.057640	-0.204566
0.119671	0.086484	-0.058250	-0.204229
0.119693	0.085150	-0.057189	-0.205222
0.119668	0.085965	-0.057310	-0.205527
0.119695	0.084961	-0.057330	-0.205858
0.119604	0.084495	-0.058088	-0.205797
0.119749	0.085037	-0.059543	-0.204946
0.119688	0.084712	-0.059878	-0.205083
0.119637	0.084261	-0.060123	-0.204094
0.119808	0.083406	-0.059839	-0.204390
0.119684	0.084629	-0.059271	-0.206892
0.119764	0.084461	-0.060015	-0.204671
0.119634	0.083392	-0.062585	-0.205559
0.119798	0.085951	-0.061185	-0.205143
0.119547	0.085992	-0.059913	-0.204284
0.123661	0.085753	-0.061161	-0.204758
0.124899	0.085951	-0.059607	-0.205382
0.124618	0.087583	-0.059588	-0.205983
0.124792	0.086921	-0.059866	-0.205601
0.124643	0.086982	-0.058301	-0.204515
0.124731	0.086752	-0.056882	-0.205597
0.124649	0.088077	-0.056688	-0.205420
0.124774	0.089884	-0.057696	-0.204005
0.124700	0.089207	-0.056649	-0.204021
0.124682	0.089829	-0.055328	-0.205612
0.124662	0.089039	-0.053724	-0.205339
0.124751	0.089059	-0.053427	-0.204799
0.124652	0.091313	-0.053160	-0.203733
0.124737	0.090367	-0.053576	-0.205721
0.124715	0.088393	-0.050355	-0.206291
0.124782	0.091197	-0.048530	-0.204744
0.124776	0.091188	-0.048360	-0.205414
0.124669	0.091805	-0.047206	-0.206460
0.124737	0.091765	-0.047915	-0.205270
0.124700	0.091317	-0.046605	-0.206384
0.124681	0.089068	-0.045371	-0.205484
0.124745	0.089814	-0.044014	-0.206092
0.124815	0.090497	-0.044911	-0.204533
0.124775	0.089408	-0.045028	-0.204562
0.124738	0.089682	-0.044366	-0.206012
0.124713	0.090831	-0.046587	-0.205675
0.124649	0.091234	-0.045747	-0.206705
0.120394	0.088011	-0.046090	-0.204874
0.119523	0.088688	-0.046508	-0.204877
0.119765	0.090150	-0.047529	-0.206327
0.119683	0.088130	-0.048009	-0.204503
0.119685	0.086164	-0.047687	-0.206611
0.119704	0.087634	-0.049625	-0.204149
0.119665	0.087095	-0.049918	-0.206336
0.119807	0.086776	-0.050057	-0.205206
0.119528	0.085087	-0.050286	-0.203606
0.119807	0.085196	-0.049816	-0.205819
0.119489	0.086644	-0.050721	-0.205267
0.120064	0.083825	-0.049667	-0.205670
0.117494	0.081749	-0.051220	-0.204580
0.114188	0.080819	-0.051350	-0.205106
0.114879	0.080507	-0.051869	-0.204771
0.114396	0.079961	-0.052689	-0.206492
0.114740	0.080821	-0.052948	-0.208059
0.114511	0.081069	-0.053734	-0.205222
0.114730	0.080507	-0.054798	-0.205073
0.114445	0.078987	-0.054769	-0.205458
0.114646	0.078304	-0.055893	-0.205501
0.114538	0.078358	-0.054982	-0.205522
0.114707	0.077663	-0.056279	-0.205152
0.114518	0.079126	-0.055908	-0.205440
0.114696	0.077346	-0.056917	-0.205536
0.114367	0.077175	-0.054421	-0.204528
0.114959	0.076361	-0.055356	-0.205667
0.114214	0.075065	-0.056648	-0.205350
0.117095	0.074515	-0.054802	-0.205303
0.120144	0.074440	-0.056266	-0.206465
0.119469	0.072842	-0.054255	-0.205850
0.119856	0.073643	-0.053765	-0.204263
0.119612	0.075340	-0.053581	-0.206097
0.119772	0.073084	-0.053549	-0.205858
0.119656	0.074079	-0.054129	-0.205514
0.119762	0.075175	-0.054019	-0.206259
0.119641	0.075330	-0.054270	-0.205508
0.119713	0.074475	-0.054176	-0.204541
0.119666	0.072937	-0.054283	-0.204611
0.119673	0.074088	-0.053278	-0.206455
0.119669	0.073858	-0.053892	-0.204255
0.119695	0.074689	-0.052065	-0.203443
0.119666	0.075779	-0.052264	-0.205504
0.119668	0.075015	-0.052817	-0.204020
0.119612	0.074922	-0.054752	-0.204675
0.119666	0.075113	-0.052131	-0.204327
0.119693	0.076784	-0.054336	-0.204542
0.119714	0.076441	-0.054714	-0.205849
0.119654	0.077830	-0.053280	-0.206139
0.119683	0.077961	-0.053753	-0.206201
0.119673	0.079343	-0.055526	-0.205942
0.119655	0.080094	-0.054387	-0.204234
0.119710	0.080127	-0.054309	-0.204023
0.119730	0.079131	-0.054575	-0.206326
0.119668	0.080899	-0.054283	-0.204601
0.119644	0.080956	-0.053379	-0.204838
0.119696	0.081652	-0.054191	-0.205340
0.119604	0.080801	-0.053871	-0.204266
0.119745	0.081520	-0.051931	-0.204863
0.119661	0.083419	-0.053872	-0.206928
0.119733	0.083287	-0.054615	-0.205373
0.119719	0.086061	-0.054161	-0.205313
0.119694	0.086277	-0.053414	-0.206251
0.119750	0.085767	-0.053224	-0.204897
0.119666	0.087344	-0.053971	-0.206380
0.119718	0.088129	-0.053688	-0.206682
0.119699	0.089656	-0.055175	-0.204748
0.119782	0.090734	-0.055361	-0.204918
0.119644	0.091512	-0.054248	-0.205028
0.119868	0.092157	-0.055291	-0.204602
0.119553	0.092706	-0.055039	-0.205742
0.119880	0.092431	-0.055168	-0.205537
0.118980	0.093526	-0.056417	-0.205288
0.114614	0.093255	-0.058380	-0.204493
0.114632	0.096042	-0.057457	-0.204959
0.114579	0.097959	-0.059830	-0.203701
0.114657	0.097283	-0.060301	-0.203601
0.114605	0.097558	-0.058745	-0.205110
0.114575	0.099019	-0.060297	-0.205328
0.114664	0.099294	-0.060307	-0.206000
0.114543	0.100011	-0.062016	-0.204248
0.114669	0.100665	-0.062268	-0.204839
0.114636	0.100074	-0.061760	-0.207206
0.114597	0.101612	-0.063533	-0.203932
0.114626	0.101326	-0.063531	-0.204983
0.114691	0.101621	-0.064031	-0.205998
0.114599	0.101880	-0.064013	-0.205534
0.114686	0.100761	-0.064371	-0.206299
0.114610	0.099797	-0.063116	-0.205212
0.114701	0.100660	-0.063352	-0.206355
0.114510	0.100535	-0.064982	-0.204482
0.114718	0.100029	-0.064601	-0.206651
0.114480	0.100356	-0.065076	-0.204700
0.114840	0.100567	-0.063684	-0.205467
0.114318	0.101346	-0.064680	-0.205271
0.118001	0.099462	-0.065442	-0.204171
0.120026	0.098780	-0.063451	-0.204809
0.119444	0.100004	-0.064839	-0.205270
0.119747	0.100914	-0.063092	-0.205217
0.119624	0.101383	-0.062172	-0.205789
0.119694	0.100303	-0.064124	-0.205687
0.119694	0.099242	-0.063304	-0.205977
0.119694	0.100935	-0.061566	-0.204105
0.119665	0.100437	-0.062551	-0.204716
0.119670	0.101373	-0.062123	-0.204013
0.119783	0.101006	-0.060641	-0.204905
0.119624	0.100163	-0.060995	-0.206206
0.119821	0.098566	-0.059869	-0.206426
0.119464	0.097389	-0.059173	-0.205314
0.123114	0.098931	-0.058242	-0.205039
0.125072	0.095872	-0.059682	-0.205319
0.124543	0.096142	-0.058350	-0.204345
0.124923	0.097414	-0.059058	-0.205270
0.124657	0.096483	-0.058976	-0.206446
0.124756	0.094097	-0.057192	-0.205101
0.124706	0.096013	-0.057531	-0.204615
0.124740	0.096803	-0.057890	-0.206415
0.124653	0.095040	-0.059880	-0.205923
0.124755	0.096154	-0.059771	-0.205985
0.124763	0.097122	-0.059606	-0.204582
0.124730	0.096450	-0.060205	-0.203921
0.124748	0.095569	-0.061484	-0.205289
0.124642	0.094704	-0.061202	-0.205934
0.124864	0.095689	-0.063819	-0.204963
0.124557	0.096527	-0.063187	-0.205864
0.124853	0.096209	-0.064057	-0.205329
0.124432	0.095540	-0.064261	-0.205901
0.128425	0.096567	-0.066872	-0.204353
0.130050	0.096528	-0.066766	-0.205062
0.129740	0.095231	-0.065618	-0.205934
0.129888	0.094536	-0.067337	-0.205211
0.129895	0.094638	-0.067994	-0.206160
0.129831	0.095252	-0.067516	-0.204877
0.129955	0.095409	-0.067996	-0.205806
0.129532	0.093608	-0.068297	-0.204416
0.130239	0.093830	-0.068578	-0.204644
0.128246	0.093260	-0.068449	-0.204453
0.124610	0.095136	-0.068699	-0.206264
0.124500	0.092694	-0.067836	-0.205849
0.126095	0.094218	-0.069320	-0.205564
0.130206	0.092107	-0.071296	-0.206597
0.129566	0.091536	-0.071591	-0.207167
0.129925	0.092554	-0.070352	-0.204423
0.129714	0.093318	-0.071053	-0.204522
0.129942	0.091735	-0.072202	-0.205189
0.129759	0.092489	-0.072765	-0.206386
0.129822	0.091052	-0.070827	-0.206146
0.129853	0.089866	-0.071677	-0.203892
0.129704	0.089690	-0.070899	-0.205463
0.129991	0.089335	-0.070747	-0.206554
0.129493	0.088489	-0.071819	-0.204889
0.131492	0.087651	-0.069821	-0.205616
0.135228	0.087374	-0.069272	-0.204741
0.134602	0.086862	-0.069223	-0.206365
0.135029	0.087594	-0.067101	-0.206029
0.134858	0.086235	-0.067051	-0.203635
0.134954	0.085902	-0.067301	-0.207379
0.134773	0.086091	-0.065778	-0.204656
0.134945	0.083981	-0.065699	-0.205037
0.134796	0.083201	-0.065467	-0.205344
0.134842	0.083947	-0.065491	-0.205220
0.134831	0.083817	-0.064765	-0.204142
0.134859	0.083225	-0.063562	-0.205026
0.134826	0.081783	-0.062791	-0.205885
0.134816	0.083297	-0.061571	-0.205873
0.134845	0.082163	-0.062675	-0.204443
0.134825	0.083077	-0.060572	-0.204393
0.134895	0.082193	-0.058766	-0.205613
0.134940	0.080240	-0.061123	-0.204520
0.134861	0.082323	-0.058900	-0.205579
0.134847	0.082219	-0.057078	-0.204685
0.134773	0.080179	-0.055418	-0.205531
0.134807	0.078762	-0.055452	-0.205131
0.134934	0.079736	-0.054027	-0.204017
0.134771	0.078002	-0.053234	-0.204644
0.134830	0.079382	-0.053412	-0.206202
0.134895	0.078387	-0.051582	-0.205160
0.134841	0.080198	-0.051874	-0.204826
0.134909	0.079368	-0.053626	-0.204942
0.134826	0.080846	-0.053763	-0.206215
0.134856	0.080086	-0.052982	-0.204880
0.134804	0.079033	-0.054071	-0.204385
0.134883	0.078392	-0.053837	-0.204961
0.134796	0.079896	-0.054710	-0.204208
0.134878	0.079265	-0.055713	-0.205293
0.134829	0.079242	-0.055996	-0.204904
0.134868	0.080189	-0.057400	-0.206424
0.134859	0.079835	-0.056713	-0.205242
0.134868	0.076850	-0.057075	-0.205725
0.134811	0.077274	-0.056361	-0.204681
0.134821	0.074223	-0.056436	-0.206058
0.134873	0.073490	-0.055579	-0.205719
0.134871	0.073197	-0.056508	-0.204768
0.134875	0.071788	-0.055465	-0.205697
0.134851	0.071406	-0.056430	-0.205309
0.134824	0.070142	-0.056826	-0.205603
0.134654	0.070402	-0.056798	-0.204958
0.130414	0.070076	-0.058204	-0.204506
0.129689	0.070596	-0.056223	-0.204132
0.129878	0.069991	-0.057618	-0.204694
0.129774	0.069453	-0.058807	-0.204477
0.129813	0.069886	-0.057773	-0.204297
0.129777	0.070785	-0.057211	-0.205152
0.129826	0.070399	-0.059731	-0.204097
0.129784	0.070993	-0.060044	-0.203917
0.129861	0.070084	-0.059786	-0.205483
0.129742	0.071418	-0.062538	-0.204750
0.129826	0.071077	-0.061790	-0.204248
0.129794	0.071433	-0.062034	-0.204700
0.129832	0.071029	-0.062514	-0.205527
0.129859	0.070816	-0.061976	-0.206439
0.129764	0.071181	-0.061657	-0.204740
0.129838	0.071522	-0.062224	-0.203804
0.129757	0.073479	-0.060527	-0.205087
0.129847	0.072681	-0.060051	-0.204902
0.129809	0.072875	-0.059327	-0.205455
0.129851	0.072646	-0.057861	-0.204493
0.129794	0.072837	-0.058647	-0.204739
0.129884	0.073350	-0.057602	-0.205211
0.129783	0.075246	-0.056684	-0.205043
0.129874	0.074618	-0.060127	-0.205174
0.129780	0.076041	-0.059627	-0.205542
0.129926	0.076588	-0.056900	-0.204738
0.129661	0.075147	-0.057681	-0.203650
0.129950	0.076096	-0.057595	-0.204066
0.129414	0.075545	-0.058108	-0.204734
0.132407	0.079232	-0.057104	-0.204649
0.135383	0.077001	-0.056590	-0.203853
0.134544	0.078514	-0.055334	-0.206478
0.135033	0.078921	-0.055457	-0.205329
0.134662	0.079394	-0.055148	-0.203731
0.134954	0.079229	-0.051867	-0.204412
0.134637	0.079964	-0.053907	-0.203899
0.135091	0.080029	-0.052834	-0.204676
0.134610	0.080610	-0.053223	-0.204543
0.135325	0.081085	-0.051513	-0.203675
0.132089	0.080596	-0.052230	-0.204654
0.129408	0.081904	-0.051675	-0.203661
0.129982	0.082735	-0.049869	-0.206351
0.129713	0.082985	-0.051033	-0.205115
0.129857	0.085488	-0.051839	-0.205003
0.129743	0.084657	-0.049955	-0.204880
0.129854	0.085103	-0.050246	-0.205355
0.129808	0.084192	-0.049270	-0.205493
0.129800	0.085413	-0.047611	-0.205876
0.129838	0.086603	-0.050308	-0.205597
0.129723	0.088750	-0.050230	-0.205222
0.129831	0.088534	-0.049197	-0.205452
0.129662	0.088792	-0.050271	-0.204902
0.129948	0.089826	-0.049789	-0.204451
0.129172	0.090840	-0.051167	-0.205251
0.124865	0.089398	-0.049643	-0.204398
0.124770	0.090794	-0.050526	-0.205023
0.124763	0.091299	-0.050201	-0.205749
0.124720	0.091173	-0.051661	-0.205640
0.124791	0.091725	-0.052062	-0.204753
0.124610	0.092113	-0.051946	-0.204515
0.124835	0.093966	-0.054635	-0.204890
0.124664	0.093606	-0.054249	-0.205601
0.124792	0.094812	-0.055898	-0.206243
0.124464	0.096108	-0.055667	-0.204250
0.125154	0.094416	-0.057711	-0.205886
0.121792	0.094964	-0.058504	-0.204635
0.119304	0.096624	-0.058431	-0.206086
0.119965	0.097087	-0.060044	-0.204058
0.119546	0.096494	-0.059968	-0.205547
0.119829	0.097539	-0.060860	-0.204104
0.119540	0.097419	-0.061626	-0.204696
0.119861	0.097668	-0.060193	-0.205561
0.119599	0.098433	-0.060904	-0.206231
0.119873	0.098971	-0.060447	-0.204905
0.119568	0.098383	-0.059144	-0.204259
0.119903	0.097918	-0.061679	-0.205019
0.119326	0.098011	-0.059840	-0.206145
0.122931	0.097758	-0.058753	-0.205060
0.125087	0.098741	-0.057399	-0.204755
0.124505	0.097006	-0.059850	-0.203760
0.124853	0.096197	-0.057256	-0.206167
0.124594	0.096758	-0.056845	-0.203965
0.124854	0.095558	-0.059114	-0.204676
0.124735	0.096177	-0.056421	-0.205142
0.124842	0.095677	-0.054809	-0.204662
0.124696	0.095130	-0.056867	-0.204667
0.124723	0.095937	-0.056236	-0.205804
0.124657	0.096512	-0.055164	-0.204114
0.124715	0.093938	-0.056263	-0.205469
0.124696	0.095936	-0.053001	-0.204895
0.124785	0.097289	-0.053173	-0.203077
0.124705	0.096384	-0.051790	-0.205004
0.124796	0.097099	-0.050976	-0.206119
0.124737	0.096837	-0.053510	-0.203993
0.124772	0.096454	-0.052680	-0.204066
0.124700	0.098432	-0.054189	-0.204284
0.124815	0.097256	-0.054308	-0.203596
0.124668	0.097758	-0.056812	-0.204774
0.124760	0.099031	-0.056895	-0.204627
0.124649	0.099040	-0.056221	-0.203344
0.124850	0.097573	-0.056856	-0.204953
0.124565	0.097682	-0.057204	-0.205460
0.125026	0.099206	-0.059748	-0.204862
0.121223	0.098919	-0.059978	-0.204223
0.119362	0.100379	-0.061116	-0.204873
0.119888	0.100056	-0.060617	-0.205378
0.119645	0.100874	-0.060688	-0.204116
0.119819	0.101188	-0.062439	-0.206261
0.119621	0.100287	-0.062126	-0.205509
0.119726	0.103247	-0.064105	-0.203295
0.119661	0.102390	-0.064111	-0.203423
0.119762	0.103127	-0.064607	-0.204972
0.119728	0.104301	-0.065245	-0.205125
0.119699	0.104132	-0.064389	-0.205284
0.119686	0.105654	-0.064676	-0.206440
0.119705	0.103903	-0.065085	-0.205379
0.119689	0.104996	-0.064335	-0.205950
0.119690	0.104238	-0.063503	-0.206280
0.119673	0.106199	-0.063572	-0.205157
0.119647	0.106224	-0.065159	-0.203739
0.119809	0.104361	-0.065364	-0.205325
0.119592	0.104157	-0.066204	-0.204025
0.119737	0.104912	-0.066047	-0.205409
0.119711	0.106151	-0.066789	-0.206238
0.119789	0.106289	-0.064609	-0.203143
0.119557	0.105917	-0.065522	-0.203857
0.123505	0.105337	-0.066593	-0.204478
0.125044	0.107371	-0.067242	-0.206036
0.124500	0.108116	-0.064818	-0.205512
0.124938	0.106983	-0.067370	-0.204741
0.124472	0.108572	-0.068350	-0.202756
0.124927	0.110144	-0.065597	-0.206915
0.124524	0.111120	-0.067559	-0.205127
0.125028	0.109762	-0.067857	-0.204725
0.124491	0.111135	-0.067778	-0.205732
0.125165	0.110861	-0.066970	-0.205252
0.124061	0.112582	-0.066413	-0.206399
0.126729	0.113392	-0.065389	-0.205180
0.128363	0.112607	-0.065950	-0.204419
0.124400	0.111245	-0.063680	-0.205066
0.124947	0.112625	-0.061730	-0.204437
0.128563	0.112142	-0.062623	-0.204917
0.130265	0.111567	-0.061711	-0.204129
0.129650	0.112308	-0.060183	-0.205543
0.129962	0.111828	-0.060359	-0.204023
0.129647	0.113537	-0.059434	-0.204449
0.129956	0.113032	-0.058278	-0.204086
0.129731	0.113171	-0.057907	-0.203465
0.129896	0.112879	-0.057150	-0.204918
0.129757	0.112789	-0.055920	-0.206339
0.129921	0.113108	-0.055763	-0.204203
0.129700	0.111791	-0.053325	-0.204213
0.129856	0.112357	-0.054168	-0.203691
0.129724	0.111695	-0.054026	-0.203229
0.129764	0.111130	-0.052936	-0.204205
0.129848	0.109951	-0.054025	-0.202653
0.129826	0.110483	-0.053170	-0.204832
0.129798	0.110856	-0.052893	-0.205770
0.129733	0.111566	-0.052253	-0.205226
0.129821	0.111968	-0.052953	-0.204826
0.129783	0.111422	-0.054040	-0.203039
0.129800	0.112476	-0.053442	-0.204322
0.129743	0.110144	-0.056420	-0.206285
0.129910	0.113480	-0.056596	-0.204834
0.129706	0.112427	-0.058593	-0.205341
0.129982	0.112297	-0.059441	-0.204159
0.129616	0.110849	-0.059911	-0.204026
0.130203	0.110174	-0.059492	-0.204315
0.128065	0.112323	-0.059766	-0.204471
0.124410	0.112748	-0.059930	-0.203833
0.124925	0.110304	-0.061717	-0.204149
0.124572	0.111968	-0.063753	-0.204848
0.124805	0.112217	-0.064716	-0.204161
0.124603	0.112621	-0.064061	-0.204596
0.124755	0.111304	-0.064063	-0.204953
0.124701	0.111727	-0.066390	-0.204915
0.124811	0.112020	-0.065925	-0.203714
0.124745	0.112555	-0.064684	-0.206163
0.124713	0.112158	-0.066343	-0.204593
0.124738	0.112864	-0.066016	-0.204932
0.124829	0.112492	-0.065326	-0.204883
0.124726	0.112664	-0.066500	-0.205368
0.124785	0.112059	-0.064629	-0.204453
0.124743	0.109961	-0.061439	-0.203675
0.124702	0.110347	-0.062539	-0.204264
0.124703	0.110105	-0.061112	-0.204491
0.124647	0.110822	-0.060290	-0.206478
0.124784	0.109849	-0.059599	-0.204094
0.124666	0.108189	-0.058747	-0.205004
0.124822	0.110115	-0.056752	-0.204964
0.124672	0.108780	-0.056945	-0.204625
0.124766	0.107731	-0.054783	-0.204550
0.124628	0.107926	-0.054234	-0.203163
0.124965	0.106035	-0.052814	-0.205306
0.124318	0.105668	-0.052672	-0.205191
0.127115	0.104896	-0.052500	-0.204492
0.130217	0.104359	-0.051848	-0.204399
0.129606	0.105297	-0.049948	-0.203184
0.129984	0.102154	-0.049761	-0.205969
0.129728	0.102248	-0.048113	-0.204532
0.129896	0.100762	-0.047716	-0.204976
0.129720	0.102087	-0.046064	-0.203830
0.129797	0.099344	-0.045988	-0.204310
0.129808	0.099612	-0.044910	-0.204756
0.129787	0.099240	-0.045357	-0.203856
0.129810	0.097972	-0.042831	-0.204288
0.129866	0.096832	-0.043313	-0.204104
0.129833	0.097339	-0.040463	-0.203705
0.129834	0.098682	-0.039764	-0.203842
0.129871	0.097066	-0.039160	-0.203779
0.129442	0.095953	-0.039339	-0.205678
0.125033	0.094976	-0.038707	-0.203913
0.124716	0.093819	-0.038923	-0.203719
0.124728	0.092303	-0.039157	-0.203686
0.124713	0.092478	-0.039145	-0.203670
0.124799	0.093153	-0.037703	-0.205925
0.124725	0.093207	-0.037042	-0.205650
0.124742	0.091764	-0.037089	-0.203546
0.124707	0.091943	-0.037573	-0.204225
0.124708	0.092124	-0.036997	-0.203574
0.124708	0.091788	-0.039066	-0.203555
0.124850	0.088328	-0.038271	-0.204770
0.124264	0.090746	-0.041502	-0.203155
0.119977	0.089312	-0.041058	-0.203369
0.119685	0.091242	-0.040082	-0.205039
0.119647	0.089278	-0.042750	-0.204244
0.119738	0.088044	-0.041548	-0.203392
0.119675	0.087985	-0.043024	-0.204031
0.119694	0.087329	-0.043870	-0.203688
0.119701	0.088564	-0.045153	-0.204795
0.119706	0.088528	-0.045475	-0.204560
0.119665	0.088588	-0.047082	-0.204755
0.119624	0.088392	-0.046184	-0.204020
0.119740	0.088821	-0.046530	-0.205103
0.119683	0.088959	-0.048148	-0.204446
0.119715	0.089720	-0.047993	-0.204492
0.119632	0.090270	-0.048542	-0.202816
0.119872	0.091446	-0.047971	-0.204741
0.119072	0.091352	-0.050234	-0.203775
0.114757	0.092465	-0.048774	-0.204808
0.114648	0.093593	-0.049913	-0.204595
0.114530	0.094500	-0.049237	-0.203684
0.114575	0.094332	-0.050232	-0.204556
0.114603	0.095784	-0.050578	-0.205316
0.114623	0.096723	-0.049033	-0.205021
0.114583	0.095913	-0.051118	-0.203851
0.114658	0.097617	-0.048248	-0.204740
0.114540	0.097792	-0.048888	-0.205666
0.114604	0.098659	-0.049231	-0.204036
0.114608	0.099151	-0.046628	-0.205526
0.114568	0.098817	-0.047668	-0.204454
0.114524	0.098239	-0.047428	-0.205663
0.114560	0.099700	-0.047136	-0.204542
0.114646	0.100001	-0.046518	-0.205707
0.114602	0.101761	-0.046444	-0.205399
0.114610	0.101336	-0.047184	-0.205528
0.114549	0.102799	-0.046535	-0.205594
0.114648	0.103203	-0.047087	-0.204798
0.114602	0.103045	-0.048197	-0.204516
0.114609	0.103089	-0.047723	-0.204499
0.114560	0.102864	-0.046995	-0.204905
0.114631	0.102276	-0.048821	-0.204726
0.114582	0.102834	-0.045838	-0.205977
0.114673	0.102000	-0.045994	-0.204915
0.114514	0.101744	-0.044738	-0.204844
0.114878	0.102436	-0.043486	-0.203031
0.114286	0.102123	-0.042561	-0.204996
0.117879	0.101463	-0.040750	-0.203658
0.120163	0.102087	-0.038522	-0.204052
0.119454	0.101778	-0.038165	-0.205229
0.119945	0.100880	-0.039215	-0.205116
0.119498	0.101060	-0.036678	-0.204551
0.119930	0.100755	-0.038074	-0.206181
0.119419	0.101019	-0.038051	-0.204842
0.120135	0.100618	-0.036587	-0.204522
0.118564	0.101194	-0.036488	-0.204852
0.114686	0.100916	-0.038272	-0.204393
0.114330	0.100617	-0.038398	-0.204434
0.117996	0.100869	-0.040026	-0.204956
0.120038	0.101041	-0.040533	-0.203977
0.119464	0.101180	-0.041824	-0.202870
0.119863	0.101821	-0.042569	-0.204908
0.119636	0.100903	-0.042757	-0.205329
0.119827	0.099844	-0.043499	-0.203768
0.119660	0.100409	-0.045851	-0.204175
0.119785	0.100185	-0.046614	-0.204966
0.119639	0.101020	-0.047397	-0.204185
0.119753	0.099646	-0.049309	-0.205584
0.119674	0.097908	-0.049962	-0.205452
0.119691	0.098342	-0.051036	-0.205846
0.119685	0.095638	-0.051087	-0.204369
0.119733	0.097175	-0.050907	-0.205127
0.119730	0.095565	-0.051811	-0.205299
0.119678	0.094638	-0.051603	-0.204983
0.119630	0.095006	-0.052293	-0.205602
0.119698	0.093506	-0.052530	-0.204909
0.119649	0.092491	-0.054119	-0.204300
0.119797	0.093184	-0.051611	-0.205472
0.119740	0.092699	-0.052028	-0.204710
0.119626	0.090804	-0.050848	-0.204947
0.119710	0.091402	-0.051348	-0.204621
0.119685	0.090397	-0.050587	-0.205209
0.119720	0.089797	-0.050488	-0.205633
0.119645	0.089658	-0.050331	-0.204580
0.119716	0.091042	-0.049676	-0.206061
0.119658	0.089502	-0.048756	-0.203713
0.119753	0.088925	-0.048507	-0.205065
0.119673	0.092217	-0.049129	-0.203985
0.119794	0.090528	-0.051704	-0.205462
0.119553	0.092450	-0.049820	-0.203818
0.119873	0.092232	-0.049688	-0.206241
0.119533	0.092699	-0.050632	-0.204946
0.123498	0.092804	-0.050657	-0.204298
0.124983	0.092611	-0.050742	-0.204360
0.124604	0.092813	-0.050663	-0.204661
0.124751	0.092552	-0.050655	-0.204176
0.124693	0.093271	-0.051838	-0.206671
0.124794	0.091879	-0.048355	-0.205037
0.124683	0.092178	-0.049968	-0.203767
0.124816	0.092905	-0.050167	-0.205180
0.124647	0.093778	-0.050239	-0.204868
0.124758	0.093246	-0.049512	-0.205102
0.124654	0.092726	-0.047666	-0.204816
0.124678	0.092247	-0.048299	-0.204266
0.124712	0.092038	-0.046463	-0.206245
0.124727	0.092038	-0.045583	-0.204567
0.124661	0.091055	-0.045511	-0.204017
0.124653	0.091218	-0.044124	-0.204190
0.124728	0.089767	-0.042052	-0.204398
0.124790	0.089597	-0.040862	-0.203840
0.124700	0.087877	-0.038908	-0.204156
0.124712	0.088591	-0.037871	-0.203651
0.124726	0.089960	-0.034183	-0.205167
0.124791	0.088489	-0.034308	-0.203777
0.124678	0.089126	-0.034861	-0.204893
0.124748	0.090208	-0.034880	-0.203634
0.124646	0.089965	-0.035083	-0.204951
0.124755	0.092127	-0.037647	-0.205641
0.124782	0.093183	-0.037144	-0.204650
0.124751	0.093420	-0.039088	-0.205712
0.124727	0.093863	-0.040675	-0.206286
0.124753	0.093089	-0.040473	-0.204063
0.124684	0.095004	-0.040720	-0.205053
0.124686	0.095563	-0.042201	-0.205478
0.120553	0.095053	-0.044819	-0.204550
0.119521	0.095602	-0.045353	-0.203639
0.119853	0.096154	-0.045628	-0.204536
0.119571	0.094808	-0.046861	-0.205562
0.119821	0.095580	-0.049739	-0.205316
0.119532	0.098121	-0.049542	-0.204477
0.119831	0.097111	-0.050330	-0.205434
0.119516	0.096351	-0.051122	-0.206707
0.119753	0.097727	-0.052595	-0.203536
0.115238	0.098735	-0.053011	-0.204601
0.114637	0.097672	-0.055046	-0.203951
0.114440	0.097945	-0.055598	-0.205407
0.114924	0.097658	-0.055454	-0.203689
0.112724	0.097442	-0.055704	-0.204147
0.109157	0.097591	-0.056985	-0.204013
0.109863	0.099404	-0.055798	-0.204909
0.109518	0.099900	-0.056163	-0.206309
0.109794	0.098755	-0.057376	-0.204714
0.109516	0.099476	-0.056002	-0.204067
0.109790	0.100234	-0.055433	-0.205668
0.109506	0.100228	-0.056609	-0.205098
0.109691	0.102120	-0.057579	-0.204612
0.109436	0.103181	-0.058718	-0.203893
0.109735	0.105806	-0.057811	-0.205361
0.109555	0.106012	-0.057113	-0.204369
0.109862	0.106389	-0.056860	-0.204964
0.109418	0.108339	-0.059503	-0.203619
0.109885	0.110792	-0.057945	-0.203655
0.109190	0.109638	-0.058122	-0.204102
0.111889	0.108731	-0.059594	-0.205309
0.114968	0.110898	-0.060747	-0.205591
0.114392	0.110527	-0.060909	-0.205014
0.114730	0.111394	-0.059651	-0.206123
0.114489	0.111253	-0.059726	-0.203481
0.114599	0.113007	-0.058773	-0.204830
0.114538	0.113234	-0.057531	-0.203864
0.114643	0.113114	-0.059158	-0.205444
0.114501	0.115052	-0.059112	-0.203764
0.114705	0.114497	-0.058255	-0.205984
0.114600	0.114333	-0.059732	-0.205928
0.114682	0.114223	-0.059381	-0.205242
0.114654	0.115739	-0.059621	-0.204647
0.114696	0.116413	-0.060285	-0.204639
0.114612	0.117369	-0.059662	-0.204956
0.114563	0.117434	-0.059271	-0.205683
0.114646	0.117553	-0.059267	-0.203873
0.114616	0.119039	-0.059337	-0.205484
0.114525	0.119046	-0.058549	-0.205789
0.114674	0.118316	-0.058562	-0.204114
0.114582	0.116976	-0.056487	-0.204852
0.114595	0.118173	-0.056297	-0.204766
0.114609	0.116568	-0.057768	-0.205394
0.114661	0.119747	-0.056199	-0.205002
0.114578	0.119220	-0.056977	-0.206141
0.114628	0.118240	-0.057449	-0.203864
0.114697	0.118025	-0.058460	-0.205497
0.114531	0.117110	-0.058085	-0.204542
0.114562	0.117868	-0.058397	-0.204895
0.114536	0.117191	-0.059841	-0.204994
0.114629	0.117211	-0.059484	-0.204125
0.114599	0.118181	-0.061672	-0.204952
0.114602	0.116398	-0.061964	-0.205972
0.114613	0.119165	-0.064176	-0.204567
0.114559	0.117933	-0.065422	-0.204280
0.114626	0.115680	-0.066539	-0.205620
0.114637	0.118459	-0.066373	-0.204669
0.114587	0.116714	-0.064787	-0.203373
0.114629	0.118044	-0.066610	-0.202599
0.114619	0.117995	-0.067239	-0.204959
0.114610	0.117139	-0.067096	-0.203673
0.114661	0.117803	-0.066347	-0.204199
0.114653	0.119697	-0.066678	-0.204863
0.114604	0.119314	-0.069532	-0.204882
0.114664	0.117920	-0.070032	-0.204706
0.114568	0.118939	-0.069394	-0.204397
0.114693	0.119123	-0.071195	-0.205135
0.114538	0.121503	-0.071242	-0.204370
0.114721	0.120319	-0.071270	-0.204061
0.114360	0.121378	-0.071701	-0.204467
0.115221	0.123885	-0.072000	-0.204368
0.119471	0.122383	-0.072652	-0.205424
0.119675	0.122012	-0.073301	-0.204320
0.119695	0.124052	-0.074418	-0.205880
0.119762	0.124315	-0.074885	-0.205499
0.119606	0.124868	-0.074813	-0.205111
0.119863	0.126444	-0.076829	-0.204930
0.119272	0.126132	-0.076936	-0.206256
0.122502	0.128662	-0.077623	-0.205378
0.125180	0.127256	-0.075596	-0.206381
0.124382	0.129703	-0.077391	-0.204642
0.124989	0.131189	-0.077867	-0.204035
0.124431	0.129780	-0.077071	-0.206003
0.124989	0.130379	-0.076426	-0.204542
0.124358	0.130352	-0.075487	-0.205125
0.127833	0.129188	-0.074127	-0.204526
0.130178	0.130133	-0.073523	-0.205483
0.129685	0.129743	-0.072675	-0.204181
0.129943	0.129599	-0.073013	-0.203295
0.129691	0.128820	-0.073488	-0.204811
0.129927	0.129977	-0.074715	-0.205467
0.129772	0.131552	-0.074162	-0.204109
0.129866	0.129974	-0.072593	-0.205155
0.129787	0.131175	-0.075399	-0.205060
0.129843	0.128527	-0.074337	-0.204203
0.129676	0.129971	-0.073700	-0.205210
0.129895	0.130049	-0.074689	-0.204046
0.129571	0.128094	-0.072798	-0.204814
0.130598	0.128529	-0.074530	-0.204314
0.134835	0.129586	-0.074328	-0.204785
0.134776	0.130387	-0.072175	-0.204263
0.134974	0.129740	-0.070390	-0.204725
0.134789	0.129084	-0.071002	-0.205491
0.135012	0.129266	-0.071894	-0.204839
0.134777	0.127156	-0.070726	-0.202740
0.134876	0.124022	-0.070411	-0.203795
0.134791	0.126103	-0.069880	-0.203873
0.134908	0.125374	-0.070649	-0.203738
0.134647	0.124778	-0.071583	-0.205677
0.135061	0.124655	-0.071167	-0.204297
0.134567	0.122809	-0.071341	-0.205592
0.135823	0.122994	-0.070555	-0.204622
0.139817	0.122557	-0.072211	-0.205395
0.139823	0.122283	-0.071958	-0.206989
0.139838	0.120169	-0.070782	-0.202987
0.139912	0.120567	-0.073224	-0.205722
0.139625	0.119259	-0.071874	-0.205947
0.140201	0.118514	-0.073383	-0.202397
0.136526	0.118821	-0.072586	-0.203209
0.134474	0.119005	-0.074250	-0.205442
0.135059	0.118256	-0.073461	-0.204824
0.134733	0.119240	-0.072591	-0.205264
0.134875	0.117309	-0.073786	-0.205284
0.134752	0.117394	-0.074392	-0.203909
0.134979	0.116863	-0.072652	-0.204864
0.134806	0.116971	-0.072433	-0.205021
0.134859	0.117286	-0.072297	-0.205547
0.134824	0.117970	-0.070326	-0.204670
0.134870	0.116126	-0.071122	-0.204502
0.134903	0.115515	-0.071534	-0.204477
0.134810	0.113455	-0.071058	-0.203996
0.134904	0.113106	-0.069949	-0.204063
0.134757	0.113469	-0.069239	-0.205339
0.134977	0.112845	-0.069365	-0.203160
0.134501	0.113496	-0.067222	-0.205777
0.136064	0.112880	-0.066166	-0.205482
0.140027	0.109914	-0.066007	-0.203633
0.139711	0.110640	-0.066618	-0.203240
0.139928	0.111530	-0.064107	-0.203448
0.139745	0.110218	-0.064041	-0.205850
0.139926	0.111368	-0.064482	-0.205928
0.139790	0.110814	-0.062102	-0.205809
0.139889	0.110900	-0.061313	-0.204499
0.139773	0.110867	-0.063713	-0.203784
0.139849	0.110227	-0.063120	-0.204920
0.139863	0.110009	-0.061162	-0.204121
0.139871	0.110747	-0.063374	-0.205002
0.139779	0.110258	-0.059869	-0.204428
0.139837	0.113101	-0.060546	-0.204614
0.139804	0.111038	-0.060114	-0.204499
0.139859	0.110667	-0.060058	-0.202043
0.139826	0.111069	-0.059321	-0.204699
0.139851	0.111676	-0.060045	-0.204520
0.139844	0.111259	-0.060750	-0.203585
0.139813	0.112045	-0.058812	-0.204702
0.139849	0.114407	-0.056534	-0.205657
0.139852	0.113037	-0.057850	-0.204785
0.139848	0.111215	-0.053904	-0.203205
0.139831	0.113300	-0.054013	-0.204160
0.139787	0.112766	-0.054013	-0.204220
0.139859	0.114276	-0.053857	-0.205304
0.139829	0.114236	-0.054289	-0.204449
0.139833	0.113541	-0.053136	-0.204288
0.139812	0.113281	-0.054689	-0.204560
0.139818	0.112923	-0.053695	-0.203520
0.139841	0.112759	-0.053091	-0.204401
0.139956	0.112453	-0.053041	-0.205487
0.139784	0.112289	-0.054590	-0.204779
0.139829	0.112110	-0.055281	-0.204769
0.135882	0.113451	-0.055277	-0.205818
0.134618	0.112281	-0.054397	-0.204394
0.134962	0.112446	-0.055065	-0.205081
0.134815	0.110058	-0.054950	-0.204446
0.134967	0.112018	-0.055398	-0.204444
0.134767	0.112365	-0.057178	-0.204773
0.134854	0.111358	-0.057748	-0.205417
0.134778	0.111168	-0.056511	-0.203027
0.134883	0.110046	-0.059375	-0.204690
0.134840	0.112097	-0.057892	-0.204401
0.134804	0.110745	-0.059730	-0.204988
0.134880	0.111040	-0.059296	-0.202911
0.134860	0.111971	-0.058788	-0.203186
0.134858	0.111490	-0.060993	-0.205333
0.134875	0.110770	-0.062286	-0.205065
0.134832	0.109131	-0.062132	-0.203397
0.134876	0.110509	-0.061798	-0.203156
0.134802	0.109365	-0.062464	-0.202821
0.134890	0.109409	-0.062120	-0.203244
0.134878	0.107921	-0.061403	-0.204785
0.134878	0.107825	-0.060642	-0.204562
0.134825	0.106446	-0.062701	-0.204951
0.134932	0.105136	-0.061042	-0.203721
0.134824	0.107061	-0.059731	-0.204236
0.134920	0.103879	-0.059366	-0.204072
0.134806	0.104824	-0.060049	-0.206005
0.134939	0.105322	-0.058703	-0.203525
0.134766	0.103240	-0.058949	-0.204578
0.134957	0.102821	-0.058844	-0.205196
0.134742	0.101067	-0.057870	-0.204419
0.135142	0.099895	-0.057444	-0.203295
0.134405	0.099596	-0.057335	-0.204031
0.136950	0.099025	-0.057640	-0.205643
0.140312	0.097008	-0.055144	-0.205552
0.139610	0.097032	-0.053606	-0.205041
0.140021	0.093984	-0.054868	-0.203990
0.139670	0.093407	-0.052683	-0.204854
0.139989	0.093385	-0.053441	-0.203044
0.139789	0.091649	-0.052065	-0.204107
0.139894	0.090935	-0.048930	-0.205293
0.139783	0.090162	-0.052426	-0.205480
0.139883	0.088546	-0.050484	-0.203693
0.139807	0.088795	-0.050128	-0.204305
0.139893	0.089141	-0.050008	-0.205330
0.139863	0.088299	-0.048891	-0.204503
0.139906	0.087341	-0.047854	-0.204675
0.139857	0.085526	-0.049430	-0.205333
0.139930	0.084842	-0.045203	-0.204868
0.139813	0.084702	-0.044322	-0.203800
0.139854	0.084523	-0.043718	-0.203225
0.139827	0.083603	-0.043541	-0.204462
0.139820	0.082885	-0.039765	-0.203896
0.139893	0.081268	-0.039209	-0.203699
0.139915	0.080366	-0.037535	-0.203544
0.139912	0.080637	-0.036618	-0.204363
0.139562	0.078713	-0.038730	-0.204505
0.135225	0.079662	-0.036385	-0.202668
0.134778	0.078999	-0.034968	-0.205314
0.134939	0.079910	-0.035317	-0.204250
0.134820	0.079840	-0.033622	-0.205838
0.134832	0.079630	-0.032798	-0.204903
0.134906	0.079668	-0.035425	-0.204624
0.134851	0.079451	-0.035349	-0.203462
0.134914	0.079718	-0.035349	-0.203928
0.134911	0.077716	-0.035176	-0.205405
0.134797	0.078747	-0.035800	-0.204917
0.134846	0.078065	-0.034889	-0.205359
0.134543	0.079270	-0.035886	-0.204081
0.130109	0.077870	-0.037347	-0.205252
0.129879	0.080275	-0.036119	-0.203159
0.129739	0.078322	-0.038207	-0.205255
0.129991	0.080069	-0.039448	-0.205382
0.129597	0.079080	-0.037895	-0.204248
0.130191	0.081461	-0.040888	-0.204681
0.127177	0.080357	-0.041581	-0.204914
0.124294	0.081731	-0.042893	-0.205112
0.124999	0.082421	-0.042431	-0.206879
0.124499	0.082979	-0.044276	-0.204776
0.124959	0.082647	-0.043278	-0.204799
0.124130	0.085623	-0.043302	-0.203773
0.119951	0.085778	-0.044591	-0.204640
0.119551	0.085436	-0.045395	-0.205999
0.119836	0.087351	-0.044336	-0.205943
0.119606	0.087268	-0.044322	-0.204947
0.119783	0.087717	-0.042215	-0.205680
0.119676	0.086244	-0.043146	-0.204922
0.119681	0.087639	-0.042252	-0.203654
0.119747	0.086666	-0.041189	-0.207162
0.119724	0.086682	-0.042191	-0.204079
0.119732	0.085598	-0.040222	-0.203227
0.119636	0.085560	-0.039724	-0.203269
0.119803	0.084903	-0.039631	-0.204012
0.119674	0.084349	-0.041188	-0.205394
0.119711	0.083111	-0.040383	-0.205410
0.119656	0.083628	-0.038368	-0.205326
0.119708	0.081744	-0.038547	-0.203973
0.119792	0.083250	-0.039415	-0.205078
0.119715	0.082745	-0.038000	-0.204043
0.119725	0.082988	-0.038973	-0.204086
0.119730	0.082720	-0.038285	-0.205680
0.119700	0.083686	-0.038017	-0.204409
0.119749	0.085097	-0.039318	-0.205722
0.119644	0.084188	-0.039262	-0.204606
0.119783	0.083578	-0.037020	-0.204372
0.119703	0.085195	-0.038066	-0.204571
0.119784	0.084172	-0.037014	-0.205300
0.119637	0.086051	-0.036664	-0.205589
0.119817	0.086415	-0.036099	-0.205870
0.119594	0.085816	-0.036154	-0.205385
0.119824	0.084372	-0.035351	-0.205475
0.119572	0.084749	-0.033020	-0.205760
0.120083	0.086523	-0.034289	-0.204696
0.116563	0.085107	-0.034607	-0.203100
0.114273	0.085662	-0.033497	-0.205157
0.114881	0.085852	-0.033698	-0.205957
0.114427	0.086545	-0.032562	-0.204705
0.114707	0.085914	-0.034508	-0.205998
0.114496	0.085494	-0.035100	-0.206106
0.114604	0.084227	-0.034689	-0.203762
0.114633	0.083864	-0.035461	-0.204302
0.114687	0.083335	-0.035496	-0.203784
0.114557	0.084429	-0.036776	-0.204199
0.114609	0.081228	-0.037350	-0.204374
0.114543	0.081364	-0.037562	-0.205212
0.114572	0.082330	-0.039343	-0.205321
0.114629	0.082506	-0.037216	-0.204912
0.114461	0.083475	-0.040033	-0.205818
0.114684	0.082005	-0.039245	-0.203956
0.114526	0.082537	-0.038597	-0.204160
0.114816	0.082570	-0.039829	-0.205647
0.113611	0.081938	-0.038574	-0.204210
0.109428	0.083666	-0.039523	-0.205382
0.109770	0.082023	-0.039098	-0.204152
0.109515	0.082373	-0.038860	-0.203292
0.109656	0.083489	-0.040672	-0.204263
0.109531	0.083928	-0.041165	-0.203765
0.109698	0.083106	-0.041951	-0.205331
0.109533	0.084009	-0.042341	-0.203838
0.109701	0.083827	-0.042313	-0.204550
0.109530	0.084213	-0.043702	-0.203116
0.109634	0.084251	-0.042784	-0.204302
0.109516	0.083081	-0.042312	-0.204031
0.109799	0.084131	-0.042116	-0.204389
0.109397	0.084216	-0.043019	-0.204947
0.113157	0.084076	-0.044125	-0.202935
0.114960	0.086092	-0.042532	-0.203517
0.114437	0.085151	-0.043410	-0.203755
0.114708	0.085380	-0.042778	-0.205477
0.114503	0.084842	-0.043852	-0.203743
0.114710	0.087857	-0.045267	-0.204667
0.114585	0.086635	-0.043930	-0.204157
0.114661	0.085767	-0.045312	-0.204280
0.114577	0.085121	-0.046415	-0.204917
0.114602	0.087833	-0.046999	-0.204220
0.114609	0.089190	-0.046788	-0.204770
0.114595	0.088241	-0.047206	-0.205858
0.114563	0.089330	-0.046572	-0.206061
0.114622	0.089360	-0.047397	-0.205115
0.114612	0.088215	-0.049030	-0.204551
0.114608	0.091119	-0.049849	-0.204299
0.114641	0.090125	-0.047260	-0.204352
0.114636	0.089528	-0.049037	-0.204428
0.114560	0.089242	-0.049707	-0.204993
0.114683	0.089409	-0.048517	-0.205675
0.114609	0.089731	-0.047371	-0.203314
0.114637	0.087661	-0.046703	-0.206104
0.114579	0.087621	-0.045178	-0.204275
0.114607	0.088249	-0.043886	-0.204998
0.114603	0.088496	-0.042670	-0.205418
0.114653	0.086450	-0.042154	-0.203585
0.114599	0.087852	-0.043742	-0.205227
0.114742	0.086319	-0.043194	-0.205992
0.114621	0.086900	-0.039963	-0.205904
0.114686	0.088805	-0.041958	-0.205105
0.114416	0.088473	-0.040468	-0.204555
0.118489	0.088800	-0.040210	-0.204011
0.120114	0.087651	-0.041533	-0.204948
0.119530	0.088153	-0.039549	-0.204863
0.119969	0.091129	-0.041602	-0.204518
0.119410	0.091472	-0.044128	-0.204832
0.120139	0.094032	-0.044299	-0.203839
0.118017	0.094112	-0.046094	-0.204309
0.114372	0.095749	-0.047574	-0.204758
0.114767	0.094868	-0.049341	-0.204640
0.114580	0.095730	-0.052008	-0.204572
0.114632	0.098512	-0.051571	-0.203641
0.114516	0.100824	-0.054433	-0.206523
0.114677	0.101144	-0.056614	-0.205603
0.114594	0.101062	-0.059738	-0.206113
0.114617	0.104942	-0.059309	-0.203382
0.114565	0.103758	-0.061118	-0.205031
0.114627	0.107485	-0.062873	-0.206165
0.114610	0.105412	-0.063820	-0.204447
0.114560	0.107880	-0.065072	-0.204810
0.114616	0.108021	-0.064525	-0.205442
0.114588	0.109904	-0.064125	-0.205097
0.114633	0.109973	-0.064439	-0.203299
0.114554	0.111054	-0.065232	-0.203619
0.114703	0.111782	-0.065524	-0.205603
0.114535	0.110836	-0.064240	-0.204811
0.114730	0.112702	-0.063389	-0.203680
0.110411	0.112816	-0.062212	-0.204586
0.113662	0.111786	-0.060616	-0.204412
0.114829	0.111001	-0.062439	-0.204431
0.114585	0.111282	-0.061647	-0.203666
0.114631	0.112793	-0.062498	-0.205008
0.114610	0.111148	-0.058689	-0.205429
0.114628	0.113377	-0.056993	-0.205245
0.114767	0.112302	-0.057782	-0.204794
0.114293	0.112979	-0.056931	-0.205096
0.116592	0.113979	-0.055556	-0.203389
0.120168	0.114014	-0.055936	-0.205143
0.119383	0.113954	-0.055125	-0.204880
0.119947	0.113989	-0.053790	-0.205076
0.119492	0.114972	-0.053570	-0.205412
0.119938	0.114491	-0.052637	-0.204159
0.119417	0.116378	-0.052842	-0.204644
0.120019	0.116261	-0.053451	-0.206017
0.119210	0.115191	-0.054639	-0.203481
0.121889	0.115863	-0.055885	-0.204513
0.125061	0.116927	-0.056043	-0.205254
0.124514	0.116776	-0.056756	-0.203653
0.124791	0.117527	-0.055684	-0.204542
0.124632	0.117391	-0.055799	-0.204452
0.124776	0.115516	-0.056477	-0.205394
0.124644	0.115753	-0.055584	-0.203997
0.124737	0.115664	-0.055663	-0.205080
0.124747	0.116240	-0.056224	-0.206612
0.124676	0.117599	-0.055865	-0.204838
0.124770	0.116252	-0.056529	-0.204225
0.124681	0.116125	-0.055704	-0.204225
0.124741	0.114541	-0.054292	-0.206248
0.124589	0.113953	-0.055189	-0.205269
0.124891	0.113569	-0.056668	-0.205403
0.124546	0.114182	-0.056738	-0.204270
0.124891	0.112055	-0.057902	-0.204894
0.124268	0.113227	-0.056109	-0.204572
0.126988	0.112269	-0.057796	-0.205378
0.130227	0.110507	-0.056845	-0.206182
0.129504	0.109617	-0.059296	-0.205853
0.129980	0.110658	-0.059142	-0.204641
0.129683	0.108331	-0.060171	-0.203658
0.129957	0.106839	-0.061645	-0.205458
0.129714	0.106697	-0.060197	-0.204188
0.129921	0.106896	-0.061621	-0.204814
0.129745	0.108330	-0.062489	-0.204456
0.129849	0.108168	-0.063526	-0.204119
0.129755	0.108291	-0.067131	-0.204313
0.129890	0.106451	-0.067188	-0.204210
0.129713	0.107810	-0.066292	-0.205513
0.129823	0.109380	-0.067544	-0.205224
0.129803	0.110284	-0.070524	-0.202979
0.129841	0.108792	-0.072978	-0.204255
0.129733	0.110739	-0.073135	-0.204586
0.129836	0.110034	-0.074711	-0.204626
0.129808	0.112268	-0.074429	-0.204568
0.129813	0.112430	-0.074990	-0.204629
0.129779	0.113358	-0.074515	-0.204562
0.129900	0.113442	-0.075698	-0.204823
0.129738	0.111336	-0.076383	-0.205497
0.129903	0.114375	-0.076996	-0.204355
0.129624	0.113288	-0.076843	-0.204561
0.130308	0.114794	-0.076000	-0.204996
0.134551	0.113536	-0.076277	-0.206373
0.134916	0.115689	-0.074508	-0.205256
0.134746	0.114534	-0.075684	-0.203901
0.134904	0.115534	-0.076204	-0.205111
0.134689	0.115951	-0.074189	-0.205237
0.135038	0.114814	-0.075378	-0.205177
0.134450	0.114762	-0.074343	-0.204774
0.137257	0.114351	-0.075953	-0.204443
0.140318	0.114447	-0.075924	-0.203953
0.139493	0.114205	-0.074894	-0.206300
0.140137	0.114534	-0.074858	-0.206553
0.139617	0.114058	-0.072239	-0.204478
0.140118	0.111311	-0.071613	-0.205356
0.139412	0.112481	-0.069954	-0.205290
0.142556	0.113681	-0.069163	-0.204096
0.144874	0.111204	-0.069583	-0.205434
0.144418	0.112067	-0.068504	-0.205219
0.144608	0.112511	-0.066967	-0.203728
0.144518	0.112206	-0.066332	-0.204707
0.144625	0.111587	-0.066307	-0.206123
0.144492	0.111169	-0.065022	-0.204592
0.144639	0.111247	-0.064574	-0.204154
0.144560	0.112450	-0.062943	-0.204176
0.144573	0.110464	-0.062036	-0.203874
0.144530	0.111125	-0.060494	-0.205413
0.144637	0.108647	-0.059819	-0.204195
0.144598	0.108732	-0.058622	-0.204243
0.144535	0.107519	-0.057112	-0.204778
0.144551	0.108775	-0.057597	-0.205559
0.144592	0.107726	-0.055633	-0.204570
0.144595	0.107299	-0.054184	-0.204363
0.144633	0.107117	-0.054163	-0.205260
0.144560	0.108947	-0.053050	-0.203975
0.144608	0.108049	-0.053297	-0.204776
0.144556	0.107076	-0.051694	-0.204116
0.144543	0.108056	-0.050959	-0.205576
0.144519	0.107554	-0.051344	-0.204223
0.144585	0.105140	-0.052656	-0.204728
0.144544	0.105909	-0.049905	-0.203921
0.144627	0.103760	-0.049764	-0.205027
0.144407	0.104609	-0.049924	-0.205231
0.144668	0.104646	-0.051258	-0.204467
0.144407	0.104288	-0.052061	-0.205246
0.144856	0.103495	-0.051029	-0.203832
0.141515	0.102682	-0.051625	-0.203805
0.139516	0.100715	-0.050205	-0.204972
0.140034	0.099456	-0.051474	-0.204837
0.139716	0.100106	-0.048827	-0.203029
0.139931	0.099615	-0.050572	-0.204079
0.139805	0.099735	-0.053422	-0.203559
0.139941	0.098377	-0.052428	-0.204055
0.139716	0.098383	-0.054110	-0.203537
0.139997	0.098211	-0.053337	-0.202885
0.139672	0.096847	-0.055336	-0.204195
0.140110	0.097816	-0.056956	-0.204305
0.138877	0.095899	-0.056667	-0.205256
0.134775	0.095262	-0.056544	-0.204728
0.135002	0.096196	-0.056721	-0.204660
0.134778	0.095852	-0.058983	-0.203532
0.134997	0.095047	-0.059659	-0.203921
0.134852	0.095538	-0.061932	-0.204626
0.134885	0.095662	-0.059901	-0.204423
0.134836	0.095763	-0.059745	-0.204175
0.134952	0.096578	-0.061027	-0.203562
0.134799	0.097062	-0.060389	-0.204442
0.134885	0.096630	-0.061267	-0.204194
0.134763	0.095550	-0.062453	-0.203734
0.135031	0.098080	-0.063233	-0.204799
0.134539	0.096898	-0.062473	-0.203728
0.135978	0.094765	-0.065227	-0.205090
0.140007	0.097435	-0.065394	-0.204743
0.139773	0.098042	-0.065696	-0.204882
0.139972	0.096683	-0.066525	-0.204620
0.139773	0.097145	-0.066376	-0.205246
0.139942	0.098523	-0.065792	-0.204587
0.139745	0.097870	-0.065532	-0.205117
0.139861	0.099284	-0.068847	-0.203922
0.139872	0.099792	-0.067160	-0.206895
0.139912	0.098869	-0.066359	-0.203638
0.139822	0.099015	-0.066946	-0.205690
0.139871	0.100177	-0.066029	-0.205968
0.139819	0.097606	-0.066279	-0.205408
0.139778	0.099471	-0.065138	-0.203948
0.139842	0.099063	-0.064305	-0.203525
0.139841	0.101652	-0.063788	-0.204298
0.139861	0.102203	-0.062397	-0.205066
0.139788	0.101277	-0.061775	-0.204641
0.139794	0.103103	-0.061549	-0.203242
0.139842	0.099959	-0.060636	-0.205574
0.139862	0.101994	-0.058246	-0.204748
0.139886	0.104295	-0.059055	-0.205026
0.139869	0.103312	-0.058731	-0.203651
0.139877	0.103720	-0.058678	-0.205225
0.139810	0.104839	-0.058746	-0.203545
0.139847	0.103636	-0.058763	-0.203864
0.139864	0.103944	-0.056959	-0.203001
0.139841	0.104548	-0.058263	-0.204026
0.139869	0.105205	-0.059560	-0.205532
0.139815	0.107391	-0.057538	-0.204026
0.139863	0.108158	-0.059117	-0.205214
0.139710	0.108320	-0.060830	-0.205355
0.139932	0.110739	-0.060943	-0.205050
0.139740	0.111138	-0.062216	-0.205275
0.139960	0.114782	-0.064136	-0.206582
0.135821	0.113883	-0.064314	-0.204679
0.134603	0.115276	-0.066693	-0.205906
0.134965	0.115700	-0.067717	-0.204625
0.134829	0.117385	-0.070550	-0.204491
0.134827	0.119312	-0.070579	-0.204598
0.134943	0.118833	-0.071426	-0.205967
0.134653	0.120894	-0.073182	-0.205043
0.135159	0.122912	-0.074906	-0.204724
0.133102	0.122875	-0.074897	-0.205596
0.129453	0.125122	-0.075931	-0.205262
0.130034	0.125748	-0.077806	-0.203962
0.129664	0.125349	-0.076862	-0.204204
0.129895	0.125473	-0.078986	-0.203673
0.129797	0.126792	-0.077215	-0.204533
0.129867	0.128130	-0.078752	-0.205470
0.129844	0.128766	-0.079218	-0.205128
0.129911	0.129551	-0.079066	-0.205132
0.129772	0.128433	-0.080748	-0.205586
0.129844	0.129842	-0.079920	-0.204295
0.129824	0.128542	-0.080742	-0.205044
0.129802	0.129184	-0.081006	-0.205885
0.129824	0.129153	-0.079511	-0.205113
0.129828	0.128378	-0.078242	-0.205448
0.129772	0.127986	-0.074923	-0.204533
0.129797	0.127364	-0.075936	-0.205001
0.129833	0.125948	-0.073177	-0.204842
0.129863	0.123650	-0.071978	-0.204968
0.129834	0.125468	-0.071423	-0.205140
0.129799	0.124793	-0.069248	-0.204240
0.134059	0.124091	-0.069597	-0.204087
0.135029	0.123645	-0.069031	-0.204666
0.134740	0.121557	-0.067322	-0.204601
0.134904	0.121608	-0.066730	-0.204753
0.134847	0.122470	-0.068098	-0.205650
0.134975	0.121229	-0.066876	-0.204571
0.134878	0.120620	-0.066918	-0.205043
0.139138	0.121287	-0.065916	-0.204627
0.140035	0.121339	-0.065334	-0.205247
0.139831	0.121642	-0.066309	-0.205564
0.139936	0.120745	-0.065180	-0.205356
0.139803	0.121685	-0.065852	-0.205779
0.139879	0.121677	-0.068066	-0.205613
0.139854	0.121100	-0.065555	-0.205883
0.139827	0.121157	-0.067183	-0.204667
0.139907	0.121444	-0.068773	-0.205400
0.139851	0.121551	-0.067179	-0.207001
0.139817	0.122989	-0.068697	-0.205085
0.139910	0.120563	-0.068627	-0.204373
0.139866	0.122004	-0.069379	-0.205038
0.139831	0.121560	-0.069031	-0.205954
0.139869	0.121381	-0.068742	-0.204022
0.139867	0.121344	-0.069099	-0.204988
0.139867	0.120367	-0.069197	-0.204348
0.139813	0.119886	-0.069543	-0.204946
0.139789	0.119791	-0.070395	-0.204466
0.139844	0.120198	-0.072434	-0.204436
0.139775	0.119050	-0.073710	-0.205534
0.139917	0.119596	-0.074190	-0.205906
0.139839	0.119350	-0.075392	-0.204951
0.139853	0.119702	-0.075223	-0.202351
0.139928	0.117315	-0.077296	-0.205239
0.139779	0.115931	-0.076599	-0.203631
0.139866	0.114908	-0.077623	-0.204213
0.139857	0.115295	-0.077867	-0.204130
0.139819	0.114695	-0.079173	-0.205130
0.139892	0.114351	-0.082226	-0.205304
0.139789	0.112696	-0.084471	-0.205313
0.139883	0.111587	-0.082236	-0.205527
0.139848	0.109804	-0.082188	-0.204479
0.139877	0.109944	-0.084076	-0.206142
0.139871	0.108438	-0.082637	-0.205487
0.139823	0.107916	-0.083982	-0.204858
0.139852	0.107331	-0.084999	-0.207311
0.139838	0.106951	-0.083876	-0.206829
0.139787	0.107360	-0.083500	-0.206041
0.139896	0.105071	-0.083048	-0.206094
0.139916	0.105650	-0.081776	-0.207617
0.139839	0.103599	-0.083325	-0.206860
0.139792	0.102828	-0.082060	-0.206151
0.139834	0.103009	-0.081030	-0.204989
0.139815	0.103695	-0.079320	-0.206652
0.139913	0.102251	-0.079628	-0.205950
0.139894	0.101558	-0.077962	-0.205341
0.139930	0.102547	-0.077168	-0.206475
0.139738	0.100075	-0.075003	-0.204135
0.139903	0.100767	-0.075546	-0.203792
0.139802	0.098959	-0.074152	-0.207047
0.139994	0.098673	-0.072869	-0.205335
0.139591	0.099482	-0.073260	-0.204774
0.140430	0.099697	-0.070780	-0.205293
0.144270	0.097643	-0.070725	-0.204293
0.144760	0.098509	-0.070267	-0.204241
0.143932	0.097087	-0.067878	-0.203990
0.140568	0.093981	-0.067264	-0.204119
0.144398	0.095413	-0.065263	-0.204541
0.144551	0.093693	-0.063691	-0.203396
0.144683	0.093723	-0.062780	-0.204942
0.144511	0.091452	-0.060222	-0.205662
0.144545	0.091584	-0.058530	-0.204241
0.144589	0.089722	-0.055994	-0.204939
0.144612	0.090841	-0.054643	-0.204205
0.144575	0.090739	-0.053195	-0.204972
0.144431	0.089964	-0.053759	-0.205349
0.144696	0.091127	-0.052750	-0.205138
0.144430	0.091102	-0.053807	-0.204017
0.144869	0.090577	-0.051887	-0.204162
0.141781	0.089663	-0.053174	-0.204333
0.139454	0.090148	-0.052200	-0.204816
0.140162	0.089597	-0.052295	-0.205937
0.139606	0.091049	-0.051938	-0.203725
0.140044	0.091729	-0.052421	-0.204011
0.139612	0.091711	-0.052612	-0.204780
0.140226	0.091851	-0.053249	-0.205990
0.136718	0.091861	-0.054560	-0.204398
0.134452	0.093117	-0.054001	-0.205690
0.135051	0.093611	-0.055366	-0.205087
0.134708	0.094381	-0.055969	-0.204849
0.134939	0.094793	-0.057817	-0.204121
0.134740	0.094687	-0.056802	-0.205102
0.135041	0.095714	-0.059423	-0.204576
0.133986	0.095006	-0.058331	-0.205782
0.129779	0.095205	-0.059302	-0.203535
0.129976	0.093148	-0.059238	-0.204525
0.129675	0.093576	-0.058283	-0.203998
0.130108	0.091901	-0.058470	-0.203879
0.128922	0.093143	-0.059097	-0.204809
0.124701	0.093854	-0.058886	-0.205537
0.124794	0.091145	-0.059260	-0.204840
0.124646	0.092723	-0.060465	-0.204897
0.124780	0.093890	-0.060024	-0.205278
0.124784	0.092770	-0.059789	-0.203614
0.124736	0.091518	-0.060301	-0.205195
0.124663	0.091793	-0.060642	-0.205964
0.124815	0.090243	-0.060885	-0.203805
0.124696	0.090045	-0.059096	-0.206248
0.124779	0.090591	-0.059092	-0.205491
0.124715	0.090991	-0.059909	-0.204939
0.124681	0.090726	-0.058726	-0.204709
0.124677	0.088763	-0.058026	-0.205734
0.124786	0.088156	-0.057192	-0.204768
0.124736	0.088025	-0.057340	-0.205422
0.124688	0.087314	-0.057872	-0.205143
0.124653	0.088766	-0.057019	-0.204449
0.124830	0.086000	-0.058189	-0.205004
0.124563	0.086510	-0.057099	-0.204265
0.124947	0.086955	-0.055351	-0.205388
0.124490	0.084913	-0.055954	-0.204408
0.125842	0.085001	-0.055672	-0.204774
0.129955	0.084072	-0.055539	-0.205209
0.129664	0.084913	-0.055161	-0.203244
0.129992	0.084460	-0.055545	-0.205254
0.129816	0.084651	-0.055955	-0.205888
0.129901	0.083298	-0.054295	-0.204358
0.129736	0.083865	-0.054410	-0.205047
0.129784	0.084678	-0.054096	-0.204555
0.129755	0.082350	-0.051608	-0.205483
0.129861	0.081422	-0.051050	-0.205101
0.129797	0.081402	-0.051337	-0.204233
0.129846	0.081949	-0.050577	-0.205227
0.129703	0.081614	-0.051143	-0.205501
0.129787	0.081741	-0.048409	-0.205949
0.129765	0.080960	-0.050073	-0.204774
0.129884	0.082262	-0.050596	-0.205291
0.129729	0.082437	-0.048627	-0.205346
0.129886	0.081143	-0.050801	-0.206279
0.129706	0.081691	-0.050437	-0.203871
0.130051	0.081326	-0.048962	-0.204130
0.125931	0.081253	-0.051874	-0.205365
0.124474	0.082327	-0.051026	-0.204601
0.124868	0.083653	-0.050170	-0.205845
0.124575	0.084469	-0.049680	-0.205245
0.124817	0.083977	-0.051152	-0.204991
0.124624	0.085645	-0.049546	-0.206312
0.124810	0.084410	-0.052384	-0.203878
0.124669	0.086030	-0.050949	-0.205533
0.124779	0.085682	-0.051912	-0.204605
0.124663	0.085466	-0.053485	-0.204848
0.124790	0.086329	-0.052303	-0.205945
0.124600	0.088295	-0.051234	-0.204770
0.124776	0.088400	-0.052337	-0.205818
0.124636	0.088134	-0.053764	-0.204299
0.124876	0.090309	-0.055880	-0.205358
0.120791	0.090319	-0.055189	-0.205286
0.119395	0.092755	-0.055652	-0.204302
0.119848	0.092378	-0.055199	-0.205359
0.119641	0.094084	-0.057054	-0.204513
0.119729	0.094265	-0.058252	-0.205145
0.119614	0.096010	-0.059450	-0.204788
0.119792	0.096942	-0.058733	-0.205034
0.119693	0.097219	-0.062415	-0.205107
0.119686	0.100018	-0.062180	-0.204464
0.119725	0.099378	-0.061552	-0.204494
0.119675	0.100631	-0.060729	-0.204595
0.119649	0.101446	-0.061968	-0.204389
0.119685	0.101676	-0.063234	-0.205485
0.119693	0.102720	-0.064447	-0.205809
0.119723	0.104208	-0.064159	-0.204908
0.119706	0.104681	-0.063558	-0.203208
0.119690	0.104917	-0.062948	-0.203970
0.119674	0.104897	-0.064256	-0.205801
0.119721	0.106388	-0.063189	-0.204209
0.119701	0.106901	-0.062957	-0.204771
0.119742	0.107656	-0.064383	-0.203056
0.119764	0.106972	-0.062029	-0.204885
0.119639	0.105330	-0.062497	-0.204383
0.119706	0.107368	-0.064206	-0.206311
0.119685	0.106983	-0.062433	-0.206315
0.119806	0.106721	-0.062162	-0.205161
0.119646	0.107797	-0.061636	-0.204903
0.119797	0.107840	-0.061398	-0.204865
0.119631	0.109900	-0.063323	-0.206408
0.119812	0.109477	-0.062908	-0.205663
0.119639	0.110836	-0.062201	-0.205021
0.119842	0.110587	-0.062717	-0.205841
0.119540	0.110259	-0.060746	-0.205092
0.119906	0.112014	-0.062681	-0.204573
0.119334	0.111132	-0.063466	-0.204666
0.121736	0.111547	-0.063725	-0.204175
0.125165	0.112024	-0.062872	-0.205323
0.124470	0.110866	-0.063369	-0.204132
0.124865	0.112223	-0.063121	-0.205343
0.124638	0.113982	-0.064888	-0.204675
0.124774	0.114257	-0.063865	-0.204489
0.124617	0.113915	-0.065091	-0.203911
0.124821	0.114926	-0.067276	-0.203121
0.124712	0.113885	-0.067116	-0.204268
0.124730	0.115054	-0.065971	-0.205937
0.124723	0.116851	-0.066114	-0.205653
0.124806	0.114310	-0.066715	-0.204270
0.124717	0.114210	-0.067657	-0.205933
0.124717	0.116758	-0.067026	-0.204550
0.124705	0.116679	-0.066489	-0.204452
0.124664	0.117070	-0.069713	-0.205503
0.124755	0.118046	-0.067880	-0.204307
0.124584	0.116635	-0.071082	-0.203150
0.124746	0.117450	-0.069737	-0.204494
0.124688	0.118691	-0.070235	-0.205473
0.124727	0.118960	-0.071524	-0.204744
0.124706	0.119884	-0.072378	-0.205734
0.124664	0.118404	-0.073682	-0.204674
0.124702	0.119760	-0.074827	-0.203288
0.124669	0.122526	-0.077646	-0.204260
0.124997	0.120799	-0.076997	-0.204849
0.129382	0.122062	-0.078861	-0.203388
0.129902	0.121421	-0.079199	-0.204844
0.129770	0.124201	-0.081778	-0.203633
0.129873	0.125700	-0.084338	-0.204520
0.129742	0.127743	-0.082187	-0.203111
0.129788	0.126374	-0.085473	-0.203967
0.129832	0.129481	-0.086787	-0.204547
0.129859	0.132256	-0.087592	-0.204794
0.129892	0.130906	-0.089715	-0.204522
0.129888	0.130105	-0.087975	-0.204754
0.129770	0.133537	-0.091480	-0.204903
0.129742	0.134325	-0.091667	-0.204991
0.129883	0.135966	-0.089811	-0.204283
0.129809	0.136977	-0.090144	-0.204821
0.129887	0.137175	-0.093025	-0.203664
0.129723	0.137505	-0.092389	-0.204397
0.129970	0.139350	-0.092629	-0.204746
0.129686	0.141035	-0.093584	-0.204432
0.129966	0.140437	-0.090648	-0.202963
0.129645	0.141444	-0.093148	-0.203960
0.130109	0.140493	-0.091555	-0.204858
0.129289	0.141275	-0.092988	-0.203398
0.132538	0.141145	-0.093661	-0.204819
0.135142	0.142977	-0.092711	-0.204132
0.134790	0.142034	-0.092059	-0.205315
0.134815	0.143120	-0.091167	-0.205861
0.134954	0.142660	-0.090474	-0.204969
0.134455	0.141520	-0.090977	-0.205483
0.137274	0.141428	-0.090499	-0.203833
0.140251	0.141184	-0.088019	-0.204966
0.139689	0.141180	-0.086988	-0.205175
0.139918	0.142067	-0.086300	-0.205288
0.139961	0.140765	-0.084004	-0.202888
0.139519	0.139936	-0.083183	-0.203863
0.142330	0.141732	-0.081199	-0.204396
0.145019	0.141175	-0.079605	-0.203764
0.144291	0.138205	-0.078910	-0.203868
0.144801	0.139170	-0.077644	-0.204194
0.144450	0.139465	-0.076824	-0.205117
0.144706	0.137415	-0.075646	-0.204235
0.144538	0.137617	-0.073885	-0.205011
0.144692	0.137341	-0.074160	-0.203814
0.144563	0.135754	-0.072808	-0.203534
0.144642	0.137356	-0.072841	-0.203768
0.144518	0.136958	-0.072741	-0.203447
0.144614	0.136052	-0.072747	-0.204105
0.144538	0.136577	-0.071607	-0.204596
0.144549	0.136774	-0.074171	-0.202847
0.144648	0.135024	-0.073716	-0.203810
0.144520	0.136066	-0.071320	-0.204895
0.144604	0.136468	-0.072864	-0.203508
0.144592	0.136152	-0.074912	-0.203893
0.144555	0.136362	-0.072285	-0.204962
0.144570	0.137265	-0.073420	-0.204715
0.144622	0.136700	-0.076315	-0.203958
0.144536	0.136090	-0.077087	-0.203326
0.144643	0.137917	-0.077831	-0.204920
0.144510	0.136301	-0.078306	-0.204253
0.144681	0.136327	-0.079095	-0.204270
0.144531	0.137035	-0.080544	-0.204245
0.144748	0.136091	-0.081548	-0.204775
0.144260	0.135337	-0.081780	-0.205980
0.147718	0.135285	-0.082274	-0.203876
0.150049	0.133804	-0.083630	-0.203713
0.149440	0.133249	-0.083126	-0.203843
0.149789	0.133163	-0.084914	-0.203074
0.149507	0.132686	-0.086036	-0.205147
0.149689	0.132969	-0.089550	-0.204116
0.149494	0.133650	-0.088374	-0.203265
0.149631	0.130404	-0.089442	-0.204359
0.149518	0.128298	-0.090612	-0.203654
0.149676	0.129696	-0.089808	-0.205608
0.149486	0.129155	-0.090307	-0.203601
0.149700	0.127360	-0.091128	-0.205884
0.149476	0.128517	-0.090800	-0.205121
0.149646	0.125253	-0.092057	-0.204933
0.149425	0.125279	-0.091890	-0.204256
0.149726	0.124442	-0.090469	-0.203512
0.149201	0.123749	-0.090350	-0.204406
0.153050	0.123077	-0.091176	-0.204625
0.155078	0.121820	-0.091540	-0.203428
0.154470	0.119915	-0.090544	-0.203585
0.154827	0.120523	-0.088020	-0.203629
0.154553	0.118276	-0.087179	-0.205811
0.154814	0.118572	-0.087963	-0.205726
0.154508	0.117764	-0.087288	-0.204359
0.154785	0.115959	-0.084464	-0.205007
0.154613	0.114778	-0.084064	-0.203966
0.154879	0.114748	-0.083254	-0.205087
0.154370	0.112124	-0.082400	-0.204355
0.158238	0.113162	-0.080657	-0.205176
0.160050	0.112540	-0.079716	-0.202857
0.159566	0.109488	-0.079529	-0.205254
0.159736	0.109582	-0.078784	-0.203800
0.159662	0.107343	-0.079086	-0.204924
0.159817	0.107324	-0.077322	-0.203511
0.159611	0.106739	-0.076226	-0.203259
0.159782	0.108686	-0.074720	-0.204859
0.159560	0.106031	-0.074268	-0.204597
0.159687	0.106905	-0.073214	-0.204469
0.159708	0.105583	-0.073259	-0.203353
0.159760	0.105832	-0.073247	-0.204274
0.159701	0.105660	-0.071434	-0.205081
0.159772	0.106465	-0.070573	-0.204972
0.159654	0.105786	-0.069525	-0.205374
0.159749	0.106133	-0.067862	-0.203249
0.159597	0.104118	-0.068454	-0.205960
0.159795	0.103381	-0.067319	-0.202818
0.159512	0.104369	-0.065279	-0.203903
0.160015	0.103723	-0.064790	-0.205097
0.158398	0.105722	-0.064149	-0.203534
0.154405	0.104760	-0.064362	-0.204102
0.154880	0.103726	-0.063087	-0.204265
0.154677	0.104092	-0.063072	-0.205506
0.154865	0.103353	-0.062467	-0.204077
0.154595	0.106654	-0.063676	-0.204203
0.154807	0.106072	-0.064486	-0.203678
0.154592	0.105822	-0.063406	-0.205480
0.154814	0.106733	-0.063787	-0.204717
0.154539	0.105416	-0.062088	-0.204324
0.154901	0.105415	-0.063487	-0.204927
0.150682	0.105678	-0.063369	-0.203324
0.149287	0.105956	-0.063031	-0.204835
0.149750	0.106177	-0.064497	-0.203450
0.149527	0.105112	-0.062998	-0.204230
0.149572	0.106348	-0.063904	-0.204879
0.149611	0.108095	-0.064175	-0.206364
0.145742	0.106838	-0.063239	-0.205830
0.144196	0.104467	-0.063072	-0.204284
0.144851	0.105233	-0.062096	-0.205612
0.144238	0.106007	-0.062887	-0.205226
0.144973	0.106118	-0.063256	-0.204508
0.142971	0.105133	-0.063502	-0.203737
0.139622	0.103489	-0.064090	-0.204671
0.139933	0.103360	-0.062859	-0.203949
0.139783	0.103892	-0.064058	-0.204552
0.139911	0.104260	-0.063672	-0.205224
0.139838	0.103045	-0.064001	-0.204328
0.139818	0.103605	-0.066481	-0.204629
0.139881	0.103196	-0.068546	-0.203669
0.135932	0.105166	-0.067210	-0.205859
0.134602	0.103948	-0.068684	-0.204208
0.134940	0.103187	-0.068466	-0.206725
0.134735	0.103788	-0.068528	-0.205184
0.134921	0.104036	-0.069243	-0.206096
0.134772	0.103631	-0.069792	-0.205366
0.134881	0.104822	-0.071566	-0.206309
0.134771	0.106995	-0.071151	-0.205475
0.134908	0.104216	-0.073318	-0.203629
0.134856	0.104678	-0.073123	-0.205257
0.134962	0.105474	-0.070867	-0.205814
0.134775	0.104704	-0.072991	-0.204300
0.134959	0.103466	-0.070283	-0.205041
0.134787	0.104147	-0.069293	-0.204932
0.134984	0.101034	-0.069516	-0.205290
0.134763	0.102343	-0.067385	-0.205408
0.135068	0.102557	-0.066938	-0.204145
0.134663	0.100555	-0.066139	-0.204442
0.135276	0.099847	-0.064274	-0.204080
0.132881	0.100115	-0.063582	-0.205098
0.129394	0.100254	-0.063171	-0.205898
0.130059	0.100471	-0.061607	-0.204984
0.129704	0.099829	-0.058453	-0.205320
0.129984	0.099204	-0.060529	-0.203476
0.129668	0.099811	-0.057394	-0.204443
0.129906	0.099627	-0.057326	-0.203704
0.129792	0.101298	-0.057157	-0.204060
0.129864	0.099617	-0.056719	-0.204110
0.129804	0.101122	-0.056007	-0.206721
0.129867	0.099975	-0.056748	-0.203389
0.129808	0.099738	-0.055526	-0.205519
0.129802	0.101977	-0.056976	-0.206131
0.129784	0.103280	-0.057667	-0.204303
0.129844	0.101118	-0.057781	-0.206024
0.129770	0.102935	-0.057999	-0.204598
0.129800	0.103552	-0.058152	-0.204330
0.129804	0.103550	-0.058803	-0.204685
0.129852	0.101256	-0.058742	-0.204994
0.129853	0.102934	-0.059747	-0.204314
0.129818	0.101831	-0.059294	-0.204066
0.129582	0.101516	-0.058273	-0.202923
0.125234	0.101445	-0.059997	-0.203476
0.124559	0.102158	-0.057050	-0.204644
0.124846	0.101078	-0.059636	-0.204446
0.124673	0.100160	-0.060280	-0.203753
0.124795	0.100831	-0.061059	-0.204537
0.124732	0.101130	-0.060316	-0.205551
0.124735	0.099710	-0.062365	-0.204823
0.124768	0.100434	-0.062270	-0.205394
0.124544	0.100244	-0.061762	-0.203985
0.120177	0.100114	-0.061064	-0.203547
0.119668	0.100398	-0.060729	-0.204910
0.119718	0.100722	-0.061011	-0.204993
0.119714	0.099359	-0.061380	-0.203384
0.119770	0.098329	-0.061175	-0.203131
0.119770	0.099601	-0.061781	-0.204884
0.119718	0.098474	-0.061553	-0.205698
0.119826	0.101923	-0.062195	-0.203967
0.119607	0.100832	-0.061405	-0.204934
0.119777	0.100193	-0.060851	-0.205311
0.119558	0.100586	-0.062662	-0.204878
0.119848	0.101737	-0.061493	-0.203681
0.119625	0.101001	-0.060252	-0.205497
0.119898	0.102433	-0.060802	-0.206152
0.119309	0.101460	-0.061766	-0.205380
0.122176	0.103420	-0.061212	-0.204388
0.125097	0.101256	-0.062511	-0.205211
0.124508	0.102621	-0.062491	-0.205021
0.124895	0.103807	-0.061994	-0.205445
0.124564	0.103117	-0.061468	-0.205255
0.124805	0.102923	-0.061998	-0.205504
0.124656	0.103510	-0.059652	-0.205863
0.124796	0.103922	-0.061511	-0.204533
0.124671	0.101725	-0.061939	-0.202524
0.124765	0.102794	-0.061595	-0.204558
0.124774	0.102627	-0.063146	-0.203944
0.124722	0.101398	-0.061596	-0.205413
0.124763	0.102368	-0.059702	-0.203616
0.124827	0.102283	-0.060386	-0.204250
0.124673	0.102830	-0.060873	-0.204448
0.124713	0.103562	-0.061148	-0.204788
0.124733	0.101984	-0.060175	-0.204595
0.124762	0.103875	-0.061212	-0.204031
0.124715	0.102532	-0.060846	-0.204968
0.124758	0.104718	-0.061620	-0.204417
0.124706	0.104355	-0.062123	-0.205786
0.124711	0.104942	-0.062898	-0.205261
0.124686	0.106165	-0.063350	-0.205871
0.124761	0.104847	-0.063451	-0.203918
0.124735	0.105102	-0.065074	-0.203814
0.124716	0.106063	-0.062498	-0.204865
0.124691	0.106768	-0.064541	-0.203768
0.124750	0.104733	-0.064238	-0.203827
0.124776	0.105839	-0.065707	-0.204546
0.124765	0.105220	-0.064475	-0.205602
0.124671	0.105347	-0.064609	-0.204028
0.124737	0.106448	-0.063809	-0.204152
0.124592	0.105226	-0.063489	-0.204278
0.124748	0.103814	-0.063552	-0.205597
0.124711	0.102274	-0.063845	-0.203784
0.124781	0.102512	-0.065619	-0.203389
0.124545	0.100944	-0.064261	-0.205022
0.125041	0.102965	-0.065723	-0.204079
0.121877	0.101669	-0.064803	-0.204897
0.119083	0.100473	-0.064579	-0.204075
0.120789	0.099571	-0.064923	-0.204183
0.124432	0.097885	-0.062674	-0.204991
0.124883	0.098034	-0.062049	-0.204765
0.124446	0.096398	-0.062242	-0.203762
0.125185	0.097623	-0.059718	-0.204964
0.121505	0.097575	-0.062721	-0.204239
0.119324	0.097891	-0.060314	-0.205316
0.119836	0.097951	-0.059335	-0.204696
0.119684	0.096927	-0.059331	-0.203933
0.119611	0.097119	-0.059306	-0.205012
0.120475	0.097780	-0.059267	-0.203279
0.124844	0.097763	-0.059771	-0.203882
0.124658	0.098185	-0.061224	-0.203673
0.124774	0.098767	-0.059627	-0.204651
0.124682	0.098914	-0.061470	-0.204934
0.124760	0.098502	-0.063274	-0.203758
0.124750	0.099507	-0.063014	-0.204828
0.124787	0.099595	-0.064458	-0.205308
0.124649	0.100331	-0.063976	-0.204581
0.124794	0.100706	-0.063949	-0.203804
0.124820	0.101397	-0.065765	-0.203483
0.124694	0.100849	-0.065155	-0.203267
0.124751	0.101874	-0.065903	-0.203357
0.124727	0.103193	-0.065660	-0.204132
0.124683	0.103465	-0.064985	-0.204012
0.124713	0.104775	-0.065201	-0.204542
0.124728	0.106005	-0.064586	-0.204037
0.124736	0.102644	-0.065199	-0.203036
0.124802	0.104097	-0.064642	-0.204602
0.124745	0.104091	-0.066471	-0.203911
0.124710	0.103530	-0.066159	-0.205850
0.124776	0.105521	-0.067204	-0.204830
0.124747	0.104534	-0.066388	-0.203621
0.124732	0.106732	-0.065065	-0.204230
0.124703	0.108914	-0.062019	-0.203506
0.124705	0.107800	-0.065753	-0.205502
0.124697	0.107076	-0.065486	-0.203556
0.124725	0.107226	-0.066011	-0.205623
0.124651	0.108265	-0.066921	-0.203873
0.124673	0.108966	-0.065275	-0.205096
0.124689	0.109365	-0.066301	-0.204997
0.124708	0.108283	-0.066248	-0.204888
0.124654	0.108765	-0.066729	-0.203768
0.124741	0.108604	-0.066145	-0.205032
0.124742	0.107616	-0.066915	-0.204295
0.124737	0.108334	-0.066425	-0.205521
0.124718	0.108467	-0.067076	-0.205125
0.124770	0.107378	-0.066814	-0.203991
0.124784	0.108606	-0.066646	-0.204957
0.124717	0.107619	-0.065605	-0.204738
0.124728	0.104780	-0.066442	-0.202854
0.124656	0.107766	-0.065630	-0.204032
0.124733	0.105390	-0.065318	-0.204913
0.124725	0.107225	-0.066307	-0.205285
0.124716	0.106761	-0.067086	-0.204849
0.124760	0.107726	-0.066882	-0.204401
0.124717	0.106953	-0.067410	-0.203737
0.124774	0.107525	-0.068485	-0.203721
0.124663	0.107115	-0.067193	-0.203534
0.124718	0.107237	-0.068563	-0.204408
0.124707	0.107248	-0.069157	-0.205838
0.124777	0.105818	-0.067195	-0.204872
0.124712	0.107335	-0.066956	-0.205145
0.124718	0.105991	-0.067925	-0.204030
0.124705	0.106285	-0.064571	-0.204479
0.124727	0.107366	-0.065613	-0.203765
0.124751	0.107301	-0.066556	-0.204362
0.124659	0.107708	-0.066826	-0.203772
0.124747	0.108894	-0.065581	-0.205538
0.124700	0.108866	-0.067431	-0.204389
0.124750	0.110101	-0.066279	-0.203149
0.124760	0.110491	-0.064938	-0.203909
0.124654	0.109389	-0.067194	-0.204305
0.124772	0.109370	-0.066176	-0.202912
0.124627	0.111031	-0.065912	-0.204426
0.124777	0.112283	-0.065962	-0.203180
0.124677	0.111455	-0.066836	-0.202883
0.124766	0.112271	-0.066712	-0.205534
0.124557	0.113207	-0.066239	-0.204021
0.124950	0.112247	-0.069247	-0.204734
0.124313	0.112143	-0.067147	-0.204297
0.126395	0.113148	-0.068196	-0.203733
0.130189	0.113467	-0.066818	-0.205093
0.129602	0.111438	-0.068036	-0.205103
0.130001	0.114641	-0.068939	-0.204671
0.129705	0.115306	-0.068209	-0.204764
0.129925	0.115510	-0.067603	-0.204948
0.129726	0.117366	-0.070018	-0.204161
0.129863	0.116184	-0.068702	-0.203690
0.129854	0.116489	-0.070985	-0.205011
0.129814	0.117910	-0.070677	-0.205359
0.129755	0.117876	-0.070013	-0.204635
0.129816	0.119171	-0.069701	-0.203973
0.129792	0.117111	-0.071144	-0.205155
0.129846	0.119305	-0.069127	-0.203253
0.129867	0.118194	-0.068548	-0.206009
0.129789	0.118397	-0.071443	-0.204870
0.129862	0.117664	-0.069770	-0.203595
0.129742	0.117737	-0.068729	-0.204186
0.129852	0.116209	-0.067911	-0.203937
0.129760	0.115501	-0.067576	-0.205017
0.129897	0.117462	-0.066784	-0.205861
0.129688	0.115508	-0.066527	-0.204231
0.129955	0.116185	-0.066373	-0.204087
0.129686	0.114451	-0.065404	-0.204353
0.130002	0.114260	-0.066829	-0.204909
0.129350	0.112741	-0.066720	-0.205572
0.131977	0.113239	-0.064224	-0.203463
0.135226	0.112505	-0.063498	-0.204734
0.134651	0.111233	-0.063570	-0.204338
0.134998	0.112564	-0.063085	-0.203758
0.134767	0.109332	-0.064734	-0.204675
0.134938	0.113091	-0.064292	-0.203562
0.134825	0.111214	-0.064614	-0.204581
0.134883	0.110904	-0.064602	-0.204397
0.134826	0.111557	-0.065938	-0.204848
0.134937	0.110144	-0.066710	-0.204289
0.134831	0.110754	-0.065877	-0.204769
0.134899	0.112866	-0.066748	-0.204052
0.134878	0.112340	-0.065799	-0.205554
0.134896	0.113055	-0.065779	-0.202665
0.134901	0.113214	-0.066413	-0.203580
0.134909	0.112505	-0.067568	-0.203468
0.134888	0.112535	-0.065823	-0.202828
0.134841	0.112739	-0.067662	-0.202769
0.134884	0.112685	-0.068390	-0.203701
0.134819	0.112849	-0.067926	-0.204191
0.134835	0.112482	-0.066067	-0.202971
0.134854	0.113477	-0.067523	-0.204025
0.134940	0.112463	-0.068627	-0.203319
0.134826	0.112789	-0.067029	-0.203610
0.134952	0.112681	-0.066926	-0.203701
0.134766	0.111612	-0.067941	-0.203764
0.135037	0.111689	-0.068269	-0.203269
0.134454	0.111230	-0.067831	-0.202184
0.137128	0.110352	-0.066895	-0.203611
0.140262	0.111659	-0.066707	-0.204070
0.139558	0.110173	-0.067823	-0.202943
0.139962	0.110677	-0.064398	-0.203079
0.139740	0.108316	-0.066362	-0.204378
0.140015	0.109347	-0.065794	-0.202895
0.139807	0.108410	-0.064338	-0.203230
0.139928	0.106346	-0.064413	-0.203002
0.139805	0.105088	-0.064048	-0.203532
0.139864	0.105289	-0.061762	-0.203691
0.139749	0.104987	-0.062850	-0.203792
0.139965	0.102262	-0.059005	-0.204502
0.139854	0.101876	-0.058608	-0.204413
0.139867	0.101825	-0.056940	-0.203580
0.139881	0.102159	-0.057308	-0.204191
0.139882	0.099096	-0.058171	-0.204338
0.139779	0.099516	-0.057302	-0.203983
0.139953	0.097913	-0.058186	-0.203567
0.139748	0.099383	-0.058153	-0.204694
0.140264	0.099046	-0.059735	-0.203679
0.144257	0.098293	-0.059035	-0.202782
0.144671	0.098857	-0.058287	-0.203280
0.144554	0.097368	-0.057089	-0.203057
0.144620	0.096219	-0.055312	-0.204758
0.144600	0.097403	-0.056850	-0.203878
0.144668	0.098004	-0.057421	-0.204865
0.144510	0.096885	-0.058379	-0.204743
0.144743	0.097114	-0.058673	-0.204823
0.144090	0.097930	-0.059691	-0.204027
0.140049	0.098831	-0.059891	-0.203485
0.139812	0.097583	-0.059370	-0.203721
0.139841	0.098205	-0.060566	-0.203220
0.139827	0.099004	-0.061819	-0.204883
0.139844	0.097077	-0.060609	-0.203238
0.139765	0.096870	-0.063259	-0.203777
0.139938	0.098020	-0.064315	-0.205140
0.139809	0.098547	-0.064126	-0.203121
0.139884	0.097669	-0.064092	-0.205295
0.139810	0.098303	-0.066090	-0.205181
0.139874	0.098956	-0.065953	-0.204552
0.139800	0.099757	-0.065579	-0.205479
0.139817	0.101590	-0.066125	-0.204245
0.139819	0.101930	-0.066747	-0.204135
0.139961	0.101552	-0.068041	-0.204657
0.139269	0.104926	-0.069618	-0.204130
0.135034	0.105090	-0.070403	-0.203516
0.134910	0.104290	-0.068840	-0.206434
0.134885	0.107028	-0.069448	-0.204457
0.134847	0.106562	-0.069529	-0.205266
0.134847	0.106926	-0.069391	-0.204446
0.134834	0.107530	-0.070311	-0.204979
0.134885	0.107826	-0.070697	-0.205186
0.134817	0.107416	-0.069604	-0.205934
0.134815	0.108259	-0.069841	-0.204339
0.134832	0.109208	-0.070215	-0.204957
0.134792	0.108962	-0.069291	-0.205181
0.134933	0.109224	-0.068490	-0.204057
0.134825	0.112944	-0.069009	-0.203767
0.134811	0.111726	-0.067059	-0.205597
0.134870	0.111422	-0.066952	-0.205521
0.134858	0.110847	-0.065081	-0.204759
0.134854	0.110645	-0.065574	-0.204348
0.134859	0.110945	-0.063180	-0.204324
0.134841	0.111251	-0.065089	-0.203150
0.134890	0.112150	-0.065111	-0.203918
0.134880	0.111336	-0.062452	-0.204223
0.134812	0.110452	-0.062733	-0.204469
0.134858	0.110387	-0.061780	-0.204968
0.134763	0.111038	-0.059931	-0.203589
0.134778	0.111505	-0.062057	-0.204151
0.134849	0.110568	-0.058673	-0.203820
0.134950	0.110402	-0.058787	-0.203834
0.134781	0.109720	-0.057503	-0.204317
0.134814	0.109706	-0.056321	-0.204489
0.134849	0.110742	-0.057462	-0.205209
0.134875	0.110741	-0.058020	-0.204883
0.134723	0.110705	-0.056014	-0.205987
0.134865	0.108870	-0.056148	-0.204330
0.134733	0.109101	-0.056439	-0.205002
0.135022	0.109604	-0.054994	-0.205224
0.134747	0.110018	-0.054898	-0.204226
0.135192	0.107999	-0.053358	-0.205774
0.131397	0.108405	-0.054675	-0.205037
0.129516	0.110121	-0.053219	-0.205260
0.129969	0.110807	-0.053284	-0.203189
0.129676	0.109864	-0.055672	-0.203749
0.129903	0.111170	-0.054755	-0.204972
0.129765	0.112277	-0.057045	-0.204507
0.129882	0.113368	-0.058316	-0.204061
0.129701	0.113087	-0.058906	-0.204889
0.129838	0.112823	-0.062343	-0.202734
0.129784	0.114446	-0.061196	-0.203572
0.129886	0.114177	-0.062968	-0.204353
0.129778	0.114583	-0.063736	-0.205171
0.129858	0.115667	-0.065888	-0.204924
0.129804	0.116751	-0.067086	-0.204801
0.129861	0.115448	-0.068241	-0.204433
0.129808	0.117306	-0.069434	-0.205785
0.129846	0.116609	-0.071023	-0.205487
0.129789	0.118104	-0.073404	-0.204028
0.129804	0.118360	-0.073279	-0.203492
0.129844	0.116038	-0.076153	-0.205125
0.129788	0.116993	-0.075597	-0.203953
0.129837	0.116185	-0.078246	-0.205182
0.129827	0.117152	-0.078398	-0.205979
0.129795	0.116470	-0.079183	-0.206597
0.129879	0.117916	-0.079122	-0.205709
0.129831	0.116819	-0.080267	-0.205266
0.129848	0.117399	-0.080318	-0.204935
0.129913	0.117079	-0.081189	-0.205017
0.129726	0.118149	-0.084247	-0.204647
0.129937	0.117613	-0.082549	-0.204525
0.129757	0.116530	-0.082409	-0.205454
0.129917	0.115897	-0.081235	-0.202693
0.129826	0.116152	-0.081402	-0.205176
0.129847	0.116514	-0.082425	-0.204949
0.129738	0.117414	-0.082677	-0.205145
0.129916	0.115883	-0.082058	-0.203575
0.129706	0.115936	-0.081555	-0.205364
0.130030	0.114306	-0.081204	-0.205447
0.129513	0.115521	-0.079742	-0.204804
0.131425	0.115650	-0.078407	-0.203373
0.135123	0.114226	-0.077237	-0.203706
0.134661	0.114213	-0.076044	-0.204766
0.135046	0.114459	-0.075016	-0.205266
0.134717	0.115314	-0.074224	-0.204667
0.135002	0.111918	-0.073910	-0.206259
0.134791	0.111792	-0.071680	-0.205548
0.134903	0.111920	-0.071439	-0.204469
0.134752	0.110547	-0.068513	-0.204573
0.134943	0.109707	-0.068268	-0.205014
0.134780	0.110168	-0.067314	-0.205111
0.134885	0.107963	-0.063824	-0.204716
0.134781	0.109399	-0.064144	-0.204740
0.134894	0.106555	-0.062159	-0.204228
0.134766	0.106056	-0.058682	-0.203575
0.138946	0.106008	-0.058357	-0.204821
0.140049	0.104762	-0.056758	-0.204111
0.139714	0.103628	-0.054396	-0.204953
0.139893	0.103188	-0.053967	-0.204452
0.139731	0.102736	-0.052073	-0.205269
0.140004	0.103663	-0.050670	-0.205072
0.139745	0.101906	-0.049549	-0.203705
0.139950	0.100814	-0.049913	-0.204427
0.139784	0.102919	-0.049734	-0.206024
0.139889	0.102075	-0.049264	-0.204598
0.139757	0.102306	-0.049464	-0.204707
0.139936	0.104614	-0.049554	-0.204541
0.139680	0.103291	-0.049514	-0.206242
0.140034	0.104504	-0.050408	-0.205502
0.139555	0.106401	-0.052298	-0.204012
0.140330	0.105397	-0.053032	-0.206048
0.137849	0.105344	-0.055902	-0.205335
0.134540	0.106946	-0.056086	-0.205866
0.134989	0.107209	-0.056451	-0.205727
0.134817	0.107369	-0.057676	-0.203912
0.134849	0.108124	-0.058959	-0.205345
0.134952	0.106992	-0.060494	-0.204730
0.134835	0.108879	-0.061328	-0.204363
0.134938	0.107494	-0.060515	-0.202868
0.134747	0.106204	-0.062581	-0.204179
0.135215	0.106913	-0.060888	-0.203556
0.132732	0.106424	-0.063968	-0.204516
0.129468	0.105956	-0.063167	-0.204560
0.130035	0.105251	-0.063472	-0.203755
0.129745	0.105332	-0.063364	-0.204659
0.130001	0.106876	-0.063647	-0.204483
0.129715	0.106190	-0.065832	-0.204671
0.129883	0.104929	-0.065658	-0.203214
0.129826	0.106902	-0.067011	-0.204167
0.129869	0.105730	-0.066584	-0.204512
0.129787	0.103880	-0.068015	-0.206014
0.129795	0.103873	-0.068793	-0.204768
0.129763	0.103706	-0.070020	-0.204314
0.129892	0.104449	-0.071264	-0.204021
0.129723	0.103317	-0.068995	-0.203253
0.129838	0.103489	-0.069674	-0.203475
0.129854	0.103007	-0.070191	-0.204474
0.129817	0.102257	-0.070434	-0.205071
0.129742	0.101630	-0.069163	-0.204937
0.129789	0.099996	-0.067678	-0.203204
0.129775	0.102298	-0.066918	-0.204885
0.129725	0.100593	-0.067222	-0.205274
0.129839	0.099983	-0.067188	-0.203072
0.129879	0.100076	-0.065450	-0.205351
0.129900	0.099586	-0.065028	-0.203455
0.129694	0.100605	-0.064684	-0.203461
0.130214	0.097368	-0.062902	-0.205077
0.134427	0.098501	-0.063599	-0.203519
0.134940	0.100827	-0.060576	-0.203914
0.134839	0.098464	-0.061791	-0.202540
0.134918	0.099737	-0.060129	-0.203661
0.134821	0.097642	-0.059193	-0.205491
0.134850	0.099349	-0.059152	-0.204771
0.134895	0.098693	-0.056982	-0.206201
0.134910	0.097346	-0.057974	-0.204870
0.134846	0.098602	-0.056783	-0.204734
0.134933	0.097717	-0.058573	-0.203985
0.134799	0.097964	-0.056091	-0.205345
0.134885	0.098196	-0.056221	-0.205167
0.134821	0.096892	-0.055977	-0.202943
0.134861	0.096812	-0.057138	-0.204675
0.134847	0.096963	-0.054656	-0.204885
0.134923	0.097107	-0.056482	-0.204685
0.134684	0.097906	-0.056907	-0.204055
0.135009	0.099854	-0.056867	-0.204953
0.134570	0.098513	-0.058621	-0.203289
0.135333	0.099036	-0.059478	-0.204551
0.132197	0.100427	-0.060153	-0.204709
0.129403	0.101835	-0.061697	-0.206322
0.130020	0.100081	-0.061989	-0.203958
0.129668	0.101627	-0.060348	-0.204473
0.129975	0.103057	-0.060628	-0.205913
0.129714	0.103559	-0.061458	-0.205107
0.129898	0.103293	-0.060896	-0.205195
0.129763	0.104172	-0.062623	-0.204754
0.129848	0.104097	-0.063037	-0.204603
0.129709	0.103068	-0.063259	-0.204983
0.129782	0.104052	-0.064596	-0.204409
0.129753	0.104678	-0.064453	-0.205130
0.129807	0.103987	-0.065675	-0.205078
0.129777	0.104357	-0.066734	-0.205325
0.129812	0.103918	-0.067168	-0.204382
0.129823	0.103636	-0.069815	-0.203958
0.129808	0.106354	-0.068889	-0.204072
0.129777	0.105424	-0.071068	-0.205196
0.129838	0.105270	-0.070601	-0.204292
0.129895	0.107184	-0.070841	-0.205465
0.129851	0.106534	-0.073125	-0.204528
0.129822	0.105629	-0.074022	-0.204294
0.129848	0.107946	-0.075030	-0.203840
0.129818	0.108713	-0.073671	-0.204360
0.129735	0.107731	-0.075476	-0.205365
0.129853	0.107479	-0.074760	-0.205864
0.129872	0.109241	-0.076604	-0.203415
0.129789	0.106925	-0.077185	-0.205464
0.129838	0.107278	-0.075793	-0.204603
0.129763	0.110031	-0.076559	-0.204608
0.129843	0.108962	-0.075037	-0.205316
0.129866	0.108121	-0.076506	-0.205075
0.129805	0.109352	-0.075328	-0.205077
0.129871	0.107184	-0.073859	-0.204140
0.129748	0.108052	-0.072601	-0.205514
0.129810	0.106799	-0.070896	-0.205164
0.129846	0.106764	-0.070954	-0.205259
0.129834	0.106179	-0.068722	-0.205270
0.129805	0.107141	-0.066265	-0.204169
0.129910	0.108245	-0.066524	-0.205013
0.129587	0.106481	-0.065317	-0.205043
0.130700	0.105866	-0.063804	-0.203948
0.135003	0.105518	-0.062989	-0.204864
0.134736	0.105689	-0.063803	-0.205081
0.135023	0.106545	-0.060792	-0.204225
0.134742	0.105061	-0.060858	-0.203784
0.134949	0.103847	-0.060271	-0.205162
0.134766	0.103849	-0.061007	-0.204816
0.134999	0.104513	-0.061552	-0.205660
0.134671	0.103917	-0.062026	-0.204874
0.135140	0.106245	-0.062800	-0.203326
0.134503	0.108414	-0.063169	-0.205116
0.138284	0.106945	-0.062452	-0.204362
0.140114	0.110417	-0.065284	-0.204548
0.139810	0.111946	-0.065309	-0.204411
0.139793	0.111844	-0.066344	-0.204211
0.140084	0.112768	-0.067192	-0.204823
0.136444	0.112142	-0.067224	-0.205159
0.134445	0.112972	-0.068472	-0.205400
0.135117	0.115241	-0.068132	-0.205072
0.134687	0.116254	-0.069615	-0.203242
0.135021	0.113128	-0.071676	-0.204254
0.134738	0.114180	-0.071509	-0.205751
0.134899	0.114287	-0.073768	-0.203892
0.134763	0.113430	-0.072445	-0.204322
0.134959	0.114931	-0.072117	-0.205161
0.134694	0.114610	-0.072012	-0.204060
0.134866	0.115866	-0.073774	-0.203748
0.134832	0.116335	-0.074432	-0.204263
0.134930	0.115923	-0.075701	-0.203775
0.134847	0.116284	-0.074244	-0.204734
0.134930	0.115698	-0.075691	-0.204676
0.134826	0.114479	-0.075160	-0.204188
0.134815	0.112776	-0.077100	-0.206018
0.134900	0.113849	-0.076986	-0.204298
0.134835	0.115041	-0.076119	-0.204342
0.134831	0.111615	-0.077530	-0.204694
0.134815	0.113058	-0.076387	-0.205607
0.134953	0.111311	-0.078053	-0.206305
0.134822	0.112065	-0.076209	-0.204649
0.134883	0.110348	-0.078114	-0.204784
0.134836	0.110164	-0.078408	-0.206341
0.134884	0.109902	-0.076663	-0.204281
0.134831	0.109641	-0.075975	-0.204796
0.134884	0.109610	-0.077317	-0.204744
0.134826	0.107805	-0.077812	-0.204310
0.134978	0.107177	-0.075407	-0.204094
0.134789	0.108510	-0.075784	-0.204935
0.134878	0.108001	-0.074981	-0.204401
0.134737	0.107726	-0.075146	-0.205491
0.134942	0.105793	-0.076054	-0.204056
0.134666	0.105602	-0.075188	-0.204902
0.135250	0.106562	-0.075381	-0.204626
0.133408	0.105329	-0.074588	-0.204536
0.129535	0.103098	-0.073892	-0.204416
0.129821	0.104201	-0.073303	-0.205189
0.130790	0.102002	-0.071254	-0.206087
0.135582	0.101870	-0.070845	-0.204328
0.132910	0.101809	-0.071030	-0.204516
0.129800	0.102412	-0.070213	-0.203457
0.129464	0.099897	-0.068811	-0.202644
0.131352	0.098602	-0.066816	-0.205596
0.135205	0.100290	-0.066431	-0.203557
0.134622	0.099686	-0.065940	-0.204709
0.134989	0.100583	-0.066646	-0.205497
0.134723	0.100332	-0.065199	-0.204889
0.134947	0.098094	-0.064763	-0.204664
0.134772	0.100734	-0.065705	-0.204188
0.134822	0.101859	-0.063137	-0.205744
0.134781	0.101824	-0.064243	-0.205687
0.134832	0.101458	-0.065252	-0.204275
0.134799	0.103266	-0.065649	-0.205246
0.134918	0.104273	-0.066791	-0.204065
0.134830	0.106910	-0.068880	-0.205756
0.134814	0.108010	-0.069530	-0.205641
0.134876	0.108244	-0.070434	-0.204130
0.134864	0.108965	-0.071994	-0.203668
0.134839	0.110787	-0.072963	-0.204464
0.134975	0.110825	-0.073300	-0.204127
0.134802	0.111282	-0.075114	-0.203804
0.134863	0.112370	-0.073643	-0.205150
0.134854	0.113197	-0.075996	-0.203888
0.134947	0.112649	-0.076015	-0.203861
0.134782	0.113786	-0.076764	-0.204715
0.134926	0.114157	-0.076607	-0.204839
0.134814	0.116261	-0.078836	-0.203868
0.134873	0.111974	-0.078574	-0.204937
0.130617	0.113126	-0.077950	-0.204486
0.129615	0.113272	-0.079717	-0.204771
0.129897	0.113176	-0.078365	-0.205399
0.129693	0.112550	-0.078089	-0.203906
0.129854	0.112437	-0.078324	-0.204330
0.129695	0.112915	-0.080020	-0.205618
0.129856	0.112689	-0.078843	-0.204111
0.129789	0.112340	-0.079593	-0.204694
0.129868	0.111611	-0.080039	-0.204959
0.129749	0.110935	-0.079988	-0.203792
0.129916	0.109101	-0.081510	-0.205735
0.129778	0.110832	-0.080565	-0.204006
0.129962	0.108175	-0.081731	-0.205226
0.129678	0.107877	-0.081084	-0.205714
0.130021	0.108216	-0.081877	-0.204389
0.129583	0.106882	-0.082777	-0.204974
0.130154	0.107504	-0.083527	-0.205027
0.129333	0.107318	-0.084003	-0.206616
0.132092	0.106327	-0.083729	-0.204359
0.135135	0.104700	-0.082430	-0.205904
0.134851	0.105065	-0.082388	-0.205032
0.134756	0.104118	-0.083280	-0.206139
0.135265	0.104747	-0.082817	-0.203599
0.132678	0.103512	-0.082700	-0.205463
0.129341	0.103701	-0.081265	-0.205019
0.130105	0.103450	-0.080587	-0.203992
0.129752	0.101990	-0.079792	-0.204056
0.129874	0.101655	-0.081476	-0.204588
0.129804	0.103535	-0.079345	-0.204773
0.129838	0.101170	-0.079188	-0.204269
0.129852	0.101696	-0.079262	-0.204384
0.129765	0.101408	-0.078916	-0.204479
0.129999	0.102716	-0.076485	-0.203425
0.129452	0.101694	-0.077311	-0.204699
0.132147	0.101580	-0.075078	-0.203665
0.135286	0.103229	-0.076140	-0.205855
0.134637	0.103803	-0.076038	-0.206299
0.135096	0.104499	-0.076864	-0.206036
0.134683	0.105997	-0.077482	-0.204568
0.135003	0.108135	-0.078927	-0.205087
0.134735	0.107936	-0.078247	-0.204810
0.134970	0.110238	-0.078363	-0.204545
0.134812	0.111441	-0.081203	-0.205205
0.134942	0.112314	-0.081149	-0.206386
0.134775	0.113982	-0.082587	-0.205992
0.134939	0.115324	-0.082034	-0.206003
0.134850	0.117726	-0.084343	-0.205790
0.134859	0.116227	-0.085268	-0.203824
0.134851	0.117946	-0.086075	-0.205037
0.134904	0.119456	-0.086938	-0.205780
0.134831	0.119279	-0.087655	-0.205830
0.134949	0.118634	-0.089133	-0.204517
0.134898	0.120461	-0.088961	-0.203351
0.134913	0.120534	-0.090952	-0.205454
0.134851	0.121200	-0.088486	-0.203992
0.134938	0.122508	-0.090038	-0.205131
0.134676	0.122084	-0.092761	-0.204464
0.135221	0.121248	-0.091227	-0.204768
0.132212	0.121269	-0.092646	-0.204818
0.129341	0.121501	-0.093329	-0.204498
0.130074	0.121153	-0.092107	-0.204572
0.129556	0.121865	-0.092493	-0.204299
0.130133	0.121137	-0.092336	-0.204941
0.129334	0.119922	-0.091258	-0.205169
0.132615	0.120600	-0.090104	-0.205320
0.135214	0.118865	-0.090579	-0.204484
0.134615	0.119633	-0.089368	-0.205564
0.135008	0.116826	-0.089536	-0.203079
0.134800	0.117847	-0.089180	-0.204017
0.134962	0.118240	-0.090213	-0.203710
0.134864	0.116948	-0.089173	-0.204298
0.134865	0.115085	-0.087748	-0.204837
0.134850	0.116046	-0.088668	-0.204382
0.134901	0.115163	-0.089502	-0.203800
0.134831	0.113484	-0.089430	-0.204685
0.134926	0.113494	-0.088823	-0.205197
0.134841	0.113296	-0.087560	-0.204294
0.134866	0.112130	-0.088306	-0.203720
0.134851	0.113720	-0.087458	-0.204933
0.134890	0.111565	-0.088024	-0.203536
0.134832	0.112234	-0.089636	-0.203792
0.134874	0.110453	-0.087968	-0.204610
0.134859	0.110605	-0.090872	-0.202754
0.134817	0.109349	-0.088445	-0.204543
0.134866	0.109712	-0.087799	-0.202989
0.134858	0.109816	-0.087473	-0.203202
0.134881	0.109582	-0.088381	-0.203669
0.134791	0.109234	-0.087219	-0.203130
0.134888	0.109352	-0.086754	-0.202322
0.134829	0.109839	-0.085755	-0.203341
0.134965	0.110095	-0.086778	-0.204665
0.134799	0.110631	-0.086367	-0.204834
0.135006	0.108932	-0.086635	-0.202951
0.134654	0.113099	-0.085108	-0.204540
0.135683	0.110600	-0.085577	-0.203728
0.139848	0.110502	-0.085699	-0.202450
0.139868	0.110215	-0.084503	-0.204517
0.139917	0.108170	-0.084215	-0.205309
0.139833	0.110721	-0.080238	-0.205257
0.139901	0.110702	-0.081502	-0.203903
0.139911	0.107946	-0.080298	-0.204922
0.139805	0.107943	-0.080098	-0.205811
0.139916	0.108786	-0.077227	-0.203835
0.139882	0.107842	-0.076612	-0.203531
0.139958	0.108806	-0.076620	-0.206003
0.139765	0.110973	-0.078000	-0.206317
0.140050	0.112003	-0.078179	-0.204462
0.139590	0.111987	-0.078787	-0.204547
0.143000	0.114327	-0.079647	-0.205121
0.144923	0.113838	-0.080529	-0.205627
0.144440	0.114551	-0.081737	-0.204493
0.144708	0.117023	-0.082332	-0.203787
0.144528	0.119093	-0.080960	-0.203808
0.144681	0.118407	-0.082195	-0.205051
0.144597	0.119522	-0.083551	-0.204835
0.144589	0.120673	-0.082458	-0.206022
0.144568	0.120938	-0.084523	-0.204862
0.144520	0.121110	-0.084230	-0.205389
0.144671	0.120775	-0.084479	-0.203734
0.144413	0.121359	-0.084138	-0.203542
0.144911	0.121507	-0.082914	-0.205562
0.143587	0.122244	-0.083365	-0.204018
0.139703	0.122087	-0.085681	-0.205101
0.139962	0.122576	-0.085865	-0.204533
0.139767	0.122443	-0.085796	-0.204779
0.139922	0.120737	-0.084430	-0.205036
0.139877	0.121056	-0.084200	-0.204188
0.139793	0.121409	-0.084578	-0.203660
0.139856	0.121338	-0.082953	-0.204206
0.139817	0.119668	-0.084508	-0.204868
0.139808	0.119793	-0.082746	-0.204563
0.139844	0.118632	-0.082183	-0.204003
0.139930	0.117663	-0.082906	-0.203917
0.139774	0.117170	-0.081138	-0.204724
0.140017	0.117636	-0.081786	-0.205409
0.139617	0.116498	-0.083187	-0.204542
0.143272	0.116051	-0.081738	-0.203879
0.144963	0.115622	-0.082280	-0.203541
0.144408	0.115218	-0.084289	-0.204805
0.144648	0.114496	-0.084923	-0.204655
0.144481	0.113656	-0.085281	-0.204860
0.144634	0.112567	-0.085058	-0.204050
0.144558	0.112774	-0.085605	-0.205965
0.144662	0.111979	-0.085634	-0.205947
0.144452	0.111689	-0.085408	-0.204610
0.144589	0.110562	-0.087012	-0.205354
0.144523	0.109216	-0.086050	-0.203626
0.144598	0.110328	-0.087099	-0.204704
0.144451	0.108604	-0.086714	-0.205855
0.144672	0.109418	-0.086104	-0.204150
0.144451	0.110259	-0.086958	-0.204969
0.144677	0.110978	-0.085670	-0.206289
0.144363	0.110930	-0.088455	-0.204300
0.144950	0.110706	-0.086929	-0.204119
0.143130	0.111293	-0.084816	-0.204487
0.139626	0.111267	-0.086592	-0.202948
0.139997	0.111973	-0.085427	-0.205457
0.139797	0.110941	-0.085097	-0.203720
0.139869	0.111893	-0.085583	-0.204963
0.139878	0.112883	-0.086062	-0.204015
0.139772	0.113983	-0.085986	-0.204731
0.139859	0.112516	-0.083917	-0.204483
0.139728	0.112366	-0.084039	-0.204188
0.140058	0.112810	-0.083276	-0.203493
0.139588	0.113149	-0.084756	-0.205006
0.141336	0.115844	-0.085241	-0.205073
0.144909	0.115750	-0.084534	-0.204255
0.144396	0.116409	-0.085424	-0.205389
0.144728	0.118659	-0.086790	-0.204429
0.144451	0.118089	-0.086364	-0.204261
0.144599	0.119801	-0.088159	-0.203584
0.144521	0.120678	-0.087732	-0.204144
0.144605	0.122485	-0.088857	-0.203668
0.144506	0.122980	-0.088832	-0.204577
0.144615	0.124445	-0.089819	-0.203943
0.144487	0.123862	-0.092577	-0.205662
0.144588	0.125436	-0.091884	-0.204552
0.144623	0.125531	-0.091917	-0.204374
0.144548	0.125295	-0.090878	-0.204983
0.144614	0.124287	-0.090535	-0.204234
0.144622	0.126520	-0.092263	-0.204694
0.144528	0.127214	-0.089635	-0.205702
0.144634	0.126553	-0.090519	-0.203562
0.144526	0.125276	-0.090311	-0.204354
0.144622	0.126655	-0.088035	-0.205018
0.144579	0.126448	-0.088567	-0.203602
0.144620	0.124353	-0.089194	-0.203917
0.144573	0.125704	-0.087173	-0.203934
0.144578	0.125898	-0.085523	-0.204124
0.144583	0.126141	-0.085483	-0.204462
0.144579	0.124094	-0.085981	-0.203745
0.144546	0.124803	-0.085072	-0.202609
0.144647	0.125603	-0.084701	-0.204469
0.144545	0.124412	-0.085799	-0.204734
0.144495	0.124325	-0.084303	-0.204951
0.144629	0.125057	-0.086617	-0.203837
0.144594	0.126008	-0.084607	-0.204352
0.144587	0.124937	-0.086260	-0.203531
0.144625	0.126296	-0.086748	-0.203477
0.144487	0.125949	-0.087278	-0.205628
0.144658	0.128836	-0.088490	-0.205006
0.144489	0.128627	-0.087307	-0.202907
0.144661	0.127907	-0.089069	-0.203709
0.144556	0.129444	-0.090129	-0.202982
0.144737	0.130363	-0.091118	-0.203233
0.144460	0.130879	-0.091757	-0.204061
0.144717	0.131368	-0.092725	-0.204576
0.144383	0.132646	-0.091678	-0.202957
0.144994	0.133463	-0.093424	-0.202718
0.142694	0.134181	-0.095349	-0.203729
0.139494	0.134714	-0.094974	-0.202429
0.140085	0.135889	-0.093502	-0.204685
0.139640	0.135636	-0.095512	-0.202556
0.139974	0.134512	-0.094880	-0.202890
0.139795	0.136372	-0.095023	-0.202962
0.139901	0.137088	-0.093075	-0.204160
0.139861	0.136864	-0.093530	-0.203966
0.139819	0.137742	-0.092992	-0.205172
0.139754	0.138738	-0.091466	-0.204018
0.139911	0.138047	-0.091221	-0.203145
0.139842	0.139168	-0.090053	-0.203158
0.139829	0.137817	-0.090071	-0.203804
0.139788	0.138767	-0.087576	-0.203213
0.139780	0.139031	-0.089405	-0.202040
0.140101	0.138069	-0.087624	-0.203318
0.144214	0.137853	-0.085447	-0.203846
0.144612	0.138276	-0.086449	-0.204137
0.144624	0.139110	-0.084615	-0.204835
0.144649	0.138080	-0.083172	-0.203024
0.144533	0.139899	-0.084715	-0.202771
0.144577	0.138099	-0.083231	-0.202182
0.144534	0.140812	-0.084613	-0.202521
0.144883	0.139477	-0.083127	-0.202957
0.149220	0.141301	-0.084241	-0.203724
0.149649	0.142418	-0.085256	-0.203596
0.149562	0.140463	-0.083370	-0.202360
0.149620	0.140646	-0.083663	-0.204112
0.149590	0.141740	-0.083808	-0.203229
0.149587	0.141906	-0.083965	-0.203812
0.149575	0.139782	-0.086299	-0.203245
0.149575	0.143278	-0.084997	-0.203754
0.149581	0.143207	-0.085289	-0.204114
0.149590	0.143045	-0.085154	-0.202878
0.149629	0.142006	-0.084175	-0.201552
0.149576	0.140437	-0.083626	-0.203273
0.149625	0.141207	-0.083140	-0.203918
0.149577	0.140315	-0.082608	-0.203124
0.149517	0.138786	-0.081950	-0.203002
0.149572	0.139025	-0.080085	-0.202756
0.149652	0.139965	-0.080866	-0.205727
0.149573	0.137360	-0.080876	-0.202083
0.149610	0.137550	-0.079472	-0.203010
0.149586	0.135524	-0.079449	-0.203569
0.149529	0.133870	-0.081042	-0.203535
0.149581	0.134053	-0.080360	-0.203782
0.149581	0.133410	-0.080149	-0.204796
0.149624	0.131941	-0.081489	-0.205999
0.149513	0.130508	-0.081276	-0.202643
0.149608	0.128771	-0.079416	-0.203653
0.149577	0.127101	-0.080061	-0.203113
0.149684	0.126634	-0.080430	-0.203055
0.149410	0.124517	-0.081540	-0.203304
0.150175	0.125019	-0.080097	-0.201640
0.154728	0.122913	-0.081033	-0.202420
0.154614	0.122950	-0.082154	-0.204525
0.154791	0.122099	-0.082611	-0.202754
0.154585	0.121954	-0.084368	-0.203081
0.154847	0.122214	-0.083338	-0.203614
0.154450	0.120507	-0.082335	-0.203205
0.155097	0.119791	-0.082520	-0.202748
0.151553	0.121148	-0.084103	-0.203909
0.149144	0.122259	-0.084058	-0.202890
0.149838	0.120343	-0.084087	-0.202781
0.149467	0.120287	-0.084240	-0.204927
0.149704	0.121110	-0.082800	-0.202669
0.149536	0.119816	-0.081728	-0.202697
0.149680	0.119083	-0.083084	-0.205290
0.149514	0.118935	-0.080882	-0.203834
0.149640	0.118932	-0.080842	-0.203557
0.149523	0.116766	-0.080989	-0.203622
0.149595	0.115811	-0.079548	-0.203466
0.149492	0.116314	-0.079682	-0.203534
0.149657	0.117510	-0.079974	-0.203209
0.149521	0.116529	-0.077069	-0.204510
0.149693	0.115331	-0.074736	-0.203242
0.149300	0.114683	-0.073623	-0.203985
0.150525	0.112077	-0.071510	-0.203279
0.154661	0.111994	-0.069961	-0.203622
0.154673	0.111403	-0.067886	-0.204115
0.154699	0.110585	-0.067304	-0.203298
0.154745	0.108920	-0.066466	-0.202647
0.154756	0.109623	-0.065747	-0.204085
0.154638	0.109155	-0.063741	-0.203035
0.154726	0.107703	-0.064145	-0.204340
0.154745	0.106113	-0.062059	-0.203650
0.154743	0.103883	-0.060150	-0.203076
0.154673	0.104191	-0.058846	-0.201565
0.154687	0.103106	-0.057940	-0.202134
0.154747	0.101252	-0.057664	-0.203894
0.154668	0.101001	-0.056426	-0.203674
0.154745	0.101283	-0.055761	-0.203208
0.154610	0.100204	-0.053976	-0.204040
0.154762	0.096995	-0.052888	-0.204542
0.154649	0.098234	-0.051665	-0.202348
0.154775	0.097796	-0.051561	-0.204040
0.154495	0.096460	-0.051017	-0.202489
0.155074	0.095456	-0.051497	-0.203896
0.151093	0.095585	-0.049329	-0.203620
0.149203	0.095839	-0.051585	-0.202080
0.149741	0.096655	-0.051120	-0.204225
0.149438	0.096922	-0.051690	-0.203235
0.149637	0.096075	-0.052355	-0.202288
0.149669	0.097167	-0.052162	-0.204462
0.149477	0.095215	-0.051629	-0.204330
0.149817	0.097283	-0.050397	-0.204322
0.148509	0.096687	-0.053337	-0.203630
0.144308	0.098119	-0.053579	-0.203961
0.144786	0.098260	-0.054476	-0.205579
0.144381	0.099119	-0.056609	-0.203744
0.144815	0.099204	-0.057341	-0.203175
0.144281	0.101342	-0.057582	-0.203450
0.145021	0.101700	-0.060379	-0.203847
0.143283	0.105122	-0.061304	-0.202821
0.139804	0.105491	-0.063120	-0.203813
0.139903	0.106817	-0.066703	-0.204372
0.139852	0.106284	-0.065373	-0.201478
0.139784	0.107691	-0.068979	-0.202712
0.140158	0.109079	-0.069174	-0.203710
0.138509	0.108941	-0.071556	-0.205308
0.134578	0.108960	-0.071517	-0.203337
0.135111	0.110971	-0.072269	-0.203257
0.134677	0.111722	-0.073920	-0.203772
0.135032	0.112657	-0.075216	-0.204362
0.134637	0.114200	-0.075419	-0.204171
0.135250	0.115546	-0.074537	-0.201798
0.133450	0.117525	-0.074439	-0.204627
0.129620	0.116710	-0.074799	-0.203214
0.130044	0.118673	-0.076190	-0.205197
0.129627	0.119984	-0.075950	-0.204313
0.130088	0.120477	-0.076701	-0.203634
0.129373	0.122227	-0.075981	-0.203912
0.131362	0.123166	-0.074374	-0.204855
0.135093	0.124081	-0.074221	-0.204140
0.134672	0.125778	-0.073384	-0.203951
0.134972	0.126672	-0.072396	-0.205603
0.134743	0.126037	-0.073459	-0.203326
0.134891	0.126435	-0.073113	-0.205147
0.134815	0.129914	-0.072647	-0.204776
0.134925	0.130104	-0.072425	-0.204441
0.134789	0.131115	-0.070342	-0.204989
0.134947	0.131964	-0.069733	-0.204884
0.134683	0.132418	-0.067727	-0.205541
0.138855	0.131050	-0.067177	-0.204723
0.140094	0.132028	-0.064983	-0.203184
0.139690	0.132630	-0.065119	-0.204884
0.140012	0.133857	-0.063546	-0.204805
0.139685	0.134338	-0.060215	-0.204345
0.139946	0.131140	-0.059133	-0.203022
0.139714	0.132372	-0.057917	-0.203674
0.139906	0.129629	-0.057266	-0.204271
0.139733	0.130855	-0.054282	-0.206084
0.140030	0.129678	-0.054280	-0.204134
0.139679	0.129394	-0.052032	-0.204553
0.140223	0.131034	-0.052828	-0.203057
0.138009	0.130690	-0.050380	-0.203664
0.134467	0.131278	-0.052020	-0.204560
0.135072	0.129772	-0.051667	-0.204152
0.134677	0.130716	-0.051320	-0.204512
0.134952	0.129283	-0.051783	-0.202957
0.134758	0.129290	-0.050667	-0.205732
0.134979	0.129260	-0.051842	-0.203278
0.134801	0.128634	-0.051595	-0.203645
0.139063	0.128116	-0.052146	-0.203532
0.140014	0.127487	-0.052090	-0.202320
0.139710	0.127951	-0.053654	-0.203430
0.139946	0.127013	-0.053293	-0.204292
0.139813	0.128480	-0.054953	-0.203669
0.139900	0.126224	-0.056343	-0.203800
0.139810	0.126289	-0.057673	-0.206153
0.139921	0.127449	-0.058537	-0.202252
0.139709	0.126703	-0.060632	-0.202727
0.140012	0.128031	-0.061884	-0.204021
0.139637	0.127114	-0.062981	-0.205027
0.140264	0.125998	-0.065916	-0.203643
0.137855	0.126469	-0.064304	-0.203886
0.134477	0.127408	-0.067990	-0.204447
0.135142	0.125703	-0.068461	-0.202968
0.134671	0.125081	-0.070441	-0.202975
0.134990	0.125034	-0.072595	-0.204741
0.134594	0.125324	-0.072777	-0.204122
0.135191	0.125156	-0.073068	-0.203998
0.134360	0.122784	-0.074548	-0.203818
0.137115	0.123079	-0.075365	-0.203237
0.140196	0.123460	-0.076302	-0.203274
0.139601	0.122955	-0.079122	-0.204833
0.139961	0.122207	-0.077426	-0.204562
0.139723	0.121324	-0.078581	-0.205814
0.139886	0.120815	-0.078427	-0.203601
0.139809	0.121938	-0.079628	-0.202798
0.139883	0.120183	-0.082745	-0.203976
0.139884	0.119646	-0.080429	-0.203916
0.139762	0.119524	-0.080745	-0.204397
0.139841	0.119420	-0.081406	-0.203640
0.139931	0.117241	-0.080761	-0.203889
0.139841	0.117137	-0.079546	-0.204761
0.139833	0.116719	-0.078985	-0.204338
0.139804	0.115167	-0.078838	-0.204575
0.139808	0.113541	-0.078012	-0.204488
0.140061	0.114616	-0.077981	-0.203689
0.144148	0.111826	-0.074530	-0.205105
0.144716	0.111440	-0.074563	-0.204107
0.144482	0.109899	-0.074370	-0.204795
0.144620	0.108944	-0.071879	-0.204330
0.144582	0.109098	-0.070439	-0.205115
0.144570	0.108085	-0.068924	-0.204756
0.144584	0.107887	-0.066997	-0.204915
0.144582	0.105822	-0.065847	-0.204076
0.144555	0.106527	-0.063739	-0.203951
0.144584	0.106101	-0.061029	-0.203744
0.144597	0.106479	-0.061600	-0.204635
0.144633	0.106381	-0.060138	-0.204785
0.144531	0.107026	-0.059349	-0.203569
0.144590	0.106184	-0.060166	-0.204858
0.144555	0.108305	-0.058262	-0.205756
0.144551	0.107341	-0.058329	-0.205283
0.144525	0.108205	-0.057689	-0.206301
0.144662	0.105863	-0.058669	-0.204320
0.144500	0.107927	-0.057501	-0.203332
0.144673	0.106841	-0.057782	-0.203941
0.144484	0.107868	-0.060662	-0.204211
0.144686	0.109698	-0.061152	-0.203034
0.144470	0.108629	-0.060716	-0.204122
0.144782	0.109984	-0.062790	-0.204824
0.144380	0.111018	-0.064067	-0.203857
0.144868	0.111137	-0.064564	-0.203942
0.141974	0.112486	-0.063872	-0.204368
0.139430	0.112544	-0.066327	-0.204130
0.140061	0.112403	-0.066645	-0.206352
0.139754	0.112661	-0.067079	-0.203635
0.139965	0.115188	-0.067505	-0.203267
0.139818	0.114187	-0.069301	-0.205133
0.139868	0.115052	-0.068073	-0.203019
0.139901	0.113945	-0.069224	-0.204017
0.139338	0.114172	-0.071121	-0.203473
0.134940	0.116734	-0.072114	-0.203600
0.134805	0.115453	-0.073333	-0.204102
0.134824	0.116052	-0.071806	-0.205831
0.134925	0.119932	-0.073912	-0.205460
0.134822	0.122244	-0.074601	-0.204065
0.134852	0.118971	-0.075062	-0.203115
0.134830	0.120740	-0.075394	-0.204847
0.134904	0.121466	-0.076011	-0.205004
0.134778	0.122145	-0.076544	-0.203559
0.134921	0.121626	-0.076425	-0.205018
0.134790	0.122815	-0.073870	-0.202595
0.134876	0.123422	-0.076747	-0.203871
0.134845	0.124921	-0.076440	-0.204184
0.134790	0.124956	-0.075284	-0.203301
0.134890	0.126334	-0.075147	-0.203719
0.134840	0.124651	-0.073637	-0.203728
0.134914	0.125135	-0.074086	-0.204161
0.134811	0.126433	-0.074690	-0.203146
0.134811	0.125807	-0.073655	-0.204246
0.134826	0.127851	-0.074720	-0.204180
0.134878	0.127250	-0.073976	-0.203625
0.134845	0.127090	-0.073037	-0.203716
0.134885	0.126570	-0.073004	-0.203773
0.134884	0.129133	-0.071012	-0.203238
0.134792	0.127220	-0.071700	-0.205082
0.134827	0.126986	-0.071524	-0.205002
0.134868	0.127444	-0.070362	-0.203265
0.134799	0.126684	-0.068575	-0.204808
0.134880	0.125747	-0.068519	-0.205076
0.134866	0.124440	-0.065921	-0.204167
0.134790	0.124149	-0.065826	-0.204720
0.134875	0.123159	-0.064081	-0.204066
0.134750	0.121407	-0.063110	-0.204546
0.134886	0.121387	-0.061527	-0.203815
0.134815	0.120845	-0.061265	-0.203130
0.134933	0.118713	-0.059606	-0.203005
0.134768	0.118019	-0.058958	-0.204362
0.135059	0.117452	-0.055942	-0.202887
0.134688	0.117494	-0.055234	-0.204318
0.135745	0.115697	-0.056388	-0.203049
0.139841	0.115788	-0.055193	-0.203432
0.139782	0.113756	-0.055316	-0.203909
0.139846	0.114121	-0.055606	-0.202966
0.139874	0.113713	-0.054169	-0.203606
0.139898	0.113546	-0.053823	-0.204026
0.139800	0.113868	-0.054115	-0.203889
0.139897	0.114461	-0.054708	-0.203059
0.139843	0.112507	-0.053376	-0.203091
0.139896	0.112517	-0.052615	-0.204769
0.139798	0.113475	-0.053362	-0.204025
0.139883	0.112196	-0.053601	-0.205303
0.139828	0.110462	-0.055161	-0.203317
0.139889	0.113679	-0.054584	-0.205348
0.139818	0.111351	-0.056777	-0.205098
0.139844	0.111431	-0.056020	-0.203788
0.139926	0.110386	-0.058236	-0.204287
0.139792	0.110776	-0.059256	-0.204576
0.139995	0.110164	-0.060676	-0.205395
0.139714	0.109247	-0.062541	-0.204313
0.140206	0.108896	-0.062839	-0.204996
0.138559	0.109753	-0.064913	-0.203871
0.134628	0.109932	-0.064333	-0.204312
0.134932	0.109825	-0.064433	-0.204065
0.134682	0.108668	-0.065284	-0.204160
0.134908	0.109118	-0.067064	-0.203698
0.134737	0.108541	-0.067739	-0.203793
0.134935	0.108823	-0.067232	-0.205437
0.134800	0.108873	-0.068326	-0.204711
0.134943	0.108621	-0.068132	-0.204431
0.134952	0.108599	-0.068420	-0.204665
0.134914	0.108208	-0.069043	-0.203784
0.134768	0.109024	-0.071233	-0.202786
0.134962	0.109720	-0.070326	-0.204176
0.134829	0.109126	-0.068605	-0.205007
0.134925	0.110668	-0.069129	-0.204815
0.134786	0.109584	-0.069414	-0.202819
0.134910	0.109747	-0.068026	-0.205656
0.134767	0.108512	-0.066580	-0.204418
0.134974	0.109119	-0.066168	-0.204568
0.134737	0.106988	-0.065049	-0.203715
0.138737	0.107249	-0.062646	-0.204373
0.140068	0.108198	-0.062848	-0.205261
0.139664	0.106093	-0.061088	-0.202897
0.139957	0.107907	-0.059608	-0.205944
0.139779	0.105654	-0.056989	-0.204984
0.139921	0.105648	-0.054219	-0.204125
0.139814	0.105296	-0.053097	-0.203101
0.139867	0.102728	-0.052913	-0.203427
0.139778	0.102243	-0.051133	-0.204520
0.139928	0.101631	-0.048848	-0.205212
0.139794	0.101026	-0.047021	-0.204090
0.139848	0.098932	-0.044744	-0.203688
0.139849	0.098039	-0.043977	-0.205393
0.139883	0.097336	-0.041086	-0.206684
0.139837	0.096604	-0.041581	-0.203495
0.139902	0.095504	-0.041081	-0.205259
0.139805	0.096811	-0.039549	-0.204219
0.139882	0.095625	-0.038965	-0.204815
0.139689	0.094713	-0.038552	-0.205494
0.140114	0.095048	-0.038188	-0.204650
0.142074	0.095034	-0.038280	-0.204548
0.139763	0.095976	-0.040870	-0.203874
0.139862	0.095090	-0.039295	-0.204074
0.139794	0.094611	-0.040433	-0.205103
0.139962	0.094515	-0.038692	-0.204303
0.139783	0.093425	-0.040201	-0.203858
0.139849	0.095299	-0.039928	-0.203622
0.139912	0.093599	-0.038709	-0.204551
0.139848	0.095461	-0.038646	-0.204476
0.139805	0.096169	-0.037632	-0.205242
0.135671	0.096769	-0.040924	-0.203412
0.134688	0.097284	-0.040735	-0.204406
0.135003	0.098475	-0.042690	-0.205247
0.134752	0.097754	-0.043750	-0.205547
0.134906	0.097309	-0.046203	-0.204511
0.134712	0.098847	-0.048053	-0.203471
0.130635	0.099110	-0.049250	-0.204582
0.129508	0.101462	-0.051221	-0.204735
0.129958	0.099995	-0.051422	-0.202997
0.129644	0.100536	-0.053844	-0.203596
0.130020	0.101050	-0.056243	-0.204522
0.129568	0.102072	-0.056625	-0.205422
0.130308	0.103451	-0.059008	-0.205365
0.127732	0.102401	-0.059787	-0.203943
0.124266	0.103917	-0.060944	-0.204433
0.124903	0.105100	-0.062098	-0.204997
0.124626	0.104208	-0.062237	-0.204270
0.124806	0.105687	-0.064017	-0.203937
0.124689	0.105228	-0.063918	-0.203714
0.124831	0.107013	-0.064300	-0.204814
0.124639	0.108079	-0.064446	-0.205330
0.124787	0.108091	-0.064020	-0.205251
0.124727	0.108321	-0.063679	-0.204714
0.124790	0.108039	-0.063667	-0.204892
0.124462	0.108484	-0.062706	-0.204368
0.120305	0.108517	-0.060289	-0.204675
0.119701	0.109206	-0.061389	-0.204758
0.124304	0.108890	-0.060108	-0.204592
0.124721	0.109050	-0.058229	-0.203408
0.124673	0.109496	-0.057529	-0.203397
0.124707	0.109551	-0.056006	-0.203491
0.124712	0.108477	-0.055000	-0.204642
0.124626	0.107462	-0.053544	-0.204178
0.124790	0.108917	-0.051685	-0.204845
0.124715	0.108489	-0.050902	-0.205217
0.124858	0.108712	-0.048825	-0.204858
0.124540	0.107562	-0.047474	-0.203967
0.124962	0.108604	-0.044642	-0.203977
0.124353	0.108076	-0.045927	-0.205161
0.127103	0.107281	-0.045014	-0.204281
0.130257	0.108447	-0.043645	-0.203894
0.129670	0.108601	-0.043239	-0.203071
0.129923	0.108389	-0.043318	-0.204595
0.129706	0.108678	-0.042462	-0.204007
0.129953	0.109204	-0.041513	-0.204664
0.129734	0.110280	-0.044200	-0.204983
0.129897	0.109931	-0.043376	-0.204586
0.129690	0.110253	-0.042947	-0.202847
0.129903	0.110856	-0.042139	-0.205371
0.129754	0.110308	-0.043821	-0.203665
0.129891	0.110856	-0.044061	-0.203356
0.129837	0.109160	-0.043384	-0.205479
0.130002	0.110489	-0.043425	-0.203799
0.129359	0.111756	-0.043084	-0.203906
0.125021	0.110100	-0.043759	-0.203854
0.124672	0.111749	-0.044555	-0.204446
0.124705	0.113018	-0.045180	-0.203857
0.124727	0.111349	-0.047315	-0.204102
0.124666	0.112661	-0.050130	-0.203683
0.124633	0.112808	-0.049424	-0.204387
0.124682	0.113096	-0.052452	-0.204136
0.124701	0.113094	-0.053925	-0.203768
0.124715	0.114400	-0.055090	-0.204835
0.124747	0.113723	-0.056645	-0.205462
0.124238	0.113022	-0.058671	-0.205611
0.119827	0.114282	-0.059632	-0.206007
0.120260	0.113788	-0.061699	-0.204933
0.124478	0.114285	-0.064144	-0.203958
0.124715	0.114434	-0.064819	-0.204327
0.124683	0.116189	-0.066071	-0.204332
0.124740	0.114618	-0.067159	-0.204642
0.124718	0.114382	-0.069297	-0.204319
0.124725	0.115080	-0.069188	-0.204167
0.124746	0.117416	-0.072494	-0.204399
0.124700	0.116733	-0.074669	-0.203435
0.124681	0.117144	-0.076319	-0.204275
0.124735	0.116757	-0.075894	-0.203731
0.124726	0.116664	-0.077072	-0.202618
0.124632	0.118758	-0.077852	-0.205026
0.124743	0.116962	-0.077588	-0.203599
0.124742	0.117420	-0.078536	-0.204577
0.124587	0.116829	-0.076609	-0.204015
0.125325	0.118563	-0.079004	-0.203584
0.129819	0.120949	-0.078635	-0.203604
0.129708	0.120567	-0.077784	-0.205232
0.129980	0.119891	-0.078830	-0.205170
0.129641	0.121043	-0.076747	-0.204611
0.129956	0.120695	-0.076783	-0.204256
0.129335	0.122791	-0.076785	-0.204608
0.132872	0.121364	-0.075617	-0.203754
0.135194	0.120329	-0.074016	-0.205821
0.134628	0.120933	-0.073922	-0.206498
0.135018	0.121164	-0.073016	-0.204550
0.134775	0.120747	-0.071574	-0.203398
0.134837	0.119584	-0.068420	-0.205142
0.134909	0.120623	-0.065792	-0.205019
0.134627	0.118818	-0.065313	-0.204379
0.135626	0.118482	-0.065169	-0.204981
0.139898	0.118846	-0.063961	-0.203918
0.139736	0.117758	-0.062517	-0.203526
0.139858	0.118244	-0.060687	-0.203391
0.139792	0.116874	-0.059730	-0.204610
0.139872	0.115570	-0.058522	-0.204813
0.139817	0.114942	-0.055527	-0.203725
0.139889	0.113738	-0.055425	-0.204773
0.139851	0.113820	-0.054336	-0.203467
0.139864	0.112995	-0.053574	-0.204795
0.139834	0.114099	-0.055672	-0.204566
0.139893	0.113008	-0.054921	-0.204855
0.139797	0.112340	-0.054863	-0.204794
0.139836	0.110525	-0.055698	-0.205105
0.139790	0.110079	-0.055718	-0.204927
0.139923	0.110789	-0.056787	-0.203346
0.139837	0.109476	-0.055521	-0.206109
0.139853	0.108574	-0.056419	-0.203463
0.139867	0.107679	-0.056243	-0.204264
0.139798	0.107593	-0.056531	-0.204353
0.139872	0.105944	-0.056549	-0.204456
0.139846	0.105653	-0.056502	-0.203909
0.139798	0.104464	-0.057787	-0.204357
0.139779	0.103388	-0.058572	-0.203615
0.139810	0.103889	-0.059255	-0.204820
0.139900	0.102885	-0.059765	-0.203980
0.139823	0.099949	-0.061661	-0.203154
0.139799	0.100662	-0.063055	-0.206206
0.139792	0.100250	-0.062627	-0.203718
0.139925	0.098314	-0.064664	-0.204793
0.139888	0.097651	-0.065772	-0.203911
0.139876	0.094698	-0.066115	-0.203998
0.139817	0.096475	-0.067758	-0.204416
0.139819	0.094286	-0.068717	-0.203272
0.139808	0.093233	-0.068960	-0.204719
0.139794	0.093696	-0.069300	-0.203812
0.139916	0.093168	-0.070528	-0.203600
0.139867	0.091359	-0.071985	-0.203181
0.139886	0.092010	-0.072788	-0.204506
0.139858	0.091696	-0.072899	-0.204840
0.139808	0.091520	-0.075058	-0.204511
0.139777	0.090585	-0.074019	-0.204164
0.139833	0.085856	-0.074293	-0.203539
0.139803	0.088233	-0.072972	-0.203866
0.139864	0.088746	-0.073024	-0.204295
0.139700	0.086251	-0.074009	-0.202814
0.139991	0.086915	-0.073225	-0.204453
0.139607	0.088052	-0.074904	-0.204156
0.143257	0.088065	-0.073214	-0.202390
0.144980	0.087477	-0.072537	-0.204565
0.144365	0.087509	-0.072839	-0.203695
0.144795	0.088399	-0.073219	-0.203653
0.144318	0.089273	-0.072447	-0.204525
0.144817	0.087847	-0.073137	-0.205153
0.144160	0.088880	-0.071599	-0.204459
0.145996	0.089872	-0.072235	-0.203263
0.149795	0.090234	-0.072267	-0.205606
0.149467	0.090431	-0.071819	-0.205085
0.149705	0.091515	-0.072077	-0.204535
0.149466	0.090372	-0.071364	-0.204711
0.149610	0.090076	-0.071739	-0.204427
0.149484	0.091117	-0.070847	-0.204513
0.149581	0.090871	-0.069887	-0.203372
0.149616	0.091926	-0.071347	-0.204298
0.149578	0.092655	-0.068922	-0.204026
0.149617	0.092368	-0.069333	-0.203042
0.149575	0.092085	-0.070834	-0.204895
0.149614	0.092850	-0.068372	-0.205151
0.149576	0.093903	-0.069204	-0.204734
0.149504	0.092556	-0.068614	-0.203764
0.149620	0.094406	-0.067833	-0.202802
0.149608	0.094319	-0.068785	-0.204096
0.149614	0.093392	-0.065156	-0.204552
0.149536	0.092932	-0.064432	-0.204632
0.149550	0.093880	-0.063701	-0.205247
0.149529	0.092211	-0.061155	-0.203808
0.149666	0.091997	-0.061277	-0.204122
0.149580	0.091820	-0.059295	-0.204117
0.149555	0.092466	-0.057578	-0.204266
0.149516	0.090540	-0.054514	-0.204114
0.149617	0.089721	-0.054798	-0.204254
0.149551	0.089056	-0.053842	-0.203768
0.149679	0.088628	-0.054495	-0.203696
0.145457	0.090448	-0.052377	-0.203430
0.144407	0.090331	-0.053254	-0.204621
0.144635	0.090572	-0.053569	-0.204015
0.144588	0.090195	-0.053700	-0.203517
0.144614	0.090993	-0.053111	-0.203795
0.144520	0.092161	-0.054064	-0.204337
0.144592	0.091923	-0.055410	-0.205013
0.144584	0.091568	-0.056486	-0.203678
0.144625	0.093804	-0.056934	-0.204462
0.144620	0.093009	-0.058423	-0.203834
0.144577	0.092760	-0.061071	-0.203344
0.144628	0.092605	-0.059883	-0.205737
0.144528	0.092671	-0.063573	-0.204080
0.144582	0.094173	-0.063022	-0.204630
0.140539	0.094402	-0.064323	-0.204928
0.139666	0.094619	-0.065107	-0.205413
0.139872	0.094704	-0.067120	-0.203394
0.139910	0.095901	-0.067846	-0.204755
0.139755	0.095757	-0.067709	-0.204448
0.139824	0.097126	-0.067929	-0.204789
0.135493	0.096599	-0.070623	-0.204953
0.134799	0.098168	-0.071609	-0.203391
0.134885	0.097517	-0.072884	-0.204938
0.135003	0.098583	-0.072571	-0.205175
0.134687	0.099706	-0.072474	-0.204411
0.135216	0.101604	-0.073773	-0.204592
0.132804	0.102567	-0.072171	-0.204427
0.129361	0.102684	-0.073115	-0.203906
0.130038	0.105904	-0.072656	-0.205032
0.129582	0.104684	-0.073753	-0.203738
0.129994	0.107773	-0.071985	-0.204592
0.129749	0.106882	-0.075114	-0.205288
0.129869	0.110178	-0.075464	-0.204448
0.129809	0.110839	-0.072969	-0.205489
0.129871	0.112319	-0.075446	-0.205004
0.129777	0.114497	-0.075378	-0.203453
0.129869	0.115067	-0.074542	-0.203927
0.129812	0.118599	-0.075565	-0.203800
0.129772	0.120513	-0.074719	-0.204829
0.129763	0.122367	-0.075708	-0.203262
0.129814	0.124424	-0.075944	-0.204234
0.129812	0.125392	-0.074847	-0.204369
0.129852	0.126306	-0.075799	-0.202075
0.130080	0.127925	-0.076483	-0.205128
0.134365	0.128940	-0.074107	-0.203490
0.134913	0.130702	-0.074243	-0.205771
0.134790	0.132224	-0.073133	-0.204518
0.134879	0.134773	-0.074651	-0.203617
0.134856	0.134708	-0.074467	-0.205142
0.134819	0.135988	-0.075990	-0.204130
0.134831	0.136722	-0.074744	-0.205449
0.134831	0.138423	-0.072790	-0.203096
0.134830	0.139273	-0.072315	-0.202583
0.134896	0.139929	-0.072287	-0.204079
0.134795	0.140375	-0.072754	-0.203738
0.134893	0.141306	-0.071612	-0.204459
0.134814	0.140727	-0.070273	-0.205206
0.134807	0.143231	-0.069776	-0.203308
0.134807	0.142528	-0.068068	-0.204572
0.134903	0.144749	-0.067385	-0.203103
0.134804	0.143110	-0.066510	-0.203290
0.134894	0.142726	-0.068571	-0.203706
0.134792	0.143159	-0.067753	-0.202915
0.134964	0.141618	-0.068381	-0.203089
0.134778	0.142788	-0.068389	-0.202644
0.134919	0.143430	-0.069677	-0.204335
0.134731	0.141354	-0.067935	-0.203015
0.135102	0.140068	-0.069552	-0.203780
0.134445	0.140582	-0.069265	-0.204072
0.137575	0.140283	-0.072222	-0.203503
0.140247	0.138761	-0.072036	-0.202941
0.139718	0.136598	-0.072839	-0.203190
0.139931	0.137991	-0.072672	-0.202223
0.139837	0.136625	-0.074041	-0.203914
0.139864	0.134487	-0.074605	-0.204063
0.139994	0.134573	-0.075104	-0.203973
0.139397	0.133203	-0.075802	-0.203749
0.142399	0.131765	-0.074969	-0.205548
0.145074	0.131921	-0.076581	-0.205113
0.144337	0.131371	-0.076452	-0.204570
0.144743	0.129951	-0.075186	-0.203678
0.144485	0.128281	-0.075408	-0.204397
0.144659	0.129055	-0.077194	-0.204704
0.144579	0.128627	-0.075590	-0.203634
0.144628	0.125926	-0.076018	-0.204323
0.144579	0.126530	-0.077933	-0.203430
0.144539	0.126146	-0.077847	-0.204240
0.144628	0.125216	-0.077153	-0.204178
0.144437	0.125782	-0.077951	-0.204783
0.144782	0.124415	-0.078522	-0.202794
0.144138	0.125926	-0.077901	-0.203744
0.147417	0.124899	-0.078031	-0.205279
0.149946	0.125286	-0.077161	-0.203815
0.149413	0.126260	-0.080535	-0.203253
0.149698	0.125246	-0.078902	-0.203194
0.149543	0.124668	-0.078608	-0.203788
0.149518	0.124629	-0.079609	-0.204369
0.149562	0.124027	-0.080632	-0.204545
0.149494	0.123470	-0.079239	-0.203393
0.150291	0.123492	-0.079759	-0.203154
0.154694	0.123201	-0.079733	-0.202536
0.154666	0.123094	-0.080348	-0.204533
0.154746	0.122621	-0.080293	-0.204717
0.154704	0.123015	-0.079610	-0.203396
0.154758	0.122174	-0.080429	-0.205564
0.154728	0.123422	-0.079435	-0.204620
0.154632	0.123226	-0.080648	-0.204195
0.154767	0.121941	-0.078059	-0.204402
0.154540	0.122437	-0.079678	-0.204641
0.154923	0.122640	-0.080486	-0.203519
0.154343	0.121437	-0.082975	-0.203711
0.157889	0.123814	-0.082197	-0.204324
0.160103	0.123381	-0.082683	-0.204463
0.159437	0.122672	-0.084889	-0.205026
0.159862	0.122662	-0.082814	-0.203579
0.159565	0.122042	-0.081360	-0.204406
0.159790	0.122128	-0.081980	-0.204600
0.159615	0.121523	-0.080628	-0.203025
0.159802	0.121478	-0.079798	-0.204208
0.159627	0.118478	-0.079269	-0.203326
0.159704	0.118425	-0.075151	-0.204244
0.159679	0.117085	-0.073580	-0.204308
0.159785	0.117391	-0.071087	-0.202720
0.159641	0.116548	-0.069532	-0.204238
0.159725	0.113955	-0.067917	-0.203381
0.159750	0.113740	-0.067469	-0.204864
0.159690	0.113069	-0.066462	-0.203264
0.159736	0.114869	-0.064808	-0.204847
0.159610	0.111154	-0.064442	-0.203869
0.159779	0.110018	-0.061716	-0.202742
0.159659	0.110829	-0.065398	-0.202728
0.159784	0.111204	-0.063498	-0.204750
0.159656	0.111000	-0.064241	-0.205572
0.159873	0.108852	-0.060781	-0.203939
0.159498	0.108075	-0.062900	-0.205023
0.160036	0.109235	-0.063823	-0.204907
0.158477	0.109904	-0.065891	-0.202787
0.154587	0.109448	-0.065565	-0.204741
0.154821	0.108484	-0.067319	-0.202403
0.154714	0.109651	-0.069377	-0.204751
0.154669	0.110237	-0.069063	-0.205002
0.154719	0.109190	-0.070771	-0.203745
0.154619	0.111965	-0.072646	-0.204764
0.154950	0.111782	-0.072866	-0.204665
0.153436	0.112388	-0.075172	-0.204320
0.149309	0.113238	-0.075921	-0.203655
0.149762	0.114195	-0.077021	-0.204829
0.149305	0.114235	-0.078624	-0.205211
0.149770	0.115523	-0.078375	-0.203837
0.145976	0.117797	-0.079951	-0.202926
0.144204	0.118551	-0.081780	-0.204003
0.145047	0.118510	-0.083292	-0.202702
0.143315	0.121313	-0.083398	-0.201721
0.139654	0.122705	-0.084736	-0.201674
0.139809	0.122798	-0.083175	-0.203635
0.139930	0.122554	-0.084158	-0.203292
0.136153	0.124773	-0.084196	-0.202846
0.134436	0.126235	-0.084097	-0.204699
0.135130	0.126971	-0.083364	-0.204114
0.134569	0.128179	-0.083202	-0.203321
0.135230	0.129797	-0.081661	-0.204065
0.134455	0.130019	-0.081958	-0.203947
0.136447	0.130850	-0.082771	-0.203589
0.140021	0.133018	-0.081045	-0.204026
0.139798	0.133770	-0.080860	-0.203996
0.139813	0.135897	-0.080079	-0.204347
0.139917	0.135634	-0.079806	-0.203572
0.139719	0.139559	-0.078222	-0.202479
0.143469	0.138964	-0.079563	-0.202580
0.144819	0.139369	-0.077566	-0.202378
0.144387	0.139895	-0.077348	-0.203923
0.144699	0.141685	-0.077972	-0.204174
0.144492	0.141888	-0.077287	-0.203788
0.144575	0.144694	-0.076829	-0.202831
0.144482	0.144813	-0.076185	-0.203290
0.144613	0.146206	-0.073694	-0.204909
0.144550	0.147265	-0.074113	-0.204294
0.144575	0.147302	-0.074585	-0.205636
0.144550	0.150295	-0.072945	-0.204142
0.144550	0.151321	-0.073313	-0.203805
0.144574	0.151769	-0.073669	-0.204355
0.144608	0.150946	-0.072734	-0.203002
0.144658	0.153332	-0.072429	-0.203807
0.144613	0.154674	-0.073043	-0.203398
0.144511	0.154998	-0.073968	-0.204557
0.144604	0.155118	-0.074259	-0.205117
0.144556	0.156155	-0.074294	-0.204265
0.144620	0.157479	-0.073720	-0.204828
0.144558	0.157719	-0.073533	-0.203501
0.144580	0.158778	-0.073016	-0.204208
0.144508	0.159295	-0.074077	-0.204011
0.144511	0.159713	-0.076978	-0.203878
0.144510	0.157978	-0.075723	-0.203007
0.144558	0.159404	-0.076169	-0.203862
0.144531	0.159146	-0.077542	-0.204581
0.144558	0.158081	-0.077913	-0.203308
0.144595	0.157588	-0.078015	-0.204086
0.144559	0.156265	-0.080013	-0.203529
0.144563	0.155937	-0.080343	-0.203290
0.144594	0.157464	-0.082366	-0.203852
0.144559	0.157859	-0.082365	-0.204053
0.144603	0.156177	-0.083984	-0.203622
0.144521	0.155907	-0.084043	-0.204690
0.144609	0.155767	-0.082973	-0.203353
0.144505	0.154124	-0.086881	-0.202467
0.144604	0.154023	-0.085332	-0.204297
0.144432	0.153197	-0.088539	-0.203398
0.144632	0.153679	-0.091849	-0.203851
0.144696	0.152973	-0.090294	-0.203175
0.148922	0.151746	-0.093141	-0.203039
0.149784	0.151386	-0.094406	-0.203594
0.149478	0.150497	-0.094359	-0.204156
0.149591	0.149171	-0.094222	-0.203064
0.149499	0.150009	-0.095459	-0.203824
0.149605	0.146914	-0.096521	-0.204005
0.149534	0.148409	-0.098313	-0.203582
0.149624	0.146471	-0.100115	-0.204751
0.149529	0.147005	-0.100039	-0.204672
0.149588	0.146095	-0.101965	-0.203794
0.149492	0.145873	-0.103043	-0.205350
0.149736	0.145628	-0.103605	-0.205483
0.154050	0.147304	-0.103636	-0.202842
0.154895	0.146319	-0.103612	-0.202620
0.154575	0.145176	-0.105541	-0.204230
0.154816	0.146409	-0.105828	-0.203758
0.154561	0.145412	-0.106076	-0.203853
0.154825	0.146280	-0.104211	-0.204550
0.154541	0.146244	-0.105597	-0.204122
0.154975	0.146331	-0.104446	-0.203384
0.154209	0.145079	-0.103003	-0.202892
0.156947	0.144799	-0.102905	-0.204266
0.160116	0.143080	-0.103816	-0.203988
0.159489	0.143004	-0.103896	-0.203521
0.159869	0.142715	-0.101154	-0.204929
0.159647	0.143477	-0.098245	-0.204525
0.159825	0.141111	-0.096798	-0.204020
0.159536	0.143010	-0.096425	-0.203517
0.159753	0.144843	-0.096145	-0.203966
0.159612	0.140632	-0.091739	-0.204284
0.159738	0.141173	-0.091155	-0.203767
0.159626	0.140309	-0.091593	-0.204254
0.159751	0.139519	-0.089660	-0.203155
0.159603	0.138587	-0.088668	-0.204937
0.159755	0.137846	-0.087252	-0.204254
0.159706	0.137550	-0.082385	-0.205328
0.159780	0.138701	-0.080602	-0.203268
0.159642	0.137190	-0.079822	-0.205696
0.159745	0.137856	-0.080365	-0.204588
0.159637	0.138631	-0.077730	-0.204244
0.159720	0.139153	-0.077176	-0.204060
0.159637	0.138902	-0.076225	-0.202708
0.159789	0.139840	-0.075002	-0.203775
0.159755	0.139910	-0.075169	-0.205305
0.159671	0.140292	-0.074197	-0.203783
0.159777	0.141402	-0.075904	-0.203077
0.159320	0.140845	-0.079144	-0.203812
0.154866	0.141938	-0.079627	-0.203676
0.154851	0.142726	-0.080533	-0.204160
0.154525	0.143695	-0.083923	-0.203971
0.154880	0.144265	-0.084165	-0.203867
0.154413	0.147028	-0.086146	-0.204894
0.155141	0.147235	-0.089693	-0.203907
0.151845	0.150845	-0.091444	-0.203235
0.149222	0.150840	-0.094538	-0.203368
0.149661	0.152794	-0.096992	-0.204575
0.149614	0.155703	-0.099247	-0.203803
0.148953	0.155848	-0.100406	-0.203270
0.144884	0.157846	-0.104899	-0.202729
0.144402	0.160086	-0.105025	-0.203698
0.144953	0.161578	-0.108025	-0.204016
0.141885	0.162068	-0.107920	-0.202452
0.139469	0.162746	-0.111130	-0.202689
0.140037	0.164395	-0.113051	-0.203372
0.139828	0.166165	-0.114217	-0.204139
0.139370	0.165787	-0.114731	-0.205361
0.134926	0.168604	-0.115430	-0.205507
0.134929	0.170350	-0.116390	-0.203934
0.134797	0.171428	-0.117398	-0.204888
0.134910	0.172371	-0.116490	-0.203648
0.134745	0.172095	-0.114326	-0.204739
0.134978	0.173163	-0.114178	-0.204982
0.134766	0.171948	-0.116255	-0.204601
0.134924	0.173003	-0.113980	-0.204746
0.134730	0.173013	-0.113021	-0.204532
0.135428	0.173758	-0.110782	-0.203557
0.139958	0.173033	-0.112282	-0.203635
0.139622	0.174316	-0.110891	-0.205018
0.140075	0.174121	-0.108624	-0.204466
0.139457	0.173848	-0.108181	-0.204548
0.142851	0.174872	-0.105626	-0.203513
0.144958	0.173271	-0.104782	-0.202590
0.144466	0.172397	-0.104895	-0.204591
0.144533	0.171552	-0.101234	-0.204002
0.144688	0.169942	-0.100213	-0.204285
0.144255	0.171817	-0.099554	-0.204125
0.147733	0.172612	-0.097531	-0.203847
0.149973	0.171896	-0.096733	-0.204109
0.149333	0.172278	-0.096304	-0.203726
0.149746	0.169897	-0.092715	-0.203693
0.149420	0.170652	-0.090806	-0.204008
0.149751	0.170611	-0.088452	-0.204028
0.149517	0.169268	-0.090499	-0.204095
0.149667	0.166826	-0.087990	-0.203774
0.149534	0.167376	-0.086650	-0.202500
0.149606	0.165956	-0.084364	-0.202088
0.149522	0.165099	-0.082903	-0.204397
0.149568	0.165241	-0.081582	-0.203336
0.149526	0.164381	-0.079212	-0.202798
0.149561	0.163053	-0.079687	-0.203965
0.149615	0.162925	-0.079485	-0.204221
0.149528	0.162615	-0.079952	-0.203214
0.149555	0.160357	-0.078702	-0.204276
0.149616	0.160009	-0.079442	-0.202767
0.149606	0.160370	-0.079558	-0.203644
0.149641	0.158421	-0.079452	-0.203981
0.149600	0.158766	-0.079867	-0.205125
0.149620	0.156962	-0.079945	-0.204419
0.149512	0.154258	-0.081193	-0.203344
0.149654	0.153770	-0.080038	-0.204672
0.149533	0.152823	-0.080975	-0.201544
0.149552	0.151923	-0.080844	-0.202011
0.149560	0.149209	-0.083706	-0.204327
0.149657	0.149332	-0.084437	-0.202611
0.149528	0.147698	-0.085928	-0.204733
0.149629	0.146080	-0.085573	-0.202524
0.149577	0.144287	-0.085730	-0.203701
0.149566	0.143731	-0.088077	-0.202340
0.149577	0.142977	-0.087669	-0.203498
0.149568	0.140088	-0.088462	-0.203685
0.149445	0.139733	-0.090600	-0.203131
0.149866	0.138721	-0.090271	-0.202304
0.148437	0.138713	-0.091110	-0.202451
0.144365	0.135745	-0.092109	-0.205467
0.144841	0.133821	-0.093316	-0.203728
0.144411	0.134844	-0.090693	-0.204982
0.144730	0.133054	-0.092439	-0.202891
0.144367	0.131378	-0.092420	-0.203851
0.144824	0.130988	-0.092379	-0.204771
0.144253	0.131297	-0.093910	-0.204513
0.147913	0.131547	-0.093538	-0.204741
0.149932	0.130457	-0.094473	-0.204323
0.149494	0.131323	-0.095360	-0.204576
0.149674	0.131078	-0.096212	-0.201481
0.149528	0.132083	-0.097907	-0.203203
0.149639	0.131105	-0.096971	-0.203976
0.149519	0.131622	-0.098053	-0.203837
0.149578	0.133290	-0.097528	-0.204178
0.149671	0.133365	-0.097493	-0.203139
0.149691	0.134164	-0.096492	-0.205247
0.149577	0.133580	-0.096354	-0.204354
0.149532	0.134711	-0.094581	-0.204785
0.149519	0.134927	-0.094571	-0.204333
0.149556	0.134409	-0.092941	-0.202778
0.149583	0.135738	-0.091767	-0.203636
0.149614	0.135653	-0.093207	-0.202881
0.149631	0.135525	-0.093164	-0.202534
0.149629	0.136708	-0.090110	-0.203406
0.149560	0.136441	-0.088990	-0.203656
0.149610	0.136494	-0.089192	-0.203660
0.149556	0.136554	-0.087046	-0.203580
0.149578	0.137062	-0.088475	-0.202579
0.149526	0.137793	-0.086956	-0.202783
0.149655	0.138438	-0.088735	-0.203948
0.149543	0.137503	-0.088110	-0.203235
0.149595	0.137403	-0.084934	-0.204020
0.149543	0.137736	-0.085377	-0.203680
0.149696	0.138030	-0.085269	-0.203631
0.149513	0.140109	-0.083499	-0.202811
0.149714	0.139310	-0.083282	-0.203957
0.149358	0.138346	-0.081038	-0.202685
0.149921	0.139786	-0.082158	-0.203336
0.147925	0.139777	-0.078950	-0.203378
0.144186	0.140777	-0.080321	-0.205116
0.144846	0.140673	-0.079737	-0.205039
0.144392	0.142130	-0.080169	-0.204694
0.144756	0.140747	-0.081019	-0.204596
0.144484	0.145198	-0.081696	-0.204749
0.144664	0.146002	-0.083057	-0.204922
0.144504	0.145797	-0.083690	-0.204191
0.144763	0.147831	-0.083398	-0.204134
0.144431	0.150061	-0.085571	-0.204295
0.144706	0.151259	-0.089601	-0.203119
0.144385	0.154385	-0.089346	-0.204739
0.144900	0.153964	-0.091129	-0.203645
0.142754	0.159201	-0.093033	-0.203176
0.139527	0.158861	-0.093513	-0.202833
0.140032	0.160847	-0.097072	-0.202841
0.139770	0.163764	-0.096692	-0.204429
0.139903	0.164201	-0.100283	-0.203294
0.139814	0.166402	-0.101447	-0.203595
0.139930	0.167329	-0.103496	-0.203218
0.139794	0.167941	-0.104604	-0.202704
0.139846	0.170000	-0.107578	-0.203166
0.139843	0.170159	-0.108022	-0.202248
0.139748	0.172983	-0.110428	-0.203161
0.135582	0.172918	-0.109950	-0.204373
0.134674	0.174964	-0.110605	-0.203030
0.134963	0.175834	-0.111156	-0.205085
0.134781	0.175068	-0.111863	-0.203359
0.134923	0.177212	-0.111861	-0.203262
0.134812	0.179702	-0.111230	-0.202304
0.134909	0.177514	-0.111911	-0.202444
0.134768	0.179091	-0.111067	-0.203181
0.135103	0.179045	-0.110888	-0.204017
0.134511	0.180830	-0.109381	-0.204030
0.136945	0.180496	-0.109861	-0.204144
0.140320	0.178056	-0.109025	-0.202882
0.139506	0.179359	-0.108874	-0.202664
0.140234	0.180407	-0.106699	-0.203496
0.139275	0.179167	-0.106350	-0.201989
0.142067	0.180243	-0.105484	-0.204005
0.144856	0.177807	-0.105691	-0.203512
0.144509	0.178265	-0.102278	-0.200880
0.144637	0.177002	-0.101902	-0.204721
0.144817	0.176250	-0.100027	-0.203351
0.149053	0.176792	-0.097789	-0.204279
0.149701	0.175387	-0.097322	-0.203970
0.149487	0.172495	-0.095957	-0.203192
0.149887	0.173278	-0.094391	-0.203750
0.149186	0.171054	-0.092045	-0.203857
0.151987	0.169969	-0.090654	-0.203208
0.155199	0.168657	-0.089318	-0.202085
0.154489	0.167032	-0.087764	-0.202411
0.154814	0.164143	-0.087125	-0.203158
0.154545	0.164034	-0.084617	-0.202722
0.154780	0.161593	-0.083428	-0.205016
0.154697	0.160651	-0.081162	-0.202511
0.154732	0.158493	-0.080940	-0.203795
0.154748	0.158001	-0.078139	-0.203098
0.154735	0.155798	-0.077455	-0.202639
0.154728	0.153363	-0.078444	-0.203616
0.154672	0.154417	-0.076993	-0.204226
0.155068	0.155436	-0.078469	-0.204438
0.159349	0.155678	-0.079441	-0.203848
0.159756	0.154818	-0.079996	-0.203007
0.159759	0.153958	-0.080238	-0.202767
0.159684	0.154405	-0.082548	-0.204453
0.159721	0.154775	-0.082270	-0.203274
0.159720	0.151678	-0.084858	-0.202560
0.159713	0.152820	-0.084672	-0.203660
0.159691	0.150911	-0.086502	-0.202703
0.159738	0.149623	-0.087269	-0.204225
0.159731	0.149213	-0.089771	-0.203675
0.159713	0.147876	-0.089643	-0.204451
0.159660	0.144829	-0.090853	-0.204506
0.159754	0.144731	-0.091630	-0.203537
0.159692	0.143983	-0.091642	-0.203550
0.159738	0.144594	-0.092523	-0.203357
0.159634	0.141799	-0.093493	-0.204147
0.159749	0.142495	-0.093853	-0.204833
0.159705	0.141913	-0.095537	-0.204674
0.159804	0.140463	-0.096585	-0.203327
0.159591	0.140065	-0.095200	-0.204043
0.159807	0.139941	-0.095311	-0.202725
0.159447	0.138892	-0.097926	-0.204578
0.160085	0.137308	-0.096192	-0.204281
0.156872	0.136360	-0.097829	-0.203534
0.154333	0.136366	-0.097459	-0.203832
0.154980	0.134884	-0.096897	-0.202437
0.154561	0.135290	-0.096854	-0.204100
0.154775	0.135881	-0.096722	-0.203620
0.154707	0.134200	-0.098533	-0.204189
0.154727	0.134296	-0.096615	-0.203215
0.154673	0.133261	-0.095239	-0.202745
0.154645	0.133519	-0.094531	-0.205440
0.154752	0.133184	-0.095547	-0.204471
0.154635	0.132172	-0.093990	-0.203153
0.154748	0.132353	-0.092132	-0.204438
0.154584	0.131581	-0.091510	-0.204994
0.155423	0.131031	-0.089697	-0.203358
0.159680	0.131312	-0.088566	-0.204596
0.159580	0.131934	-0.088302	-0.204750
0.159734	0.130573	-0.085843	-0.203773
0.159661	0.130298	-0.085543	-0.203661
0.159705	0.129288	-0.083967	-0.204109
0.159685	0.127468	-0.082757	-0.205288
0.159723	0.126827	-0.082967	-0.204121
0.159621	0.127313	-0.081129	-0.203239
0.159652	0.126729	-0.078768	-0.202972
0.159719	0.124837	-0.076201	-0.204273
0.159730	0.124490	-0.075493	-0.203349
0.159624	0.122910	-0.074763	-0.204276
0.159761	0.124217	-0.073521	-0.203928
0.159611	0.123179	-0.072354	-0.204627
0.159937	0.123819	-0.070926	-0.203045
0.158759	0.121426	-0.070346	-0.204468
0.154806	0.122670	-0.068761	-0.203156
0.154722	0.123671	-0.068021	-0.203265
0.154693	0.122452	-0.066972	-0.203769
0.154787	0.121502	-0.065366	-0.202358
0.154743	0.121511	-0.065035	-0.202925
0.154607	0.120345	-0.064409	-0.202381
0.154768	0.119977	-0.063815	-0.203715
0.154499	0.120929	-0.063087	-0.203582
0.155046	0.119462	-0.062245	-0.202625
0.151297	0.120864	-0.062077	-0.202931
0.149216	0.120061	-0.061383	-0.202603
0.149736	0.119295	-0.061972	-0.203062
0.149484	0.119292	-0.061328	-0.203045
0.149611	0.118265	-0.060889	-0.202083
0.149600	0.118667	-0.061514	-0.202200
0.149595	0.118149	-0.061343	-0.203524
0.149580	0.118173	-0.062855	-0.203996
0.149543	0.118084	-0.064348	-0.203041
0.149748	0.117602	-0.064973	-0.203086
0.149335	0.116514	-0.066119	-0.203794
0.149955	0.115992	-0.067408	-0.204021
0.146296	0.116708	-0.069248	-0.203521
0.144217	0.116350	-0.069933	-0.202450
0.144747	0.114927	-0.069855	-0.202849
0.144479	0.114485	-0.071292	-0.204042
0.144751	0.113318	-0.072410	-0.204380
0.144531	0.113709	-0.074685	-0.204312
0.144646	0.112317	-0.072988	-0.203690
0.144501	0.112577	-0.072586	-0.204717
0.144617	0.112488	-0.075551	-0.202836
0.144503	0.111060	-0.074641	-0.203616
0.144642	0.111724	-0.076937	-0.203780
0.144605	0.110453	-0.075622	-0.203019
0.144628	0.110965	-0.077146	-0.203160
0.144558	0.109698	-0.076859	-0.202945
0.144610	0.110548	-0.078080	-0.202149
0.144534	0.110358	-0.078616	-0.202011
0.144594	0.109329	-0.080093	-0.203626
0.144622	0.108528	-0.081043	-0.203471
0.144589	0.111308	-0.079947	-0.202670
0.144564	0.110750	-0.081664	-0.204271
0.144553	0.110040	-0.081529	-0.203973
0.144566	0.111542	-0.083938	-0.203379
0.144481	0.110553	-0.083693	-0.202142
0.144683	0.111700	-0.083855	-0.203239
0.144525	0.109081	-0.083688	-0.203539
0.144718	0.110981	-0.085004	-0.203799
0.144402	0.109800	-0.081519	-0.203917
0.148362	0.109429	-0.080562	-0.204308
0.149833	0.110994	-0.082235	-0.204572
0.149413	0.107060	-0.079658	-0.204160
0.149700	0.109111	-0.078956	-0.205616
0.149405	0.108030	-0.078991	-0.204448
0.149635	0.107241	-0.077153	-0.204081
0.149531	0.106667	-0.074617	-0.204194
0.149585	0.106444	-0.073765	-0.203973
0.149519	0.104128	-0.073205	-0.203171
0.149627	0.103346	-0.070755	-0.203525
0.149575	0.101465	-0.067217	-0.205088
0.149612	0.100605	-0.066376	-0.201712
0.149575	0.099812	-0.063576	-0.203376
0.149578	0.099448	-0.063115	-0.203367
0.149508	0.100598	-0.061776	-0.203595
0.149547	0.100970	-0.058748	-0.203863
0.149580	0.098097	-0.058013	-0.203299
0.149523	0.099631	-0.056956	-0.203685
0.149620	0.098722	-0.056902	-0.203527
0.149627	0.099916	-0.058474	-0.204466
0.149590	0.099494	-0.056926	-0.204172
0.149521	0.098166	-0.055569	-0.203192
0.149676	0.099258	-0.055786	-0.202787
0.149488	0.100366	-0.056276	-0.201701
0.149701	0.100903	-0.056763	-0.203621
0.149462	0.100918	-0.058074	-0.202426
0.149743	0.102309	-0.059707	-0.202609
0.149407	0.102319	-0.059992	-0.203630
0.149953	0.104800	-0.061643	-0.202556
0.147848	0.105228	-0.062127	-0.203785
0.144299	0.105749	-0.062766	-0.203765
0.144737	0.107813	-0.065155	-0.204180
0.144445	0.108031	-0.066792	-0.204672
0.144661	0.109383	-0.068380	-0.203425
0.144549	0.109083	-0.071339	-0.203197
0.144558	0.109642	-0.070088	-0.205298
0.144509	0.109578	-0.072534	-0.203389
0.140627	0.110220	-0.073231	-0.203022
0.139616	0.110065	-0.074323	-0.205314
0.140044	0.111869	-0.077054	-0.204364
0.139770	0.111433	-0.077294	-0.202728
0.139866	0.111298	-0.076688	-0.203492
0.139768	0.110687	-0.079086	-0.203774
0.139867	0.114404	-0.080748	-0.203995
0.139862	0.112851	-0.081638	-0.204399
0.139846	0.114022	-0.082839	-0.203091
0.139784	0.115072	-0.081248	-0.203133
0.139812	0.115013	-0.083376	-0.203856
0.139792	0.116276	-0.084330	-0.203680
0.139817	0.114361	-0.083393	-0.204630
0.139789	0.115513	-0.082168	-0.203268
0.139908	0.118094	-0.083786	-0.203213
0.139745	0.116697	-0.083759	-0.203470
0.139858	0.116384	-0.084385	-0.204345
0.139951	0.116801	-0.083508	-0.203844
0.144028	0.115609	-0.084397	-0.204456
0.144638	0.116051	-0.083156	-0.203797
0.144587	0.115574	-0.082054	-0.203651
0.144515	0.115928	-0.083473	-0.204208
0.144558	0.115620	-0.082591	-0.204488
0.144568	0.116931	-0.081906	-0.203143
0.144566	0.117117	-0.082651	-0.203804
0.144513	0.116599	-0.080508	-0.204041
0.144721	0.115453	-0.080672	-0.205769
0.144411	0.115899	-0.078401	-0.203735
0.144742	0.114588	-0.079093	-0.204327
0.144105	0.114613	-0.077245	-0.202626
0.146822	0.114400	-0.075071	-0.205527
0.149946	0.114780	-0.077314	-0.203589
0.149354	0.113751	-0.075007	-0.203803
0.149666	0.113368	-0.074285	-0.203825
0.149447	0.113445	-0.073501	-0.203549
0.149635	0.110844	-0.072898	-0.205011
0.149576	0.112018	-0.068850	-0.204147
0.149622	0.110777	-0.069850	-0.203506
0.149573	0.109904	-0.071621	-0.202640
0.149640	0.107910	-0.068030	-0.204696
0.149652	0.107923	-0.069040	-0.204370
0.149601	0.107444	-0.066945	-0.203597
0.149640	0.106928	-0.066060	-0.205024
0.149595	0.105798	-0.067521	-0.204250
0.149679	0.107923	-0.065150	-0.201815
0.149553	0.107106	-0.064918	-0.202610
0.149612	0.106256	-0.066129	-0.203610
0.149533	0.106567	-0.064906	-0.202129
0.149695	0.108311	-0.065836	-0.203576
0.149392	0.108079	-0.066839	-0.203758
0.149807	0.106823	-0.066287	-0.203121
0.149121	0.106279	-0.067887	-0.203739
0.152187	0.107991	-0.067910	-0.203858
0.155132	0.109269	-0.066987	-0.203103
0.154431	0.107036	-0.072212	-0.202992
0.154913	0.109024	-0.072845	-0.203146
0.154560	0.108673	-0.073869	-0.203575
0.154896	0.108811	-0.074427	-0.202624
0.154678	0.109026	-0.073519	-0.201499
0.154765	0.107921	-0.075436	-0.202626
0.154668	0.112302	-0.076611	-0.204553
0.154740	0.109857	-0.077952	-0.204164
0.154644	0.109792	-0.078417	-0.203067
0.154723	0.110617	-0.079412	-0.203404
0.154668	0.109897	-0.077463	-0.202968
0.154745	0.109897	-0.080029	-0.203106
0.154629	0.111217	-0.081423	-0.203333
0.154788	0.113116	-0.082642	-0.203255
0.154604	0.111437	-0.083588	-0.202674
0.154919	0.113288	-0.080449	-0.203123
0.154094	0.114391	-0.079795	-0.201688
0.149787	0.112237	-0.082849	-0.203689
0.149536	0.115208	-0.082428	-0.204179
0.149573	0.113562	-0.085024	-0.204611
0.149555	0.114335	-0.084138	-0.202323
0.149560	0.115525	-0.084415	-0.203314
0.149397	0.115717	-0.084571	-0.202915
0.150253	0.115243	-0.085741	-0.202677
0.154584	0.115702	-0.085814	-0.204221
0.154671	0.114410	-0.085812	-0.202717
0.154652	0.114328	-0.087980	-0.203426
0.154654	0.114581	-0.086411	-0.203666
0.154738	0.114873	-0.087528	-0.202471
0.154633	0.116902	-0.086144	-0.203516
0.154694	0.117011	-0.085707	-0.203458
0.154667	0.115869	-0.084559	-0.204756
0.154722	0.116113	-0.085018	-0.204233
0.154583	0.115243	-0.085850	-0.201766
0.154742	0.114988	-0.084513	-0.203848
0.154693	0.114072	-0.082161	-0.202084
0.154678	0.114156	-0.082042	-0.203433
0.154623	0.113484	-0.080747	-0.202739
0.154733	0.113858	-0.080025	-0.202925
0.154598	0.112873	-0.079182	-0.204426
0.154825	0.111482	-0.078499	-0.202497
0.154524	0.111631	-0.078371	-0.201967
0.154842	0.109884	-0.077628	-0.203769
0.154307	0.111961	-0.076339	-0.203500
0.157858	0.110015	-0.076515	-0.203695
0.160059	0.109966	-0.074160	-0.204701
0.159492	0.107897	-0.074350	-0.203435
0.159902	0.108246	-0.071680	-0.204644
0.159598	0.109348	-0.071785	-0.203942
0.159774	0.109054	-0.068711	-0.204397
0.159562	0.108611	-0.070266	-0.204556
0.159830	0.106162	-0.068815	-0.203795
0.159567	0.106126	-0.069297	-0.203005
0.159828	0.106893	-0.066541	-0.203661
0.159489	0.105564	-0.067043	-0.204491
0.160027	0.105620	-0.069055	-0.203542
0.156339	0.107245	-0.068706	-0.202588
0.154372	0.106751	-0.068535	-0.204665
0.154943	0.106160	-0.066680	-0.202942
0.154555	0.105967	-0.067352	-0.204089
0.154760	0.107887	-0.069328	-0.203698
0.154593	0.108955	-0.069227	-0.203665
0.154684	0.107840	-0.069444	-0.203579
0.154585	0.109146	-0.070656	-0.203819
0.154837	0.109378	-0.071121	-0.203640
0.154595	0.109967	-0.071375	-0.203678
0.154756	0.108399	-0.073487	-0.203472
0.154579	0.110379	-0.075161	-0.203595
0.154783	0.110762	-0.071819	-0.203280
0.154687	0.110949	-0.073531	-0.202994
0.154775	0.111511	-0.074640	-0.204012
0.154497	0.110643	-0.076827	-0.203601
0.154849	0.112202	-0.076619	-0.204799
0.154529	0.109998	-0.077294	-0.203173
0.155067	0.111666	-0.077831	-0.203496
0.153416	0.112222	-0.076869	-0.203362
0.149443	0.111102	-0.078224	-0.206003
0.149703	0.112456	-0.078887	-0.204255
0.149568	0.112292	-0.081474	-0.202841
0.149547	0.112878	-0.079381	-0.204198
0.149898	0.112949	-0.080916	-0.204656
0.148428	0.111516	-0.082013	-0.202698
0.144317	0.111685	-0.079508	-0.203912
0.144771	0.110484	-0.080783	-0.203584
0.144398	0.112139	-0.079446	-0.203123
0.144721	0.111496	-0.078143	-0.203648
0.144530	0.110572	-0.076832	-0.203530
0.144649	0.109711	-0.076727	-0.203649
0.144514	0.110319	-0.073438	-0.204656
0.144649	0.110089	-0.073570	-0.204783
0.144494	0.108331	-0.072641	-0.204328
0.144578	0.108094	-0.069959	-0.204317
0.144546	0.107683	-0.069394	-0.204392
0.144574	0.105182	-0.067212	-0.203401
0.144549	0.105981	-0.064515	-0.202817
0.144651	0.105709	-0.064173	-0.204665
0.144566	0.105534	-0.061769	-0.202788
0.144614	0.103584	-0.061564	-0.204234
0.144554	0.103051	-0.060136	-0.204674
0.144592	0.103968	-0.059540	-0.204066
0.144495	0.102709	-0.059376	-0.203696
0.144613	0.101714	-0.058077	-0.203500
0.144530	0.101379	-0.056376	-0.202955
0.144603	0.099529	-0.055223	-0.203635
0.144560	0.099751	-0.054077	-0.204632
0.144600	0.098853	-0.054054	-0.203555
0.144460	0.099175	-0.053512	-0.205210
0.144602	0.100223	-0.053445	-0.203306
0.144509	0.099094	-0.055144	-0.203688
0.144633	0.099134	-0.055401	-0.204917
0.144461	0.101990	-0.054428	-0.204759
0.144708	0.100332	-0.053208	-0.205375
0.144377	0.100815	-0.055475	-0.204204
0.144871	0.100536	-0.055866	-0.204471
0.143025	0.100551	-0.056866	-0.203130
0.139614	0.101727	-0.057331	-0.205350
0.139947	0.100094	-0.058219	-0.203015
0.139823	0.100547	-0.058568	-0.204274
0.139838	0.100590	-0.060703	-0.204717
0.139925	0.102022	-0.058715	-0.204200
0.139708	0.101720	-0.060820	-0.203998
0.140173	0.103959	-0.062024	-0.203488
0.138066	0.104541	-0.062776	-0.204345
0.134549	0.107048	-0.065176	-0.203280
0.135081	0.106645	-0.067049	-0.203339
0.134664	0.106628	-0.069881	-0.202832
0.134958	0.107580	-0.070507	-0.203473
0.134758	0.108155	-0.071201	-0.204378
0.134933	0.110162	-0.074027	-0.203788
0.134748	0.109486	-0.073567	-0.204380
0.134841	0.111727	-0.075547	-0.204603
0.134866	0.113975	-0.078426	-0.204288
0.134925	0.116916	-0.078826	-0.203448
0.134816	0.114763	-0.079959	-0.202749
0.134933	0.115218	-0.081053	-0.204766
0.134805	0.118346	-0.083516	-0.203228
0.134875	0.118683	-0.085432	-0.203832
0.134879	0.120060	-0.085954	-0.205023
0.134821	0.120657	-0.087956	-0.204942
0.134851	0.121881	-0.088343	-0.204542
0.134885	0.122107	-0.087096	-0.203398
0.134866	0.121764	-0.087931	-0.203394
0.134842	0.123392	-0.089233	-0.204798
0.134866	0.123433	-0.090173	-0.203323
0.134888	0.125314	-0.088646	-0.204809
0.134787	0.124974	-0.088354	-0.204122
0.134756	0.125265	-0.088561	-0.204135
0.134847	0.125310	-0.087012	-0.204091
0.134827	0.125374	-0.086362	-0.204352
0.134830	0.125147	-0.085011	-0.203735
0.134923	0.124695	-0.083556	-0.204033
0.135004	0.124147	-0.084491	-0.203495
0.139228	0.124773	-0.082488	-0.204417
0.139882	0.123192	-0.080663	-0.203140
0.139800	0.124185	-0.079216	-0.204042
0.139894	0.122212	-0.078065	-0.203190
0.139856	0.123566	-0.075664	-0.203881
0.139711	0.121228	-0.073714	-0.203769
0.140037	0.121795	-0.072561	-0.202783
0.139775	0.119792	-0.070641	-0.203371
0.140051	0.122314	-0.068927	-0.203140
0.139397	0.119597	-0.067538	-0.202584
0.141950	0.117311	-0.066566	-0.204367
0.144968	0.118852	-0.063309	-0.202704
0.144401	0.117751	-0.062543	-0.203846
0.144755	0.115384	-0.060532	-0.203995
0.144465	0.113978	-0.058796	-0.203640
0.144627	0.110535	-0.056998	-0.202487
0.144499	0.112735	-0.054801	-0.203970
0.144706	0.111207	-0.052570	-0.203229
0.144515	0.108549	-0.053536	-0.203493
0.144568	0.106677	-0.050486	-0.203304
0.144648	0.106285	-0.049067	-0.203110
0.144600	0.103794	-0.047626	-0.203877
0.144544	0.102913	-0.048069	-0.204399
0.144573	0.103630	-0.046213	-0.202421
0.144640	0.103033	-0.046132	-0.203215
0.144575	0.101894	-0.046634	-0.204145
0.144556	0.100620	-0.047410	-0.202536
0.144623	0.100915	-0.046617	-0.203977
0.144566	0.100427	-0.047730	-0.202571
0.144566	0.100328	-0.046529	-0.201937
0.144533	0.101430	-0.049117	-0.204052
0.144684	0.102323	-0.049576	-0.203737
0.144511	0.101448	-0.051375	-0.203403
0.144629	0.104016	-0.054730	-0.203833
0.144097	0.104300	-0.053824	-0.203074
0.140129	0.102067	-0.056471	-0.204169
0.139651	0.105247	-0.058579	-0.204367
0.139846	0.104732	-0.058909	-0.204844
0.139808	0.105033	-0.059925	-0.202335
0.139920	0.105789	-0.060534	-0.203934
0.139832	0.105430	-0.061303	-0.203488
0.139962	0.106553	-0.064376	-0.203253
0.139710	0.107921	-0.064117	-0.203643
0.140022	0.106955	-0.065503	-0.202679
0.139670	0.105320	-0.066006	-0.204089
0.140306	0.106246	-0.064962	-0.202913
0.137109	0.105889	-0.066732	-0.205839
0.134432	0.105708	-0.070045	-0.205250
0.135048	0.106804	-0.068894	-0.202585
0.134605	0.106369	-0.069643	-0.202687
0.134988	0.107146	-0.069232	-0.202070
0.134707	0.104804	-0.069544	-0.202967
0.135002	0.103745	-0.069118	-0.203737
0.134691	0.104785	-0.068579	-0.205237
0.134945	0.103567	-0.069073	-0.203542
0.134740	0.103362	-0.069910	-0.204593
0.135052	0.103034	-0.070419	-0.204546
0.134646	0.103052	-0.069105	-0.203723
0.134929	0.100543	-0.068371	-0.203768
0.134671	0.101088	-0.066744	-0.203992
0.135062	0.099675	-0.064943	-0.203574
0.134467	0.099974	-0.064980	-0.204067
0.137781	0.099474	-0.064050	-0.202937
0.140333	0.097706	-0.060563	-0.203437
0.139593	0.097348	-0.060693	-0.205061
0.140000	0.095374	-0.058970	-0.204353
0.139719	0.094240	-0.057432	-0.204915
0.139994	0.093596	-0.056301	-0.202916
0.139741	0.093527	-0.054258	-0.203075
0.139916	0.092943	-0.054244	-0.203022
0.139803	0.093974	-0.051481	-0.203006
0.139831	0.091641	-0.051291	-0.203205
0.139874	0.090026	-0.051152	-0.204312
0.139872	0.090083	-0.049429	-0.202893
0.139797	0.089319	-0.048126	-0.202787
0.139877	0.090301	-0.046876	-0.203666
0.139795	0.090018	-0.047369	-0.204930
0.139913	0.091675	-0.047188	-0.203658
0.139812	0.090243	-0.045637	-0.203968
0.139917	0.089479	-0.045768	-0.204328
0.139810	0.091140	-0.046767	-0.202756
0.139915	0.089976	-0.047738	-0.202555
0.139874	0.091737	-0.047346	-0.203812
0.139823	0.091545	-0.049579	-0.204166
0.139794	0.092688	-0.048215	-0.204273
0.139864	0.091441	-0.047220	-0.202737
0.139767	0.093372	-0.049074	-0.203041
0.140039	0.092949	-0.049856	-0.203586
0.138872	0.092455	-0.049789	-0.203946
0.134753	0.092669	-0.050630	-0.204421
0.134987	0.094705	-0.052255	-0.204107
0.134704	0.094460	-0.053338	-0.203378
0.134942	0.094664	-0.055561	-0.204105
0.134784	0.093141	-0.055832	-0.204533
0.135022	0.093857	-0.057224	-0.202665
0.134691	0.096139	-0.057486	-0.203039
0.135131	0.094436	-0.059837	-0.203921
0.133883	0.094058	-0.061011	-0.203376
0.129700	0.095829	-0.060126	-0.205380
0.129908	0.094054	-0.062227	-0.203694
0.129765	0.095439	-0.062375	-0.205122
0.129871	0.095468	-0.064260	-0.204166
0.129754	0.095530	-0.066254	-0.202960
0.129864	0.096428	-0.065072	-0.204086
0.129808	0.097800	-0.066913	-0.204588
0.129799	0.097563	-0.066124	-0.204885
0.129749	0.097453	-0.066366	-0.202061
0.129795	0.097360	-0.068090	-0.205237
0.129838	0.096120	-0.068110	-0.204505
0.129758	0.097619	-0.070686	-0.203937
0.129831	0.096313	-0.068587	-0.201722
0.129701	0.099412	-0.066898	-0.202751
0.130000	0.099779	-0.067699	-0.203834
0.129493	0.098308	-0.067299	-0.205018
0.131023	0.097223	-0.066016	-0.203735
0.135059	0.097689	-0.065465	-0.204477
0.134720	0.098278	-0.063644	-0.203165
0.134969	0.098902	-0.064437	-0.203015
0.134831	0.097305	-0.063016	-0.203326
0.134940	0.098914	-0.062596	-0.203336
0.134859	0.099131	-0.062596	-0.203217
0.134880	0.098932	-0.060299	-0.203372
0.134918	0.099161	-0.060492	-0.203872
0.134851	0.099204	-0.059984	-0.203148
0.134997	0.099911	-0.059263	-0.202911
0.134807	0.100620	-0.057560	-0.203302
0.135083	0.099984	-0.059626	-0.204481
0.134688	0.099717	-0.056078	-0.202415
0.138579	0.099665	-0.056499	-0.202748
0.140207	0.098826	-0.055312	-0.203422
0.139683	0.098552	-0.053295	-0.204120
0.139968	0.099667	-0.053258	-0.202995
0.139746	0.098146	-0.051311	-0.203547
0.139930	0.099394	-0.052031	-0.203403
0.139799	0.099966	-0.051303	-0.204635
0.139940	0.098498	-0.051644	-0.204979
0.139750	0.099993	-0.051068	-0.202977
0.140009	0.100665	-0.052254	-0.203912
0.139740	0.100826	-0.051699	-0.203777
0.139938	0.101122	-0.052091	-0.202001
0.135897	0.101387	-0.051231	-0.203804
0.134555	0.101856	-0.051943	-0.203159
0.134964	0.104848	-0.052493	-0.203893
0.134771	0.102491	-0.052827	-0.204016
0.134923	0.103621	-0.052500	-0.202911
0.134840	0.103429	-0.053819	-0.203129
0.134885	0.103059	-0.053820	-0.202569
0.134801	0.104033	-0.052270	-0.204907
0.134885	0.103932	-0.054477	-0.202634
0.134832	0.103714	-0.054367	-0.203897
0.134895	0.104037	-0.055106	-0.204571
0.134814	0.104419	-0.056363	-0.203255
0.134923	0.105008	-0.056115	-0.204374
0.134836	0.103868	-0.058783	-0.203997
0.134840	0.104092	-0.060077	-0.205311
0.134896	0.105826	-0.061059	-0.202422
0.134858	0.105963	-0.059959	-0.204060
0.134925	0.104941	-0.064616	-0.204297
0.134875	0.105023	-0.064265	-0.204205
0.134799	0.106291	-0.065732	-0.204238
0.134811	0.107226	-0.066594	-0.203372
0.134878	0.106224	-0.067223	-0.204349
0.134878	0.105561	-0.069866	-0.203165
0.134878	0.105474	-0.070725	-0.203992
0.134834	0.106149	-0.071028	-0.203924
0.134864	0.104467	-0.070993	-0.204411
0.134856	0.105077	-0.071097	-0.203774
0.134849	0.105267	-0.072019	-0.204816
0.134841	0.105428	-0.071656	-0.204631
0.134829	0.105255	-0.071384	-0.203978
0.134832	0.105131	-0.071161	-0.203193
0.134801	0.104937	-0.071202	-0.204578
0.134894	0.106113	-0.070448	-0.204338
0.134856	0.103516	-0.070543	-0.204149
0.134878	0.103261	-0.067277	-0.203812
0.134807	0.103509	-0.067940	-0.204556
0.134949	0.103227	-0.068723	-0.204266
0.134742	0.103586	-0.067138	-0.203565
0.134840	0.102023	-0.066683	-0.202486
0.134748	0.101774	-0.065358	-0.203334
0.134811	0.102621	-0.063422	-0.203124
0.134780	0.101710	-0.062875	-0.203037
0.134846	0.102670	-0.063780	-0.201545
0.134812	0.102713	-0.064278	-0.202479
0.134898	0.101050	-0.062204	-0.204695
0.134860	0.100011	-0.061943	-0.202945
0.134814	0.100637	-0.060266	-0.202024
0.135018	0.099534	-0.059227	-0.202738
0.139302	0.097306	-0.058580	-0.204723
0.139986	0.096912	-0.057426	-0.204525
0.139762	0.097405	-0.056539	-0.202917
0.139931	0.096287	-0.055232	-0.203983
0.139843	0.095948	-0.055169	-0.204624
0.139804	0.094595	-0.053556	-0.202960
0.139852	0.095861	-0.054212	-0.203423
0.139814	0.094061	-0.053165	-0.204458
0.139874	0.093451	-0.052344	-0.204164
0.139856	0.094329	-0.051467	-0.204913
0.139842	0.095421	-0.052562	-0.204317
0.139906	0.094349	-0.052092	-0.204211
0.139661	0.093887	-0.051916	-0.203542
0.135335	0.095737	-0.052161	-0.202778
0.134763	0.095985	-0.053545	-0.204001
0.134875	0.097756	-0.054040	-0.203896
0.134797	0.097430	-0.053140	-0.203129
0.134883	0.097121	-0.054866	-0.203597
0.134831	0.097244	-0.054764	-0.202132
0.134895	0.098566	-0.053348	-0.203160
0.134801	0.097801	-0.055578	-0.204753
0.134746	0.099643	-0.055792	-0.203259
0.134804	0.100163	-0.056618	-0.202311
0.134895	0.101079	-0.058588	-0.204520
0.134860	0.102779	-0.059842	-0.204387
0.134919	0.102962	-0.062182	-0.202427
0.134826	0.103822	-0.062631	-0.204214
0.134940	0.106152	-0.065486	-0.203485
0.134822	0.108264	-0.067609	-0.202762
0.134855	0.108479	-0.069139	-0.202099
0.134948	0.109800	-0.069519	-0.203749
0.134826	0.109936	-0.071109	-0.203260
0.134861	0.111527	-0.073699	-0.202238
0.134888	0.112070	-0.076772	-0.204545
0.134791	0.113313	-0.076409	-0.202882
0.134817	0.114924	-0.075433	-0.203505
0.134864	0.115187	-0.076272	-0.204892
0.134975	0.116112	-0.078415	-0.203255
0.134898	0.118417	-0.077748	-0.204354
0.134826	0.117060	-0.078421	-0.203833
0.134852	0.117951	-0.076946	-0.202561
0.134859	0.117961	-0.077374	-0.204938
0.134827	0.120140	-0.075451	-0.204050
0.134866	0.120345	-0.076204	-0.204109
0.134841	0.119327	-0.076557	-0.202175
0.134894	0.120248	-0.076872	-0.202987
0.134869	0.122331	-0.074843	-0.203913
0.134901	0.121720	-0.074115	-0.204521
0.134920	0.121966	-0.076065	-0.204580
0.134859	0.123098	-0.074764	-0.203114
0.134834	0.122627	-0.073912	-0.204036
0.134807	0.122363	-0.073247	-0.203778
0.134827	0.120626	-0.071779	-0.205177
0.134913	0.123469	-0.073073	-0.203252
0.134804	0.121051	-0.071838	-0.203696
0.134881	0.120567	-0.070266	-0.203332
0.134715	0.119297	-0.068019	-0.204152
0.135498	0.120063	-0.068266	-0.203346
0.139760	0.119233	-0.067774	-0.202838
0.139802	0.117664	-0.065685	-0.202684
0.139894	0.116794	-0.063988	-0.204238
0.139734	0.116617	-0.064541	-0.202209
0.139838	0.115315	-0.063312	-0.202263
0.139780	0.115279	-0.061681	-0.203492
0.139853	0.114520	-0.060881	-0.201410
0.139861	0.116400	-0.058241	-0.202006
0.139829	0.114143	-0.058558	-0.202892
0.139780	0.113137	-0.058738	-0.203098
0.139867	0.113461	-0.057551	-0.203002
0.139842	0.113857	-0.058030	-0.202412
0.139856	0.111930	-0.058423	-0.202654
0.139937	0.113174	-0.056446	-0.204082
0.139854	0.113532	-0.056373	-0.202202
0.139858	0.112360	-0.056655	-0.203002
0.139932	0.112540	-0.056543	-0.202355
0.139854	0.113487	-0.057144	-0.201870
0.139810	0.114405	-0.056860	-0.202393
0.139817	0.113536	-0.057619	-0.202863
0.139820	0.114059	-0.058560	-0.203255
0.139961	0.114820	-0.058856	-0.203324
0.139798	0.116396	-0.058524	-0.202348
0.139822	0.115279	-0.060232	-0.204290
0.139920	0.116381	-0.060744	-0.205073
0.139839	0.117235	-0.060826	-0.202881
0.139844	0.116465	-0.061714	-0.202881
0.139849	0.115009	-0.063607	-0.203795
0.139858	0.117240	-0.065481	-0.202878
0.139824	0.117415	-0.063784	-0.203838
0.139810	0.116366	-0.067277	-0.203288
0.139948	0.117742	-0.068668	-0.203101
0.139667	0.118713	-0.070171	-0.203669
0.139917	0.117160	-0.071312	-0.203874
0.139770	0.117394	-0.071500	-0.202912
0.139992	0.118057	-0.074343	-0.203743
0.139731	0.120026	-0.075671	-0.204008
0.140178	0.119125	-0.076456	-0.202110
0.136429	0.117996	-0.077254	-0.203834
0.134494	0.119456	-0.075120	-0.204253
0.135019	0.119566	-0.077554	-0.202782
0.134706	0.118636	-0.078150	-0.202074
0.134944	0.119597	-0.076872	-0.204530
0.134712	0.120074	-0.077766	-0.203532
0.135017	0.119208	-0.077153	-0.201782
0.134741	0.120309	-0.076186	-0.203027
0.134947	0.118797	-0.079523	-0.202422
0.134780	0.119164	-0.077984	-0.204199
0.134960	0.117830	-0.075838	-0.203011
0.134687	0.120540	-0.075304	-0.203154
0.135032	0.118969	-0.074234	-0.204457
0.134474	0.118757	-0.073748	-0.203428
0.136041	0.120131	-0.073006	-0.203669
0.139891	0.117594	-0.070990	-0.202917
0.139836	0.119613	-0.071673	-0.202708
0.139822	0.120183	-0.070004	-0.204652
0.139989	0.119752	-0.069600	-0.203067
0.139590	0.119483	-0.069075	-0.203461
0.141052	0.118136	-0.068654	-0.203527
0.144816	0.118178	-0.066668	-0.205278
0.144450	0.117821	-0.066823	-0.202669
0.144706	0.117702	-0.064234	-0.203344
0.144490	0.115988	-0.064953	-0.202951
0.144693	0.117678	-0.064641	-0.202659
0.144564	0.117224	-0.061865	-0.204127
0.144568	0.115684	-0.061561	-0.204254
0.144487	0.117281	-0.061455	-0.201764
0.144638	0.117227	-0.060623	-0.203264
0.144574	0.114195	-0.060291	-0.202675
0.144676	0.115071	-0.059514	-0.202315
0.144544	0.113771	-0.057368	-0.202680
0.144648	0.113290	-0.058146	-0.203384
0.144599	0.114571	-0.056355	-0.203857
0.144646	0.115752	-0.057782	-0.203125
0.144521	0.115355	-0.057931	-0.203282
0.144608	0.113600	-0.057135	-0.200657
0.144625	0.112040	-0.059122	-0.204142
0.144640	0.111965	-0.058310	-0.204295
0.144610	0.112903	-0.059084	-0.201341
0.144572	0.111588	-0.058572	-0.203527
0.144584	0.112612	-0.059609	-0.203344
0.144643	0.112585	-0.059988	-0.203555
0.144563	0.113068	-0.060588	-0.203592
0.144548	0.112665	-0.061410	-0.202648
0.144520	0.114112	-0.063246	-0.203373
0.144647	0.112949	-0.064055	-0.202600
0.144572	0.112853	-0.065138	-0.204036
0.144573	0.112123	-0.064899	-0.203075
0.144561	0.111135	-0.066299	-0.204543
0.144555	0.111597	-0.066794	-0.203088
0.144545	0.113307	-0.068511	-0.203458
0.144598	0.113296	-0.069357	-0.204096
0.144560	0.112264	-0.069414	-0.203738
0.144585	0.111588	-0.070557	-0.203898
0.144587	0.111873	-0.071751	-0.203919
0.144697	0.111803	-0.071829	-0.203151
0.144593	0.111901	-0.071212	-0.204867
0.144569	0.111702	-0.072143	-0.203067
0.144628	0.110956	-0.074014	-0.202777
0.144513	0.110895	-0.071671	-0.202462
0.144597	0.111669	-0.072994	-0.202561
0.144513	0.111105	-0.074254	-0.204422
0.144588	0.110944	-0.071747	-0.202778
0.144623	0.110633	-0.072138	-0.203244
0.144561	0.110978	-0.072143	-0.203410
0.144568	0.109327	-0.069894	-0.204793
0.144566	0.109208	-0.071175	-0.204483
0.144656	0.107975	-0.069359	-0.203503
0.144640	0.107598	-0.067652	-0.203026
0.144577	0.106771	-0.067668	-0.204497
0.144498	0.105732	-0.065584	-0.203036
0.144632	0.106501	-0.064943	-0.203244
0.144564	0.105644	-0.063295	-0.203476
0.144563	0.106212	-0.063764	-0.203790
0.144536	0.106848	-0.060322	-0.203123
0.144560	0.106319	-0.058562	-0.202703
0.144539	0.105779	-0.058544	-0.204045
0.144691	0.104147	-0.058097	-0.202756
0.144435	0.105261	-0.057543	-0.204522
0.144687	0.104595	-0.057575	-0.202323
0.144504	0.104341	-0.056106	-0.204220
0.144845	0.105867	-0.056287	-0.204343
0.144183	0.104971	-0.052540	-0.205262
0.146657	0.104188	-0.053084	-0.204253
0.150025	0.104619	-0.050438	-0.202804
0.149304	0.104750	-0.053214	-0.201964
0.149725	0.103698	-0.052020	-0.204250
0.149466	0.103815	-0.050428	-0.201995
0.149577	0.104568	-0.049596	-0.203101
0.145043	0.104792	-0.049626	-0.203481
0.144647	0.105750	-0.050053	-0.202745
0.144469	0.106769	-0.049829	-0.204449
0.144624	0.106950	-0.052664	-0.203255
0.144460	0.108315	-0.051409	-0.202249
0.144689	0.109678	-0.053272	-0.203536
0.144352	0.109012	-0.052095	-0.204409
0.145033	0.108786	-0.053369	-0.204800
0.142473	0.109453	-0.054001	-0.203014
0.139514	0.111122	-0.054039	-0.204370
0.140120	0.110775	-0.056390	-0.203212
0.139767	0.111701	-0.055076	-0.203059
0.139937	0.112287	-0.056279	-0.203591
0.139769	0.111697	-0.057939	-0.203304
0.139940	0.110476	-0.056074	-0.203149
0.139750	0.111759	-0.057486	-0.203404
0.139893	0.110506	-0.060290	-0.203088
0.139854	0.112408	-0.058040	-0.202699
0.139617	0.111587	-0.058545	-0.203562
0.135222	0.110134	-0.058921	-0.202406
0.134784	0.111228	-0.060717	-0.204783
0.134935	0.110444	-0.061397	-0.202928
0.134776	0.111158	-0.061632	-0.202856
0.134876	0.109566	-0.062686	-0.203190
0.134939	0.107510	-0.064871	-0.203738
0.134782	0.108393	-0.062873	-0.203440
0.134948	0.108997	-0.063543	-0.203108
0.134821	0.108589	-0.064359	-0.205316
0.134899	0.108469	-0.063270	-0.203716
0.134905	0.107936	-0.064645	-0.200964
0.134852	0.108512	-0.064838	-0.203234
0.134901	0.106652	-0.064461	-0.203478
0.134850	0.106368	-0.061541	-0.204027
0.134888	0.105029	-0.061344	-0.204354
0.134859	0.105982	-0.061611	-0.202814
0.134878	0.104819	-0.058713	-0.202431
0.134834	0.103969	-0.059299	-0.202494
0.134871	0.103842	-0.058030	-0.203706
0.134786	0.102711	-0.055951	-0.202749
0.134797	0.101993	-0.056549	-0.201937
0.134815	0.103044	-0.054095	-0.202638
0.134834	0.100099	-0.052660	-0.202958
0.134849	0.100314	-0.051592	-0.201696
0.134884	0.098544	-0.049310	-0.202385
0.134948	0.098069	-0.048988	-0.201932
0.134864	0.099247	-0.048597	-0.203492
0.134824	0.097403	-0.047208	-0.204315
0.134832	0.095963	-0.044618	-0.202397
0.134841	0.094729	-0.040210	-0.202738
0.134786	0.095919	-0.040453	-0.202550
0.134929	0.093608	-0.039281	-0.203619
0.134856	0.091977	-0.037916	-0.202660
0.134874	0.092641	-0.033942	-0.203928
0.134869	0.093422	-0.034869	-0.202356
0.134949	0.093208	-0.036515	-0.203194
0.134836	0.093257	-0.036093	-0.201836
0.134856	0.095048	-0.037047	-0.203212
0.134876	0.094732	-0.037503	-0.202348
0.134899	0.095934	-0.036183	-0.203688
0.134871	0.095334	-0.036617	-0.202672
0.134889	0.096159	-0.038360	-0.202118
0.134846	0.096657	-0.038274	-0.203500
0.134930	0.097724	-0.040081	-0.204588
0.134701	0.098475	-0.040864	-0.204401
0.135039	0.098131	-0.042240	-0.203176
0.134160	0.099625	-0.041072	-0.202893
0.129864	0.098010	-0.041724	-0.204213
0.129935	0.097334	-0.041269	-0.203983
0.129728	0.098695	-0.042263	-0.205061
0.129829	0.099667	-0.041473	-0.203755
0.129698	0.100802	-0.044272	-0.204665
0.129864	0.101458	-0.044618	-0.204821
0.129647	0.100893	-0.045252	-0.203406
0.129921	0.101745	-0.046822	-0.204411
0.129650	0.102401	-0.047603	-0.204935
0.130212	0.102461	-0.050229	-0.202287
0.126603	0.103608	-0.051835	-0.203933
0.124393	0.105228	-0.053439	-0.204210
0.124944	0.106490	-0.055154	-0.203168
0.124593	0.107713	-0.057679	-0.203101
0.124767	0.107704	-0.059220	-0.203649
0.124554	0.109104	-0.061542	-0.204218
0.124812	0.110891	-0.061903	-0.203119
0.124632	0.112028	-0.065178	-0.204620
0.124814	0.111729	-0.064839	-0.204324
0.124600	0.113605	-0.067801	-0.203443
0.125026	0.115687	-0.068758	-0.202913
0.123829	0.116634	-0.071317	-0.203882
0.119704	0.117548	-0.070602	-0.204585
0.119862	0.116529	-0.072051	-0.204469
0.119642	0.117646	-0.072121	-0.202883
0.119779	0.118443	-0.071663	-0.204991
0.119591	0.119623	-0.072437	-0.203772
0.119763	0.119513	-0.070904	-0.204503
0.119616	0.121188	-0.070543	-0.202923
0.119853	0.122437	-0.069129	-0.203835
0.119370	0.120432	-0.068946	-0.204392
0.123146	0.121545	-0.067276	-0.203076
0.125125	0.120144	-0.066116	-0.202911
0.124467	0.120981	-0.065387	-0.204069
0.124943	0.122988	-0.063883	-0.203367
0.124500	0.122263	-0.065138	-0.203233
0.124909	0.122337	-0.062508	-0.201476
0.124559	0.122589	-0.060665	-0.203671
0.124969	0.122581	-0.061275	-0.203701
0.124380	0.123325	-0.061051	-0.203554
0.128379	0.124787	-0.060116	-0.204459
0.130068	0.126181	-0.060825	-0.202337
0.129792	0.127021	-0.059879	-0.204234
0.129831	0.124460	-0.059369	-0.202778
0.129782	0.123869	-0.057640	-0.202608
0.129757	0.126521	-0.058295	-0.202555
0.129927	0.126563	-0.058466	-0.204125
0.129506	0.126741	-0.057580	-0.203567
0.131003	0.124394	-0.057069	-0.203240
0.135142	0.125350	-0.056106	-0.203166
0.134753	0.124470	-0.055990	-0.203562
0.134980	0.125519	-0.057964	-0.203083
0.134760	0.124203	-0.057676	-0.203537
0.134852	0.123505	-0.057283	-0.204305
0.134824	0.124409	-0.056477	-0.203011
0.134885	0.123959	-0.056160	-0.203782
0.134844	0.124036	-0.057712	-0.201480
0.134889	0.125442	-0.058881	-0.204290
0.134844	0.124022	-0.057322	-0.203958
0.134911	0.123933	-0.057310	-0.205046
0.134820	0.124440	-0.058968	-0.204721
0.134967	0.123897	-0.059052	-0.202471
0.134819	0.125370	-0.059692	-0.203369
0.134881	0.123708	-0.057942	-0.203318
0.134801	0.124830	-0.058446	-0.201860
0.134900	0.123542	-0.059052	-0.202421
0.134847	0.121665	-0.060030	-0.203790
0.134871	0.121306	-0.060918	-0.200815
0.134821	0.122097	-0.061840	-0.204110
0.134836	0.120469	-0.061771	-0.203590
0.134844	0.118383	-0.064357	-0.201614
0.134898	0.120318	-0.067053	-0.202075
0.134786	0.119462	-0.068178	-0.204065
0.134840	0.118748	-0.068952	-0.202935
0.134761	0.119143	-0.071052	-0.204125
0.134924	0.118052	-0.074459	-0.203407
0.134837	0.121250	-0.076225	-0.202451
0.134870	0.120765	-0.076754	-0.203288
0.134781	0.119996	-0.079034	-0.202266
0.134948	0.121299	-0.081045	-0.202821
0.134806	0.121974	-0.082592	-0.204947
0.134954	0.121744	-0.083546	-0.202962
0.134871	0.123510	-0.086194	-0.203985
0.138877	0.122640	-0.088590	-0.203731
0.140138	0.123217	-0.087734	-0.203212
0.139667	0.125891	-0.088056	-0.203555
0.139857	0.125862	-0.089402	-0.202890
0.139808	0.125605	-0.089172	-0.203085
0.139905	0.127838	-0.088764	-0.202754
0.139768	0.127354	-0.088883	-0.203019
0.139849	0.127433	-0.088673	-0.202204
0.139768	0.129280	-0.087808	-0.203448
0.139911	0.129594	-0.088339	-0.203699
0.139675	0.131038	-0.088190	-0.204696
0.139913	0.131312	-0.087834	-0.201771
0.139635	0.131968	-0.086125	-0.203522
0.140002	0.134166	-0.084163	-0.204251
0.139491	0.131406	-0.084680	-0.200698
0.141580	0.135340	-0.084364	-0.202425
0.144906	0.136669	-0.083286	-0.203160
0.144392	0.137737	-0.081814	-0.203481
0.144648	0.139521	-0.082454	-0.202098
0.144526	0.141552	-0.083310	-0.203522
0.144649	0.141384	-0.082690	-0.204065
0.144544	0.144263	-0.082995	-0.201078
0.144559	0.144027	-0.082675	-0.202620
0.144549	0.144534	-0.083126	-0.202915
0.144651	0.145724	-0.082349	-0.204056
0.148801	0.147097	-0.081334	-0.204602
0.149748	0.147146	-0.079524	-0.203569
0.149479	0.148241	-0.077974	-0.203853
0.149661	0.146774	-0.075859	-0.203679
0.149502	0.147476	-0.075060	-0.202619
0.149620	0.147294	-0.072586	-0.204357
0.149503	0.147031	-0.071068	-0.203085
0.149596	0.145866	-0.069727	-0.202160
0.149511	0.144951	-0.068105	-0.203145
0.149566	0.143194	-0.066732	-0.203240
0.149542	0.143574	-0.064626	-0.203060
0.149565	0.143854	-0.063466	-0.204105
0.149630	0.142640	-0.061236	-0.202941
0.149622	0.141915	-0.061150	-0.201812
0.149576	0.140854	-0.058923	-0.202907
0.149616	0.138960	-0.057890	-0.203908
0.149577	0.138654	-0.056831	-0.203753
0.149619	0.138077	-0.054512	-0.202218
0.149577	0.137857	-0.054091	-0.204674
0.149597	0.135830	-0.052497	-0.203700
0.149602	0.134399	-0.052691	-0.203547
0.149612	0.134517	-0.053376	-0.203361
0.149521	0.134126	-0.055329	-0.201887
0.149616	0.132038	-0.055470	-0.202834
0.149621	0.132750	-0.056731	-0.204060
0.149488	0.131049	-0.057384	-0.202579
0.149629	0.131144	-0.058647	-0.203232
0.149553	0.131218	-0.060264	-0.202693
0.149588	0.130344	-0.059599	-0.202764
0.149612	0.129564	-0.063400	-0.202912
0.149608	0.127798	-0.063797	-0.203180
0.149593	0.127759	-0.065148	-0.203611
0.149577	0.127689	-0.066476	-0.201667
0.149565	0.126113	-0.066431	-0.202948
0.149672	0.123664	-0.067816	-0.202507
0.149537	0.123830	-0.067946	-0.201653
0.149636	0.122203	-0.069721	-0.202520
0.149575	0.121811	-0.069425	-0.202029
0.149608	0.118485	-0.068242	-0.203755
0.149487	0.117053	-0.069935	-0.203301
0.149665	0.117922	-0.070638	-0.201187
0.149608	0.114578	-0.070737	-0.202603
0.149580	0.114754	-0.070485	-0.202545
0.149545	0.113686	-0.072162	-0.201678
0.149652	0.112874	-0.072893	-0.203372
0.149552	0.110608	-0.074028	-0.203837
0.149612	0.108694	-0.074499	-0.201431
0.149481	0.110946	-0.073972	-0.203398
0.149676	0.108866	-0.075898	-0.203456
0.149430	0.109581	-0.075916	-0.202218
0.150055	0.109253	-0.076931	-0.203036
0.154332	0.107808	-0.076803	-0.202695
0.154804	0.107728	-0.076893	-0.203653
0.154574	0.106701	-0.078133	-0.203386
0.154910	0.105312	-0.076398	-0.203931
0.154200	0.106419	-0.075485	-0.203322
0.157392	0.107820	-0.076284	-0.202662
0.160118	0.105733	-0.075263	-0.204013
0.159430	0.106967	-0.073794	-0.201523
0.159889	0.106404	-0.073424	-0.204041
0.159379	0.103062	-0.073789	-0.202649
0.159992	0.106240	-0.071579	-0.203091
0.159522	0.107002	-0.069463	-0.202203
0.159902	0.106036	-0.070183	-0.204137
0.159484	0.106294	-0.071009	-0.201801
0.159903	0.106675	-0.069778	-0.203951
0.159272	0.107606	-0.070272	-0.205356
0.160722	0.107121	-0.070495	-0.202362
0.161637	0.108440	-0.070628	-0.202415
0.159236	0.108323	-0.072260	-0.202039
0.159914	0.110784	-0.071517	-0.202657
0.159507	0.109954	-0.071347	-0.203174
0.159854	0.110779	-0.071098	-0.202413
0.159521	0.109661	-0.069629	-0.203173
0.159846	0.111846	-0.068865	-0.203200
0.159615	0.112147	-0.068203	-0.205068
0.159818	0.111457	-0.064545	-0.203735
0.159572	0.110518	-0.062523	-0.203327
0.159810	0.109410	-0.062152	-0.204705
0.159542	0.108549	-0.061115	-0.203186
0.159901	0.107646	-0.061650	-0.203643
0.159494	0.109335	-0.063400	-0.203520
0.160158	0.108435	-0.060162	-0.203625
0.156539	0.108064	-0.061388	-0.203062
0.154392	0.106252	-0.065156	-0.203205
0.154807	0.108485	-0.065366	-0.204157
0.154746	0.108930	-0.069084	-0.204162
0.154480	0.109263	-0.071796	-0.204097
0.154974	0.112148	-0.072762	-0.203328
0.151541	0.113819	-0.075507	-0.204228
0.149078	0.115090	-0.076179	-0.204890
0.149810	0.116444	-0.075429	-0.203170
0.149379	0.115923	-0.076869	-0.204816
0.149754	0.116714	-0.078831	-0.203332
0.149434	0.118343	-0.080747	-0.203338
0.149755	0.119045	-0.081617	-0.202824
0.149287	0.120015	-0.083893	-0.203729
0.149898	0.122564	-0.083667	-0.203629
0.148555	0.120983	-0.082942	-0.202361
0.144640	0.120456	-0.084651	-0.201904
0.144579	0.122421	-0.083056	-0.202862
0.144570	0.123470	-0.082960	-0.203457
0.144495	0.123370	-0.083411	-0.202665
0.144782	0.126658	-0.081689	-0.202348
0.143694	0.124651	-0.082878	-0.203338
0.139767	0.122432	-0.081782	-0.202829
0.139863	0.123644	-0.079356	-0.202093
0.139861	0.125964	-0.079980	-0.203519
0.139807	0.124823	-0.078996	-0.203604
0.139826	0.126697	-0.081153	-0.202403
0.139859	0.128155	-0.079180	-0.202574
0.139874	0.128552	-0.078613	-0.202558
0.139724	0.127863	-0.078439	-0.202630
0.140088	0.129972	-0.077907	-0.202421
0.139609	0.131238	-0.077408	-0.201119
0.143191	0.128165	-0.074838	-0.203060
0.144814	0.130907	-0.073160	-0.203555
0.144582	0.130354	-0.073958	-0.202589
0.144580	0.132552	-0.073383	-0.202224
0.144659	0.132779	-0.073686	-0.202471
0.144357	0.133527	-0.073395	-0.202217
0.148057	0.134747	-0.074212	-0.203218
0.149937	0.135359	-0.074387	-0.203051
0.149384	0.135276	-0.073380	-0.202744
0.149804	0.138013	-0.073682	-0.202188
0.149496	0.137319	-0.072673	-0.201870
0.149593	0.137841	-0.073478	-0.202038
0.149506	0.137485	-0.073202	-0.201225
0.149593	0.138131	-0.072400	-0.203430
0.149501	0.137817	-0.073651	-0.202777
0.149546	0.137508	-0.074149	-0.201650
0.149531	0.140075	-0.076220	-0.202387
0.149611	0.139009	-0.076641	-0.202228
0.149548	0.137991	-0.075931	-0.202232
0.149507	0.138295	-0.076753	-0.204115
0.149645	0.138388	-0.075198	-0.203094
0.149504	0.137686	-0.075045	-0.202006
0.149746	0.138445	-0.074328	-0.204580
0.149307	0.137943	-0.074840	-0.202989
0.151037	0.138345	-0.074676	-0.202312
0.154924	0.138810	-0.074708	-0.203366
0.154444	0.137739	-0.075996	-0.203098
0.154817	0.137508	-0.077675	-0.202858
0.154531	0.135687	-0.076653	-0.201832
0.154706	0.135439	-0.078477	-0.203443
0.154625	0.134123	-0.079405	-0.202005
0.154753	0.134546	-0.081290	-0.201286
0.154519	0.132754	-0.083567	-0.203275
0.154915	0.131541	-0.085780	-0.202824
0.154344	0.132468	-0.086597	-0.203711
0.156242	0.130946	-0.088106	-0.202477
0.159995	0.131716	-0.088437	-0.204349
0.159489	0.130217	-0.089558	-0.203415
0.159729	0.129383	-0.091656	-0.202739
0.159572	0.127490	-0.091865	-0.203180
0.159773	0.129183	-0.092509	-0.203586
0.159591	0.126700	-0.092542	-0.201895
0.159798	0.126714	-0.094993	-0.203245
0.159662	0.127915	-0.094608	-0.202497
0.159725	0.125583	-0.096087	-0.201211
0.159682	0.126021	-0.098884	-0.202231
0.159751	0.126796	-0.099980	-0.204474
0.159677	0.125802	-0.099996	-0.201435
0.159675	0.124540	-0.102590	-0.202807
0.159654	0.123693	-0.102536	-0.201102
0.159665	0.124343	-0.101569	-0.201734
0.159681	0.123903	-0.102483	-0.202604
0.159640	0.122284	-0.101964	-0.203011
0.159625	0.123725	-0.102851	-0.204184
0.159669	0.123927	-0.102644	-0.202454
0.159664	0.123629	-0.102295	-0.203696
0.159646	0.123918	-0.103453	-0.204116
0.159677	0.123480	-0.100960	-0.203547
0.159674	0.121691	-0.101444	-0.203898
0.159685	0.122153	-0.101550	-0.202363
0.159710	0.122366	-0.098764	-0.202690
0.159671	0.120631	-0.095310	-0.204506
0.159651	0.119149	-0.095681	-0.200928
0.159679	0.120320	-0.094445	-0.204126
0.159634	0.121182	-0.091464	-0.201808
0.159696	0.121473	-0.091401	-0.204265
0.159660	0.120499	-0.089921	-0.204172
0.159682	0.120846	-0.087841	-0.202918
0.159671	0.122390	-0.087003	-0.203511
0.159746	0.121486	-0.083474	-0.203840
0.159691	0.123380	-0.083537	-0.204444
0.159749	0.123303	-0.083400	-0.204825
0.159685	0.122047	-0.080221	-0.204313
0.159824	0.124589	-0.078601	-0.204332
0.159602	0.124942	-0.076805	-0.204644
0.159772	0.127067	-0.078972	-0.204334
0.159497	0.127225	-0.077467	-0.203040
0.160100	0.128504	-0.077069	-0.201840
0.157600	0.128510	-0.076184	-0.204626
0.154291	0.128949	-0.076675	-0.205016
0.154869	0.129415	-0.077950	-0.204513
0.154558	0.129952	-0.077981	-0.203363
0.154798	0.131169	-0.077584	-0.203364
0.154733	0.132160	-0.078233	-0.206073
0.154756	0.131883	-0.078625	-0.203130
0.154486	0.133949	-0.081370	-0.202753
0.150204	0.134341	-0.081491	-0.203212
0.149403	0.135437	-0.083289	-0.204632
0.149611	0.137055	-0.085021	-0.203067
0.149548	0.136312	-0.084553	-0.202778
0.149402	0.139077	-0.085627	-0.203597
0.145226	0.139412	-0.089531	-0.204240
0.144417	0.140149	-0.088970	-0.202977
0.144708	0.140227	-0.087622	-0.203331
0.144283	0.141174	-0.088014	-0.205696
0.144999	0.143007	-0.089482	-0.203545
0.142326	0.143811	-0.089626	-0.204914
0.139417	0.143579	-0.091986	-0.204035
0.140084	0.144510	-0.093831	-0.204419
0.139779	0.148210	-0.095994	-0.201578
0.139963	0.147906	-0.095636	-0.203634
0.139734	0.150374	-0.098574	-0.203770
0.139980	0.151192	-0.100916	-0.204937
0.139851	0.152776	-0.101177	-0.203693
0.139893	0.154425	-0.102330	-0.204199
0.139798	0.154056	-0.104389	-0.204071
0.139844	0.157177	-0.104946	-0.204047
0.139764	0.157895	-0.105325	-0.202320
0.139933	0.158179	-0.105518	-0.203052
0.139898	0.159927	-0.105972	-0.203670
0.139822	0.159750	-0.105795	-0.202496
0.139887	0.161822	-0.103935	-0.202538
0.139920	0.160031	-0.103948	-0.203669
0.139782	0.161595	-0.104821	-0.203644
0.139903	0.161098	-0.104261	-0.203210
0.139833	0.162865	-0.102197	-0.202962
0.139873	0.162406	-0.101964	-0.202690
0.139753	0.162501	-0.101134	-0.202313
0.139889	0.162761	-0.102486	-0.203037
0.139784	0.161686	-0.100725	-0.203270
0.139921	0.163641	-0.099057	-0.202010
0.139740	0.163233	-0.099252	-0.202968
0.140060	0.164400	-0.098040	-0.203116
0.139533	0.164584	-0.097632	-0.202623
0.142313	0.165343	-0.096639	-0.202098
0.145063	0.165180	-0.097224	-0.202764
0.144235	0.164243	-0.097655	-0.202662
0.144845	0.165620	-0.095518	-0.203466
0.144215	0.166576	-0.094656	-0.203170
0.144921	0.165192	-0.095725	-0.202786
0.144096	0.168478	-0.095132	-0.201405
0.147401	0.168246	-0.093463	-0.203361
0.149963	0.167184	-0.096200	-0.203120
0.149497	0.168552	-0.094755	-0.201776
0.149693	0.169877	-0.097097	-0.202145
0.149591	0.170035	-0.097076	-0.203975
0.149429	0.171419	-0.098322	-0.202875
0.150094	0.171718	-0.096865	-0.203616
0.154543	0.172949	-0.096335	-0.204355
0.154592	0.171548	-0.096588	-0.202826
0.154716	0.171677	-0.095880	-0.203278
0.154686	0.171845	-0.094203	-0.202120
0.154674	0.171741	-0.093230	-0.202261
0.154652	0.174487	-0.093035	-0.203716
0.154694	0.171640	-0.092391	-0.201583
0.154765	0.174301	-0.094460	-0.202264
0.154602	0.171628	-0.094752	-0.202599
0.154798	0.172393	-0.093154	-0.202058
0.154558	0.172135	-0.093227	-0.204447
0.155456	0.174658	-0.095582	-0.203232
0.159656	0.173391	-0.096226	-0.201587
0.159679	0.172368	-0.097991	-0.202777
0.159606	0.172562	-0.098507	-0.202618
0.159715	0.172555	-0.098769	-0.203272
0.159632	0.173054	-0.097969	-0.204041
0.159807	0.171867	-0.097738	-0.202366
0.159550	0.170557	-0.099906	-0.201738
0.159941	0.170180	-0.099873	-0.203906
0.159356	0.168862	-0.101058	-0.202809
0.162864	0.169349	-0.098718	-0.204162
0.165142	0.165804	-0.099966	-0.203094
0.164560	0.162586	-0.098142	-0.201816
0.165044	0.164317	-0.100143	-0.202609
0.164633	0.161945	-0.099148	-0.203680
0.164877	0.158729	-0.098646	-0.202806
0.164745	0.156438	-0.096829	-0.203496
0.164847	0.155402	-0.095548	-0.202604
0.164851	0.155108	-0.095890	-0.202867
0.164776	0.153127	-0.095596	-0.202356
0.164836	0.152946	-0.096374	-0.202362
0.164783	0.150882	-0.096932	-0.201945
0.164780	0.151482	-0.097190	-0.201644
0.164850	0.150855	-0.097709	-0.203244
0.164844	0.151126	-0.099105	-0.202355
0.164827	0.150123	-0.101916	-0.202123
0.164865	0.153882	-0.099570	-0.202883
0.164672	0.151940	-0.099154	-0.203141
0.164891	0.150319	-0.100045	-0.202407
0.164608	0.153191	-0.100306	-0.202942
0.165693	0.151895	-0.100525	-0.203181
0.169869	0.150567	-0.097681	-0.202167
0.169708	0.152059	-0.098750	-0.203443
0.169884	0.150238	-0.098183	-0.202048
0.169734	0.150766	-0.096486	-0.200865
0.169884	0.151305	-0.097640	-0.201936
0.169724	0.150400	-0.095986	-0.203467
0.169858	0.149975	-0.094839	-0.203072
0.169677	0.150703	-0.093268	-0.201342
0.169854	0.150350	-0.090090	-0.201701
0.169789	0.149026	-0.088997	-0.201584
0.169896	0.147555	-0.088111	-0.201582
0.169651	0.148559	-0.088532	-0.201058
0.169935	0.146340	-0.086931	-0.203497
0.169571	0.147284	-0.085071	-0.202152
0.173321	0.146395	-0.085340	-0.203477
0.175099	0.147010	-0.082761	-0.202596
0.174642	0.146733	-0.085167	-0.202035
0.174899	0.146861	-0.084162	-0.201481
0.174714	0.147572	-0.087226	-0.201228
0.174846	0.145927	-0.087422	-0.201460
0.174780	0.146803	-0.086889	-0.200528
0.174699	0.145907	-0.087450	-0.202943
0.174810	0.146674	-0.087585	-0.201803
0.174750	0.147807	-0.088227	-0.203208
0.174859	0.148381	-0.089961	-0.203153
0.174652	0.148716	-0.090833	-0.202267
0.174983	0.148060	-0.091133	-0.202581
0.174470	0.149743	-0.091689	-0.201468
0.176187	0.148449	-0.091964	-0.202070
0.180125	0.147663	-0.093246	-0.202099
0.179731	0.146648	-0.091189	-0.201902
0.179998	0.147940	-0.090440	-0.201843
0.179829	0.146046	-0.089258	-0.202708
0.179932	0.147429	-0.088738	-0.203948
0.179892	0.147691	-0.087612	-0.203101
0.179931	0.146349	-0.087566	-0.203825
0.179842	0.145003	-0.086995	-0.201817
0.179863	0.143129	-0.085100	-0.203030
0.179903	0.144601	-0.082631	-0.202946
0.179842	0.140254	-0.082505	-0.203027
0.179918	0.139475	-0.079697	-0.203857
0.179835	0.139179	-0.079525	-0.202985
0.179882	0.138808	-0.082602	-0.203297
0.179884	0.138428	-0.083101	-0.203665
0.179938	0.136607	-0.081753	-0.202418
0.179785	0.133457	-0.081651	-0.204117
0.179991	0.134280	-0.082588	-0.201871
0.179720	0.133750	-0.084191	-0.203814
0.180030	0.133919	-0.083474	-0.201926
0.179603	0.132899	-0.085205	-0.203224
0.180386	0.131423	-0.087530	-0.201438
0.177973	0.130807	-0.088203	-0.202842
0.176061	0.129682	-0.087907	-0.203297
0.180881	0.130155	-0.089888	-0.202570
0.177857	0.130245	-0.093007	-0.203884
0.174714	0.129533	-0.093879	-0.202575
0.174750	0.127703	-0.093143	-0.203398
0.174790	0.128765	-0.093824	-0.202728
0.174703	0.126991	-0.094119	-0.203327
0.174909	0.126700	-0.093764	-0.201123
0.174681	0.124628	-0.094483	-0.202989
0.174877	0.125563	-0.092919	-0.201652
0.170969	0.124277	-0.091015	-0.203193
0.169528	0.124293	-0.091211	-0.202606
0.169961	0.125682	-0.090001	-0.202834
0.169577	0.125933	-0.092063	-0.202952
0.169884	0.124828	-0.089865	-0.202544
0.165601	0.121646	-0.090743	-0.204023
0.164633	0.123261	-0.089139	-0.203262
0.164854	0.122213	-0.087517	-0.203422
0.164819	0.120974	-0.085869	-0.203156
0.164751	0.120476	-0.084534	-0.203188
0.164852	0.119571	-0.084345	-0.202335
0.164609	0.120165	-0.083868	-0.203227
0.164832	0.120041	-0.084534	-0.202393
0.164634	0.118216	-0.082784	-0.202048
0.164969	0.117575	-0.082954	-0.202737
0.164417	0.118458	-0.079808	-0.203207
0.166729	0.115227	-0.077418	-0.203579
0.170192	0.114860	-0.076436	-0.203497
0.169603	0.113454	-0.075151	-0.203032
0.169972	0.112602	-0.073969	-0.201917
0.169670	0.112786	-0.074442	-0.202847
0.169907	0.111269	-0.071663	-0.202816
0.169691	0.111364	-0.070129	-0.203150
0.169766	0.108347	-0.071680	-0.202771
0.169709	0.109443	-0.070677	-0.204114
0.169779	0.108120	-0.069939	-0.205072
0.169741	0.106440	-0.067079	-0.202926
0.169776	0.107375	-0.064808	-0.204031
0.169863	0.107278	-0.065535	-0.203304
0.169793	0.106149	-0.066570	-0.201531
0.169842	0.106217	-0.063758	-0.202109
0.169825	0.106403	-0.066245	-0.203584
0.169750	0.104427	-0.065364	-0.202277
0.169828	0.105674	-0.062959	-0.203475
0.169706	0.103272	-0.060992	-0.202824
0.169779	0.102922	-0.058377	-0.203346
0.169832	0.103035	-0.057066	-0.202981
0.169735	0.103439	-0.057627	-0.204631
0.169800	0.102928	-0.056827	-0.203902
0.169770	0.102858	-0.057771	-0.203129
0.169519	0.101985	-0.058686	-0.202202
0.165176	0.104057	-0.059548	-0.203113
0.164821	0.105223	-0.061616	-0.203512
0.164765	0.106195	-0.060922	-0.202811
0.164831	0.106154	-0.064630	-0.204451
0.164555	0.106543	-0.066615	-0.201843
0.165224	0.108457	-0.068382	-0.201736
0.162380	0.109209	-0.069647	-0.203615
0.159315	0.109862	-0.074177	-0.202705
0.159946	0.109551	-0.076125	-0.202922
0.159600	0.111338	-0.076931	-0.202849
0.159690	0.111900	-0.077769	-0.202842
0.159651	0.112716	-0.078732	-0.202895
0.159358	0.113410	-0.080194	-0.202898
0.155097	0.112430	-0.082291	-0.203621
0.154639	0.113932	-0.086218	-0.203779
0.154805	0.114033	-0.086860	-0.202710
0.154560	0.112278	-0.084704	-0.203480
0.154795	0.114251	-0.085212	-0.202777
0.154491	0.112684	-0.084452	-0.203956
0.155088	0.113057	-0.085459	-0.203564
0.152005	0.110983	-0.083883	-0.204912
0.149196	0.111399	-0.082593	-0.203353
0.149729	0.110671	-0.082493	-0.202291
0.149414	0.111278	-0.079555	-0.203005
0.149759	0.110368	-0.076710	-0.203285
0.149479	0.109108	-0.075755	-0.204780
0.149620	0.107296	-0.072782	-0.203220
0.149540	0.105770	-0.071548	-0.204568
0.149641	0.104530	-0.071780	-0.203452
0.149575	0.104932	-0.069059	-0.202099
0.149587	0.104653	-0.069095	-0.202090
0.149943	0.100448	-0.068089	-0.202482
0.154506	0.100431	-0.066506	-0.202559
0.154693	0.099126	-0.064844	-0.202598
0.154676	0.098284	-0.064185	-0.203071
0.154627	0.097793	-0.062849	-0.204156
0.154770	0.096887	-0.063726	-0.202105
0.154625	0.096633	-0.061359	-0.203470
0.154767	0.096603	-0.058562	-0.203433
0.154565	0.095429	-0.058565	-0.202685
0.154886	0.096386	-0.059000	-0.203437
0.154306	0.094236	-0.056998	-0.201535
0.157599	0.093872	-0.057108	-0.203611
0.160193	0.095004	-0.055065	-0.203460
0.159452	0.096766	-0.055386	-0.202772
0.159838	0.096970	-0.057430	-0.203213
0.159539	0.097021	-0.055416	-0.202816
0.159857	0.096548	-0.056442	-0.203491
0.159625	0.099581	-0.055312	-0.203287
0.159805	0.100182	-0.056001	-0.203517
0.159583	0.098393	-0.057669	-0.202853
0.159961	0.100816	-0.058336	-0.203306
0.158996	0.101070	-0.057948	-0.202515
0.154836	0.101871	-0.060824	-0.204592
0.154671	0.102323	-0.061717	-0.203161
0.154721	0.104310	-0.061330	-0.203213
0.154763	0.105904	-0.063927	-0.204731
0.154666	0.106761	-0.064501	-0.204478
0.154722	0.108572	-0.067248	-0.202948
0.154703	0.108591	-0.066377	-0.202923
0.154687	0.112438	-0.072336	-0.204972
0.154678	0.114149	-0.073477	-0.204431
0.154674	0.115440	-0.077651	-0.203403
0.154703	0.118101	-0.078506	-0.202583
0.154815	0.119209	-0.078848	-0.203596
0.154597	0.120076	-0.081786	-0.202616
0.154795	0.121103	-0.082621	-0.202704
0.154538	0.122132	-0.084570	-0.203681
0.155121	0.124742	-0.085489	-0.202940
0.151415	0.124853	-0.087292	-0.204080
0.149252	0.125785	-0.087156	-0.202145
0.149772	0.127127	-0.090800	-0.204105
0.149437	0.128047	-0.092062	-0.205051
0.149706	0.129787	-0.091747	-0.203859
0.149504	0.131369	-0.091984	-0.203213
0.149624	0.133581	-0.091387	-0.204558
0.149442	0.130835	-0.091935	-0.203331
0.149726	0.131951	-0.092844	-0.204208
0.149488	0.135226	-0.090380	-0.202713
0.149621	0.136689	-0.091248	-0.202782
0.149467	0.135863	-0.091975	-0.202882
0.149617	0.136181	-0.090803	-0.203124
0.149499	0.136818	-0.090709	-0.202728
0.149745	0.136525	-0.092733	-0.203561
0.149300	0.135838	-0.091353	-0.203495
0.153050	0.136572	-0.089337	-0.203516
0.155120	0.136912	-0.086953	-0.204149
0.154492	0.136943	-0.085519	-0.202995
0.154899	0.135471	-0.085506	-0.203552
0.154531	0.135112	-0.085400	-0.202979
0.154955	0.135390	-0.082682	-0.202266
0.154388	0.135605	-0.082915	-0.204135
0.155930	0.134467	-0.081371	-0.203015
0.159782	0.133029	-0.079985	-0.203020
0.159624	0.133380	-0.081377	-0.204218
0.159787	0.133271	-0.080822	-0.204344
0.159706	0.133077	-0.080019	-0.203272
0.159696	0.131024	-0.079242	-0.203663
0.159706	0.129687	-0.077562	-0.201793
0.159563	0.129790	-0.076948	-0.202252
0.159851	0.130364	-0.076616	-0.203104
0.159508	0.127485	-0.074364	-0.203021
0.160922	0.126053	-0.074982	-0.202370
0.165037	0.124298	-0.072383	-0.202512
0.164662	0.121820	-0.070782	-0.203035
0.164965	0.123058	-0.071168	-0.202862
0.164733	0.121178	-0.069147	-0.203495
0.164906	0.120203	-0.068550	-0.204135
0.164785	0.118766	-0.065986	-0.203292
0.164933	0.116481	-0.064194	-0.202985
0.164692	0.116430	-0.064067	-0.202221
0.164965	0.115838	-0.060968	-0.204233
0.164615	0.114312	-0.060972	-0.203453
0.165033	0.115586	-0.061435	-0.204007
0.164342	0.113539	-0.062867	-0.203684
0.166245	0.111253	-0.061775	-0.203047
0.170056	0.111697	-0.063810	-0.203617
0.169641	0.110839	-0.064789	-0.203723
0.169808	0.110140	-0.064077	-0.203718
0.169720	0.109687	-0.066515	-0.203577
0.169819	0.110100	-0.066940	-0.203450
0.169853	0.108509	-0.068306	-0.202962
0.169733	0.109501	-0.069475	-0.202496
0.169899	0.108617	-0.070523	-0.202296
0.165872	0.109126	-0.072407	-0.203399
0.164486	0.108950	-0.074555	-0.202935
0.164919	0.109954	-0.076080	-0.202842
0.164716	0.110224	-0.077715	-0.203949
0.164792	0.109506	-0.079025	-0.203887
0.164817	0.109468	-0.080208	-0.202747
0.164780	0.108454	-0.080585	-0.205157
0.164819	0.107379	-0.080661	-0.203085
0.164750	0.108244	-0.080771	-0.203750
0.164800	0.106942	-0.080244	-0.204063
0.164722	0.105014	-0.079944	-0.203527
0.164814	0.105650	-0.079226	-0.202545
0.164704	0.103444	-0.077160	-0.203179
0.165053	0.102794	-0.074991	-0.202586
0.163071	0.101461	-0.074614	-0.203175
0.159344	0.100272	-0.074078	-0.201692
0.160025	0.099463	-0.073524	-0.203282
0.159445	0.099173	-0.073899	-0.203208
0.159809	0.097035	-0.072764	-0.202808
0.159624	0.098136	-0.073398	-0.203774
0.159940	0.097033	-0.072468	-0.203604
0.159223	0.096295	-0.071645	-0.204018
0.161584	0.096122	-0.069404	-0.203171
0.165177	0.093333	-0.068867	-0.203891
0.164548	0.093331	-0.069055	-0.202392
0.164936	0.092882	-0.067736	-0.203817
0.164765	0.091756	-0.068771	-0.203799
0.164836	0.089955	-0.065925	-0.203565
0.164658	0.090392	-0.066198	-0.202823
0.164855	0.089173	-0.065092	-0.203542
0.160441	0.086761	-0.062181	-0.203645
0.159507	0.087037	-0.060155	-0.203185
0.159753	0.084359	-0.062929	-0.202097
0.159654	0.085075	-0.057924	-0.203899
0.159735	0.083511	-0.056976	-0.202204
0.159631	0.081960	-0.053585	-0.202604
0.159709	0.081351	-0.050019	-0.202684
0.159710	0.079429	-0.047483	-0.203292
0.159676	0.078178	-0.046129	-0.203114
0.159670	0.076838	-0.044220	-0.201718
0.159670	0.079701	-0.046558	-0.204125
0.159729	0.077402	-0.046003	-0.203699
0.159706	0.078114	-0.045350	-0.204260
0.159759	0.078915	-0.044616	-0.201407
0.159659	0.079388	-0.044242	-0.202356
0.159570	0.079093	-0.046830	-0.203233
0.155315	0.079877	-0.044435	-0.204517
0.154544	0.079854	-0.046024	-0.203322
0.154750	0.079961	-0.045827	-0.203562
0.154722	0.080736	-0.047315	-0.204266
0.154742	0.082811	-0.047374	-0.203465
0.154732	0.082858	-0.048915	-0.202771
0.154711	0.083485	-0.049630	-0.202976
0.154737	0.085464	-0.052164	-0.204229
0.154561	0.086553	-0.053022	-0.202679
0.154825	0.088670	-0.053490	-0.203056
0.154482	0.089784	-0.054775	-0.202184
0.155171	0.091615	-0.055715	-0.203897
0.152473	0.092267	-0.058167	-0.203007
0.149183	0.093357	-0.059103	-0.203649
0.149805	0.093519	-0.060327	-0.203888
0.149427	0.096376	-0.062334	-0.203071
0.149649	0.097719	-0.064889	-0.203143
0.149493	0.098071	-0.064760	-0.203318
0.149433	0.099054	-0.067485	-0.202626
0.145044	0.100431	-0.068030	-0.203359
0.144566	0.103182	-0.069949	-0.202833
0.144632	0.103805	-0.072211	-0.202350
0.144574	0.104798	-0.073880	-0.203864
0.144558	0.107105	-0.074590	-0.204231
0.144582	0.106419	-0.077034	-0.204119
0.144499	0.106672	-0.075569	-0.202955
0.144678	0.108842	-0.076905	-0.203418
0.144577	0.109929	-0.077620	-0.202738
0.144525	0.110521	-0.076532	-0.202982
0.144559	0.111746	-0.078544	-0.203115
0.144541	0.111287	-0.078838	-0.204922
0.144598	0.111926	-0.077893	-0.202466
0.144531	0.111133	-0.077232	-0.203145
0.144556	0.114226	-0.079249	-0.203164
0.144598	0.114193	-0.078079	-0.202560
0.144561	0.114215	-0.078373	-0.203714
0.144643	0.112815	-0.077843	-0.204784
0.144640	0.115976	-0.077759	-0.204472
0.144490	0.114979	-0.076894	-0.202918
0.144561	0.114175	-0.077020	-0.203292
0.144525	0.114521	-0.075451	-0.202710
0.144682	0.113750	-0.074636	-0.204241
0.144549	0.114067	-0.074342	-0.204031
0.144662	0.114001	-0.074092	-0.204224
0.144541	0.113201	-0.073066	-0.204596
0.144653	0.113570	-0.072077	-0.204437
0.144434	0.114777	-0.073244	-0.203654
0.144819	0.113434	-0.071871	-0.203447
0.144262	0.112457	-0.072391	-0.206389
0.147278	0.112845	-0.072800	-0.203225
0.150042	0.113993	-0.072092	-0.203817
0.149360	0.114175	-0.073132	-0.204883
0.149686	0.114262	-0.073882	-0.202821
