0.344837	0.454060	0.574778	0.188910
0.344767	0.454714	0.574348	0.191240
0.344903	0.454862	0.573477	0.191377
0.344748	0.453038	0.574274	0.189612
0.344902	0.455410	0.573951	0.190206
0.344695	0.454961	0.575019	0.191278
0.344851	0.453886	0.574678	0.190804
0.344670	0.454075	0.572861	0.190089
0.345025	0.455002	0.575024	0.190935
0.344481	0.455101	0.573674	0.191965
0.346160	0.455161	0.573431	0.191465
0.350029	0.455617	0.573694	0.190544
0.349755	0.455437	0.574251	0.189825
0.349844	0.455495	0.573020	0.190772
0.349919	0.454010	0.573678	0.190866
0.349741	0.454938	0.575119	0.191960
0.350200	0.456731	0.574202	0.189017
0.348494	0.454313	0.573690	0.191152
0.344545	0.455563	0.574187	0.191157
0.345012	0.455249	0.573520	0.189565
0.344736	0.453122	0.573253	0.190469
0.345030	0.453759	0.574039	0.190409
0.344741	0.455658	0.573492	0.189636
0.344901	0.455136	0.573700	0.190843
0.344694	0.455121	0.574063	0.190412
0.344869	0.454557	0.574063	0.190778
0.344810	0.453379	0.574605	0.189276
0.344883	0.455582	0.574624	0.190376
0.344754	0.455531	0.573868	0.191139
0.344790	0.455316	0.573990	0.190957
0.344817	0.454782	0.573699	0.191139
0.344834	0.454217	0.574154	0.190714
0.344822	0.455673	0.575564	0.191448
0.344795	0.454447	0.574718	0.191141
0.344828	0.455986	0.573651	0.192262
0.344874	0.455474	0.574239	0.191848
0.344823	0.455019	0.575150	0.191303
0.344794	0.455046	0.574486	0.191430
0.344862	0.455711	0.573907	0.191016
0.344887	0.454225	0.574476	0.189963
0.344837	0.454791	0.574531	0.190088
0.344832	0.455899	0.575533	0.191141
0.344825	0.454134	0.574929	0.189530
0.344878	0.454225	0.575197	0.191073
0.344703	0.454399	0.574365	0.190881
0.345037	0.455045	0.573720	0.191522
0.344498	0.454871	0.572822	0.192303
0.346290	0.455303	0.574355	0.190207
0.350281	0.455087	0.573288	0.190980
0.349578	0.456269	0.575741	0.191619
0.350121	0.454587	0.574639	0.190387
0.349486	0.454190	0.575108	0.190459
0.350311	0.454348	0.574338	0.191286
0.348000	0.453340	0.574321	0.191213
0.344447	0.454470	0.574319	0.191141
0.344986	0.452649	0.573559	0.189849
0.344723	0.454230	0.574326	0.190280
0.344847	0.454479	0.574118	0.190045
0.344719	0.454692	0.575321	0.191694
0.344803	0.454689	0.575148	0.190293
0.344825	0.454025	0.574605	0.190276
0.344820	0.455092	0.574804	0.190814
0.344852	0.455596	0.574596	0.191918
0.344639	0.454524	0.575118	0.191344
0.344834	0.456415	0.574230	0.191800
0.344665	0.455808	0.574386	0.191164
0.344932	0.456672	0.575793	0.189803
0.344647	0.455941	0.575435	0.191433
0.345071	0.456631	0.574885	0.190421
0.344378	0.455879	0.573535	0.188597
0.346955	0.455721	0.574440	0.191205
0.350222	0.455266	0.575341	0.189778
0.349649	0.456712	0.574428	0.191758
0.350047	0.455425	0.576186	0.191760
0.349795	0.454832	0.576124	0.190149
0.349938	0.456681	0.575585	0.191192
0.349765	0.455508	0.575001	0.189791
0.349955	0.456728	0.574323	0.191286
0.349836	0.456078	0.575472	0.191700
0.349977	0.455432	0.572486	0.190216
0.349839	0.455965	0.574955	0.190769
0.349872	0.455289	0.573406	0.190763
0.349929	0.455544	0.574480	0.191816
0.349939	0.455816	0.573029	0.190603
0.349849	0.454822	0.573828	0.191011
0.349924	0.454487	0.573992	0.189768
0.349826	0.456511	0.575689	0.190202
0.349900	0.456234	0.574532	0.189604
0.349847	0.455211	0.575367	0.190093
0.349921	0.455179	0.575803	0.190298
0.349914	0.454199	0.574355	0.190709
0.349854	0.454190	0.575738	0.190736
0.349914	0.454452	0.573160	0.190211
0.349807	0.456325	0.575059	0.191555
0.349885	0.453749	0.574619	0.190100
0.349915	0.455573	0.575002	0.192121
0.349862	0.455455	0.573873	0.189984
0.349842	0.455477	0.574623	0.190813
0.349866	0.457133	0.575046	0.189456
0.349829	0.454478	0.575019	0.191138
0.349918	0.454913	0.573108	0.190307
0.349911	0.456891	0.575221	0.190673
0.349827	0.456129	0.576726	0.190744
0.349827	0.452749	0.575341	0.190779
0.349839	0.455897	0.573722	0.191382
0.349849	0.455884	0.573722	0.189995
0.349851	0.455435	0.574611	0.190955
0.349809	0.455976	0.574086	0.191304
0.349906	0.455542	0.575460	0.190754
0.349832	0.455820	0.575104	0.190462
0.349846	0.454736	0.573950	0.192577
0.349835	0.455150	0.575109	0.190748
0.349914	0.457650	0.574360	0.190402
0.349856	0.455264	0.575477	0.190757
0.349861	0.454592	0.574214	0.190756
0.349835	0.455589	0.575327	0.191025
0.349889	0.454268	0.575221	0.190762
0.349866	0.454584	0.575009	0.191674
0.349850	0.455459	0.573791	0.191804
0.349949	0.455767	0.574779	0.190846
0.349950	0.454841	0.574219	0.189880
0.349884	0.456409	0.573880	0.191252
0.349825	0.455303	0.573273	0.189851
0.349930	0.455584	0.573932	0.190876
0.349857	0.456283	0.574512	0.189737
0.349830	0.455785	0.573411	0.190057
0.349919	0.454746	0.576355	0.190871
0.349814	0.456463	0.575054	0.191431
0.349832	0.455444	0.574583	0.190481
0.349899	0.455017	0.573717	0.190950
0.349870	0.454577	0.575435	0.191235
0.349820	0.455597	0.574256	0.191276
0.349880	0.455378	0.576639	0.191219
0.349839	0.455372	0.574714	0.190436
0.349929	0.456289	0.574218	0.190422
0.349905	0.456230	0.574174	0.191314
0.349856	0.455323	0.574908	0.190655
0.349861	0.456551	0.575727	0.190649
0.349850	0.455632	0.574307	0.189716
0.349915	0.454528	0.575391	0.190997
0.349875	0.455374	0.573832	0.190739
0.349908	0.455654	0.574017	0.190085
0.349875	0.455511	0.573773	0.190541
0.349948	0.456771	0.574339	0.190348
0.349929	0.455429	0.576536	0.190135
0.349869	0.455619	0.573077	0.189941
0.349839	0.455658	0.574561	0.189550
0.349881	0.455130	0.574609	0.191098
0.349812	0.454318	0.573494	0.190910
0.349920	0.455900	0.576333	0.190286
0.349919	0.455856	0.576310	0.190427
0.349935	0.454424	0.575173	0.190918
0.349931	0.456968	0.574971	0.190880
0.349891	0.455383	0.573912	0.189981
0.349916	0.454509	0.575284	0.190598
0.349994	0.454422	0.575404	0.190186
0.349849	0.456075	0.575242	0.190809
0.349827	0.456047	0.574972	0.191475
0.349926	0.454647	0.576820	0.189594
0.349914	0.456377	0.575851	0.189745
0.349869	0.454798	0.576030	0.189305
0.349895	0.457377	0.574936	0.189093
0.349921	0.456224	0.575148	0.191514
0.349875	0.455457	0.575962	0.191549
0.349931	0.456513	0.574843	0.191019
0.349878	0.457141	0.574801	0.191000
0.349785	0.456036	0.574487	0.191502
0.349835	0.455916	0.574228	0.191303
0.349829	0.457005	0.575287	0.191319
0.349950	0.455597	0.574624	0.190489
0.349827	0.456451	0.575053	0.190801
0.349886	0.456011	0.574616	0.189974
0.349809	0.456274	0.575729	0.190599
0.349867	0.455480	0.574615	0.190986
0.349879	0.456060	0.574742	0.191521
0.349851	0.454513	0.574819	0.189950
0.349926	0.456206	0.574119	0.189530
0.349900	0.454808	0.574699	0.191152
0.349870	0.455690	0.574321	0.191847
0.349874	0.454806	0.575048	0.191005
0.349820	0.455211	0.573918	0.190178
0.349865	0.455146	0.574497	0.190333
0.349849	0.454388	0.574848	0.191818
0.349867	0.454739	0.574532	0.190846
0.349969	0.455447	0.573643	0.191010
0.349831	0.454861	0.574753	0.190633
0.349899	0.456002	0.574172	0.189909
0.349884	0.455249	0.575660	0.190991
0.349869	0.454733	0.574159	0.189534
0.349920	0.454011	0.574070	0.189846
0.349898	0.454035	0.573789	0.190748
0.349855	0.454923	0.573718	0.189322
0.349905	0.456125	0.573386	0.190921
0.349885	0.456717	0.573532	0.189930
0.349849	0.455323	0.574256	0.190930
0.349938	0.455498	0.573903	0.190031
0.349921	0.455842	0.574485	0.190659
0.349851	0.455104	0.575287	0.191204
0.349839	0.454989	0.575289	0.190580
0.349893	0.454767	0.573260	0.190931
0.349884	0.453639	0.574367	0.191760
0.349860	0.456712	0.573466	0.190887
0.349786	0.455210	0.573393	0.190150
0.349834	0.456136	0.573549	0.191762
0.349869	0.453986	0.574684	0.190595
0.349899	0.455144	0.573156	0.191478
0.349871	0.455210	0.573709	0.189013
0.349874	0.454161	0.573989	0.191076
0.349872	0.454099	0.573373	0.190222
0.349852	0.455450	0.572920	0.190882
0.349859	0.455328	0.574981	0.190972
0.349884	0.455412	0.574276	0.190078
0.349885	0.454893	0.573386	0.190781
0.349855	0.453726	0.573938	0.189830
0.349857	0.454792	0.573702	0.189203
0.349903	0.453017	0.574149	0.190073
0.349814	0.453197	0.572956	0.191163
0.349929	0.453957	0.572656	0.190182
0.349722	0.454836	0.573827	0.189582
0.350113	0.455469	0.573199	0.190426
0.348381	0.453573	0.573852	0.190163
0.344297	0.454301	0.573007	0.190797
0.345283	0.455427	0.573997	0.190113
0.344310	0.452884	0.573209	0.190447
0.349469	0.455251	0.571155	0.190996
0.347976	0.455246	0.573485	0.189565
0.345935	0.454310	0.573480	0.190548
0.350561	0.453371	0.574149	0.188568
0.349302	0.454056	0.574512	0.189658
0.350490	0.454621	0.571706	0.192030
0.347903	0.455556	0.573811	0.190673
0.344583	0.454318	0.573945	0.191447
0.344881	0.454087	0.571894	0.192216
0.344735	0.455568	0.574486	0.189202
0.344812	0.455345	0.574074	0.190084
0.344814	0.453868	0.573263	0.191920
0.344810	0.454991	0.573663	0.190682
0.344813	0.453958	0.573960	0.190672
0.344819	0.453779	0.572242	0.190669
0.344819	0.453505	0.573927	0.190155
0.344857	0.453503	0.572836	0.189529
0.344751	0.454902	0.573037	0.190386
0.344810	0.455183	0.574802	0.191382
0.344872	0.454961	0.572805	0.190598
0.344814	0.452958	0.571579	0.189203
0.344896	0.454137	0.572486	0.190560
0.344846	0.453032	0.573150	0.190731
0.344847	0.454289	0.572012	0.191334
0.344839	0.453798	0.574015	0.190446
0.344839	0.453713	0.573240	0.191440
0.344767	0.454759	0.573680	0.190769
0.344809	0.454467	0.573452	0.191700
0.344719	0.453689	0.573457	0.190219
0.344871	0.452843	0.573941	0.191031
0.344830	0.453262	0.573541	0.191121
0.344825	0.452397	0.572384	0.189469
0.344804	0.451366	0.573417	0.191633
0.344802	0.454936	0.574281	0.189331
0.344792	0.454806	0.573709	0.189743
0.344798	0.455042	0.574050	0.189542
0.344813	0.454847	0.573420	0.190705
0.344822	0.453396	0.572619	0.190233
0.344754	0.454523	0.573848	0.191195
0.344789	0.452828	0.573044	0.189248
0.344902	0.453383	0.572254	0.190010
0.344894	0.454716	0.574172	0.190959
0.344839	0.454161	0.574489	0.190818
0.344772	0.452929	0.572795	0.189852
0.344780	0.453831	0.572416	0.192111
0.344853	0.454579	0.573781	0.190178
0.344871	0.453166	0.573794	0.189042
0.344817	0.455826	0.573796	0.191496
0.344815	0.453160	0.573237	0.189530
0.344787	0.453958	0.572730	0.191183
0.344841	0.454249	0.574303	0.189916
0.344768	0.453410	0.571866	0.190505
0.344798	0.453220	0.571986	0.189865
0.344754	0.453933	0.573883	0.191380
0.344807	0.455236	0.573863	0.189812
0.344839	0.453224	0.572416	0.190153
0.344774	0.453697	0.572456	0.191358
0.344851	0.453544	0.574049	0.189554
0.344833	0.454369	0.573210	0.190546
0.344864	0.455388	0.572670	0.190698
0.344878	0.454008	0.573559	0.190063
0.344873	0.452306	0.573923	0.192231
0.344823	0.454497	0.572244	0.192198
0.344774	0.454115	0.571550	0.190011
0.344848	0.454780	0.574583	0.190108
0.344879	0.453239	0.573369	0.190179
0.344896	0.452186	0.571997	0.190013
0.344805	0.453170	0.572284	0.190803
0.344861	0.454049	0.573646	0.190995
0.344773	0.453698	0.573198	0.190880
0.344841	0.452496	0.572813	0.190583
0.344859	0.453057	0.572318	0.190254
0.344793	0.453998	0.573653	0.190123
0.344819	0.454186	0.571952	0.192695
0.344814	0.453630	0.573956	0.191286
0.344765	0.454033	0.573788	0.191494
0.344818	0.453126	0.572577	0.190395
0.344792	0.455080	0.571850	0.190474
0.344794	0.454212	0.574401	0.191405
0.344817	0.454599	0.572210	0.190937
0.344809	0.455245	0.573339	0.191282
0.344834	0.452688	0.573491	0.190853
0.344788	0.453345	0.572612	0.191560
0.344799	0.452289	0.572910	0.192097
0.344718	0.454717	0.571931	0.191408
0.344788	0.453132	0.573395	0.190244
0.344846	0.454200	0.572861	0.190596
0.344833	0.451427	0.572981	0.190580
0.344815	0.453207	0.572581	0.189361
0.344851	0.454677	0.571976	0.192016
0.344874	0.453882	0.573307	0.189550
0.344789	0.454729	0.572397	0.190380
0.344834	0.451954	0.573406	0.189583
0.344863	0.453948	0.573437	0.190019
0.344768	0.452359	0.572476	0.189552
0.344848	0.452856	0.572591	0.190021
0.344846	0.452637	0.573314	0.191601
0.344807	0.453237	0.572295	0.189265
0.344810	0.453383	0.571730	0.189964
0.344805	0.453350	0.570388	0.190987
0.344879	0.453627	0.571536	0.190371
0.344802	0.452877	0.572421	0.190442
0.344868	0.452160	0.572861	0.189671
0.344853	0.453389	0.572535	0.191843
0.344823	0.452424	0.572272	0.190977
0.344763	0.454266	0.571513	0.191653
0.344810	0.453219	0.573194	0.191400
0.344838	0.454286	0.572916	0.189733
0.344803	0.454046	0.572158	0.189828
0.344792	0.453890	0.572616	0.189440
0.344794	0.453507	0.573985	0.191589
0.344869	0.452571	0.571690	0.190346
0.344823	0.453704	0.573092	0.190568
0.344820	0.453667	0.572963	0.192492
0.344780	0.454403	0.572881	0.190285
0.344812	0.452095	0.572765	0.191712
0.344873	0.452183	0.573268	0.191526
0.344824	0.453960	0.573802	0.190822
0.344848	0.454097	0.572125	0.191445
0.344893	0.453609	0.571871	0.189909
0.344799	0.455121	0.572856	0.191383
0.344724	0.453037	0.572928	0.189970
0.344839	0.453517	0.572963	0.189760
0.344818	0.452387	0.572399	0.192216
0.344852	0.453520	0.572730	0.191202
0.344768	0.452458	0.573149	0.189996
0.344912	0.452332	0.572953	0.190296
0.344645	0.453204	0.572096	0.190617
0.345185	0.452528	0.572141	0.191544
0.341484	0.452699	0.572709	0.190221
0.339298	0.451546	0.572126	0.190739
0.340047	0.454149	0.572075	0.190615
0.339481	0.453229	0.572124	0.191589
0.340031	0.454310	0.570644	0.190752
0.339318	0.454356	0.572881	0.189743
0.343219	0.452175	0.572996	0.191505
0.345184	0.452332	0.572008	0.190383
0.344553	0.452364	0.572090	0.190782
0.344891	0.451948	0.572467	0.190917
0.344750	0.452699	0.571513	0.190669
0.344894	0.452495	0.572409	0.189954
0.344733	0.453086	0.571936	0.190748
0.344882	0.453890	0.571927	0.191114
0.344834	0.452158	0.572503	0.190477
0.344822	0.452230	0.572268	0.190117
0.344770	0.454304	0.571838	0.191582
0.344881	0.452598	0.574559	0.191269
0.344794	0.453154	0.572799	0.192304
0.344858	0.453687	0.572347	0.189763
0.344759	0.452927	0.572554	0.191125
0.344842	0.453384	0.572288	0.191055
0.344799	0.453620	0.573026	0.189753
0.344844	0.453364	0.571828	0.189409
0.344824	0.453091	0.573060	0.189617
0.344878	0.454116	0.572601	0.189669
0.344612	0.453161	0.573382	0.191160
0.345133	0.453469	0.571003	0.190956
0.341148	0.452101	0.573143	0.190211
0.339397	0.452370	0.572908	0.190898
0.339854	0.453118	0.571289	0.189652
0.339574	0.451675	0.571597	0.188556
0.339860	0.453003	0.571572	0.190009
0.339528	0.451934	0.571731	0.191462
0.340064	0.451112	0.572649	0.190957
0.339528	0.453092	0.571894	0.190262
0.343575	0.452678	0.572264	0.190377
0.345056	0.453419	0.571497	0.190702
0.344616	0.453366	0.571848	0.189869
0.344917	0.452449	0.572826	0.191402
0.344730	0.452172	0.571190	0.191738
0.344797	0.453027	0.572180	0.190199
0.344753	0.451819	0.571213	0.191658
0.344833	0.451013	0.571352	0.191366
0.344879	0.453429	0.571947	0.189292
0.344793	0.452823	0.571592	0.190372
0.344904	0.453242	0.572526	0.190491
0.344611	0.451437	0.570577	0.191681
0.345173	0.450643	0.571850	0.190737
0.343318	0.453176	0.571601	0.192210
0.339413	0.453807	0.570906	0.190429
0.339910	0.453419	0.571429	0.190784
0.339658	0.451589	0.571765	0.189577
0.339770	0.453081	0.571705	0.190380
0.339673	0.453048	0.571919	0.191187
0.339745	0.451749	0.573903	0.189687
0.339752	0.453021	0.571033	0.191925
0.339791	0.453529	0.572069	0.189866
0.339718	0.453078	0.570867	0.190179
0.339795	0.453055	0.572239	0.190885
0.339725	0.453781	0.572328	0.191576
0.339757	0.452677	0.572749	0.191471
0.339708	0.451956	0.572412	0.191111
0.339738	0.453281	0.573285	0.190714
0.339796	0.453002	0.573413	0.190520
0.339752	0.453251	0.571799	0.191086
0.339748	0.452919	0.570733	0.191468
0.339794	0.453369	0.571827	0.188832
0.339727	0.451907	0.571985	0.189380
0.339811	0.453349	0.570273	0.189674
0.339699	0.453229	0.572467	0.190604
0.339810	0.451435	0.572027	0.190430
0.339801	0.452772	0.570962	0.190708
0.339796	0.452549	0.570310	0.191455
0.339733	0.452391	0.571501	0.191120
0.339694	0.452336	0.572461	0.190923
0.339783	0.453030	0.570810	0.190016
0.339782	0.453025	0.572817	0.189340
0.339767	0.452289	0.572364	0.190960
0.339725	0.453156	0.571099	0.190589
0.339743	0.451676	0.573321	0.191199
0.339796	0.451442	0.571333	0.191098
0.339735	0.452742	0.571569	0.191195
0.339706	0.452889	0.570977	0.191417
0.339756	0.452693	0.573682	0.190482
0.339762	0.452724	0.572634	0.190496
0.339738	0.452535	0.570823	0.191222
0.339691	0.451845	0.571802	0.190005
0.339748	0.451797	0.571684	0.189503
0.339702	0.453000	0.571478	0.190162
0.339760	0.452536	0.571810	0.190288
0.339716	0.452938	0.571948	0.192094
0.339770	0.452282	0.571950	0.190644
0.339776	0.450992	0.571320	0.190920
0.339788	0.452568	0.572272	0.189470
0.339732	0.451886	0.572744	0.190793
0.339771	0.451445	0.571318	0.191921
0.339854	0.452566	0.571210	0.190685
0.339761	0.452603	0.570273	0.190434
0.339747	0.452406	0.571640	0.190166
0.339732	0.452372	0.570531	0.191410
0.339738	0.451086	0.570418	0.190774
0.339726	0.451684	0.571675	0.189533
0.339768	0.451442	0.569880	0.190112
0.339795	0.451878	0.571668	0.188152
0.339791	0.451675	0.571027	0.189202
0.339738	0.452822	0.571823	0.191093
0.339837	0.451150	0.571724	0.192106
0.339868	0.452138	0.571975	0.189989
0.339720	0.452623	0.573108	0.191416
0.339692	0.452359	0.572501	0.192022
0.339788	0.453871	0.572690	0.190793
0.339768	0.453587	0.572594	0.190367
0.339732	0.453403	0.572304	0.190678
0.339748	0.453644	0.572689	0.191118
0.339757	0.453901	0.572422	0.190698
0.339771	0.454079	0.573452	0.191308
0.339773	0.452247	0.573178	0.191229
0.339720	0.453905	0.573931	0.189975
0.339707	0.453131	0.572908	0.191574
0.339743	0.452872	0.573145	0.190381
0.339721	0.454539	0.572798	0.190123
0.339726	0.451320	0.573235	0.191550
0.339772	0.452662	0.573754	0.190429
0.339699	0.454111	0.571096	0.189408
0.339799	0.453380	0.573268	0.191021
0.339750	0.453863	0.572641	0.189505
0.339825	0.453381	0.572724	0.191213
0.339625	0.451208	0.573397	0.192619
0.339847	0.452937	0.571726	0.190754
0.339727	0.451876	0.572725	0.190840
0.339693	0.452136	0.571203	0.190455
0.339640	0.453737	0.571813	0.189448
0.340185	0.453172	0.572488	0.191195
0.344602	0.453972	0.572235	0.191007
0.344930	0.452536	0.572371	0.190499
0.344799	0.452877	0.573292	0.189847
0.344836	0.453200	0.572475	0.190672
0.344809	0.452322	0.571642	0.191131
0.344736	0.452943	0.573128	0.189986
0.344789	0.452653	0.572320	0.190888
0.344841	0.452232	0.572690	0.189331
0.344834	0.452043	0.573299	0.190503
0.344819	0.452377	0.573745	0.190370
0.344833	0.452285	0.571641	0.189902
0.344793	0.453126	0.571497	0.189112
0.344818	0.453588	0.572501	0.190181
0.344848	0.452592	0.571206	0.191398
0.344847	0.453559	0.574168	0.189679
0.344828	0.452439	0.572105	0.191119
0.344715	0.454325	0.571963	0.189500
0.344888	0.454055	0.572273	0.189930
0.344725	0.454144	0.571973	0.191383
0.344978	0.452528	0.571965	0.190505
0.344157	0.452710	0.572300	0.190960
0.339811	0.452675	0.571512	0.189241
0.339750	0.453658	0.573135	0.191045
0.339709	0.451708	0.572821	0.189230
0.339797	0.453022	0.572580	0.189309
0.339819	0.452299	0.574000	0.191319
0.339765	0.451394	0.572817	0.190302
0.339672	0.453628	0.572106	0.189072
0.339713	0.452619	0.571104	0.189803
0.339732	0.451655	0.573036	0.191154
0.339731	0.452473	0.572205	0.191021
0.339696	0.452871	0.572294	0.190251
0.339743	0.453204	0.570932	0.190647
0.339707	0.452620	0.573205	0.190861
0.339722	0.454383	0.571077	0.191173
0.339766	0.453100	0.572508	0.191311
0.339723	0.453328	0.571968	0.189988
0.339693	0.451943	0.570340	0.191076
0.339707	0.452897	0.570948	0.191051
0.339721	0.452027	0.570966	0.191388
0.339722	0.452841	0.570649	0.190118
0.339720	0.453717	0.572170	0.189583
0.339699	0.451783	0.572130	0.191235
0.339750	0.452519	0.570161	0.190491
0.339760	0.453751	0.573794	0.191074
0.339669	0.452349	0.572122	0.191203
0.339747	0.452554	0.571469	0.189103
0.339696	0.452576	0.571294	0.190282
0.339751	0.451305	0.571134	0.191021
0.339580	0.452602	0.571434	0.190589
0.340466	0.452921	0.572148	0.189788
0.344838	0.452160	0.572807	0.190372
0.344578	0.453224	0.570311	0.190782
0.344961	0.453210	0.571070	0.191410
0.344602	0.451954	0.571960	0.189961
0.345149	0.451693	0.571381	0.190543
0.341421	0.452143	0.570798	0.189506
0.339388	0.452176	0.571495	0.189830
0.339856	0.452817	0.570012	0.189060
0.339638	0.452856	0.570517	0.189301
0.339817	0.451695	0.571377	0.189716
0.339578	0.451525	0.571741	0.189847
0.339736	0.452488	0.569011	0.190262
0.339622	0.452307	0.570531	0.189431
0.339775	0.451863	0.571823	0.189282
0.339692	0.452722	0.573593	0.189543
0.339835	0.452794	0.570822	0.190549
0.339737	0.452526	0.571933	0.190677
0.339704	0.451873	0.571525	0.189218
0.339702	0.452559	0.572114	0.189361
0.339761	0.451703	0.571402	0.191145
0.339653	0.452931	0.570771	0.188856
0.339723	0.453763	0.572711	0.190579
0.339717	0.451822	0.571431	0.190520
0.339693	0.453176	0.571735	0.189386
0.339738	0.452829	0.570105	0.190584
0.339790	0.452662	0.571685	0.190741
0.339706	0.453164	0.572517	0.190962
0.339777	0.453748	0.569727	0.190707
0.339740	0.453191	0.570741	0.190500
0.339706	0.453156	0.570630	0.190291
0.339708	0.453112	0.570926	0.190647
0.339760	0.452235	0.571651	0.190674
0.339717	0.451994	0.571553	0.191341
0.339698	0.451916	0.571996	0.190166
0.339748	0.450355	0.572229	0.191788
0.339806	0.451350	0.572621	0.190174
0.339736	0.451536	0.573184	0.190187
0.339747	0.452163	0.571942	0.190087
0.339800	0.451429	0.572658	0.191248
0.339674	0.451673	0.571867	0.189889
0.339725	0.453594	0.571457	0.189912
0.339757	0.451941	0.572778	0.190259
0.339760	0.451962	0.570026	0.190154
0.339752	0.451737	0.571433	0.191452
0.339809	0.452213	0.571314	0.189740
0.339669	0.452359	0.572750	0.190331
0.339741	0.452871	0.570635	0.189940
0.339780	0.451974	0.570434	0.189823
0.339752	0.451017	0.571002	0.189786
0.339696	0.452125	0.570313	0.189517
0.339699	0.452518	0.570814	0.190825
0.339693	0.451798	0.571521	0.188906
0.339745	0.452668	0.571110	0.190268
0.339722	0.451760	0.569260	0.190615
0.339775	0.452211	0.571181	0.190073
0.339742	0.451709	0.571046	0.190088
0.339696	0.451364	0.572221	0.189583
0.339737	0.452962	0.572894	0.190954
0.339748	0.452180	0.572010	0.190216
0.339702	0.452208	0.570756	0.190605
0.339730	0.452019	0.571164	0.189364
0.339742	0.452630	0.572517	0.189961
0.339801	0.450744	0.571318	0.190804
0.339763	0.451824	0.571322	0.192176
0.339666	0.452801	0.571249	0.189128
0.339696	0.450686	0.571716	0.189044
0.339824	0.450465	0.570635	0.190571
0.339763	0.452190	0.571495	0.190134
0.339703	0.453339	0.571868	0.189820
0.339720	0.452016	0.571942	0.189272
0.339733	0.453344	0.571729	0.191690
0.339722	0.452021	0.570581	0.191322
0.339752	0.450658	0.571427	0.190761
0.339697	0.451867	0.570600	0.189188
0.339718	0.451387	0.571433	0.188391
0.339801	0.451989	0.571492	0.190954
0.339718	0.451939	0.571553	0.190534
0.339758	0.452474	0.571738	0.189671
0.339795	0.451913	0.570260	0.189656
0.339778	0.452757	0.570870	0.190232
0.339678	0.450526	0.571194	0.190404
0.339757	0.451216	0.571619	0.190338
0.339807	0.451511	0.572374	0.189802
0.339683	0.451432	0.570130	0.188726
0.339683	0.451718	0.571416	0.190363
0.339768	0.450645	0.570513	0.190216
0.339746	0.452148	0.570517	0.189029
0.339778	0.451013	0.572007	0.189339
0.339747	0.452750	0.570652	0.189316
0.339747	0.453107	0.571447	0.191426
0.339692	0.452725	0.571056	0.191373
0.339706	0.451230	0.571876	0.192051
0.339767	0.452078	0.571112	0.190880
0.339703	0.452549	0.571775	0.189371
0.339694	0.452504	0.572231	0.190228
0.339677	0.451844	0.571042	0.190525
0.339743	0.452277	0.572045	0.191334
0.339781	0.453262	0.570972	0.189146
0.339708	0.452882	0.572120	0.189673
0.339721	0.451839	0.572342	0.191656
0.339765	0.451655	0.569533	0.191165
0.339706	0.452609	0.570713	0.188682
0.339671	0.452018	0.573621	0.190142
0.339790	0.450956	0.572371	0.190439
0.339661	0.451332	0.571159	0.190467
0.339726	0.452317	0.571119	0.190731
0.339750	0.452165	0.570315	0.189528
0.339673	0.452314	0.571428	0.190584
0.339727	0.453806	0.570680	0.189062
0.339704	0.452361	0.570561	0.190911
0.339699	0.451122	0.571270	0.190208
0.339820	0.451697	0.570556	0.190000
0.339757	0.451993	0.570365	0.190328
0.339679	0.452103	0.570192	0.190293
0.339796	0.452077	0.571473	0.189998
0.339783	0.450748	0.569392	0.192260
0.339684	0.452082	0.569374	0.190536
0.339720	0.451140	0.570095	0.189693
0.339797	0.451687	0.572347	0.190841
0.339771	0.451633	0.569049	0.190761
0.339768	0.451974	0.571066	0.189255
0.339688	0.452138	0.571031	0.189649
0.339714	0.453080	0.571446	0.190033
0.339625	0.451558	0.569959	0.190029
0.339721	0.453156	0.571701	0.189443
0.339742	0.453373	0.572099	0.189152
0.339709	0.451779	0.570506	0.190759
0.339731	0.451978	0.571800	0.190576
0.339730	0.450854	0.571399	0.191473
0.339763	0.453091	0.572082	0.190595
0.339649	0.451908	0.570595	0.190274
0.339714	0.451210	0.569907	0.190564
0.339740	0.451464	0.571255	0.191019
0.339737	0.452578	0.570751	0.189793
0.339703	0.451660	0.571077	0.189767
0.339768	0.453438	0.571035	0.190301
0.339721	0.452421	0.570087	0.190074
0.339702	0.451705	0.570588	0.190421
0.339717	0.452081	0.570433	0.189733
0.339819	0.452165	0.570773	0.190761
0.339681	0.451051	0.570689	0.191326
0.339686	0.451497	0.569665	0.190524
0.339747	0.451360	0.569605	0.189756
0.339702	0.451374	0.570126	0.189835
0.339723	0.450869	0.571478	0.188726
0.339666	0.451640	0.571495	0.190825
0.339762	0.452678	0.570471	0.191712
0.339778	0.451969	0.571199	0.190793
0.339757	0.451679	0.570951	0.189797
0.339756	0.451490	0.571213	0.188774
0.339646	0.451238	0.570962	0.190254
0.339722	0.451908	0.569457	0.189716
0.339718	0.450034	0.571531	0.190065
0.339697	0.451104	0.569899	0.191034
0.339726	0.451170	0.569661	0.190079
0.339775	0.451492	0.570097	0.190410
0.339688	0.452347	0.571032	0.191562
0.339712	0.450998	0.570451	0.191138
0.339783	0.452518	0.570588	0.190654
0.339768	0.451629	0.570477	0.190713
0.339730	0.450222	0.570619	0.190928
0.339817	0.453037	0.570884	0.190152
0.339628	0.450337	0.570032	0.189359
0.339746	0.451536	0.572536	0.190633
0.339692	0.452995	0.571008	0.190607
0.339704	0.451991	0.570997	0.190176
0.339678	0.452849	0.570657	0.192465
0.339671	0.451158	0.570595	0.190501
0.339723	0.452250	0.571150	0.191496
0.339752	0.451584	0.570340	0.191134
0.339681	0.450673	0.570591	0.191263
0.339783	0.451680	0.570629	0.190892
0.339693	0.451481	0.570488	0.190259
0.339709	0.451345	0.570956	0.191272
0.339730	0.451301	0.570085	0.191298
0.339743	0.451042	0.570596	0.190819
0.339740	0.451651	0.571637	0.191823
0.339643	0.450984	0.569568	0.192562
0.339717	0.452329	0.569335	0.191604
0.339708	0.451698	0.569952	0.190514
0.339748	0.451062	0.569281	0.190421
0.339717	0.451266	0.570903	0.187903
0.339723	0.452223	0.570488	0.189965
0.339765	0.450691	0.569919	0.190487
0.339652	0.451412	0.569894	0.189826
0.339781	0.450725	0.570532	0.190050
0.339727	0.451728	0.569438	0.190291
0.339735	0.454741	0.570744	0.191435
0.339610	0.454092	0.569783	0.192040
0.339712	0.451210	0.571066	0.191630
0.339758	0.451087	0.571199	0.192005
0.339648	0.452212	0.569373	0.189692
0.339726	0.452927	0.570263	0.190742
0.339712	0.451928	0.569661	0.190286
0.339797	0.451938	0.570605	0.191537
0.339805	0.452670	0.568409	0.191676
0.339753	0.451704	0.569768	0.192414
0.339765	0.452244	0.571323	0.191630
0.339791	0.450868	0.570159	0.189653
0.339763	0.451503	0.569382	0.190564
0.339723	0.451844	0.571414	0.189746
0.339752	0.451828	0.570112	0.192096
0.339701	0.452499	0.571599	0.190197
0.339659	0.451858	0.570320	0.190482
0.339730	0.450710	0.570699	0.191131
0.339762	0.451467	0.570486	0.191224
0.339716	0.452444	0.568620	0.191336
0.339760	0.450191	0.570048	0.190346
0.339686	0.452658	0.570749	0.190699
0.339750	0.450658	0.570349	0.191005
0.339721	0.450092	0.570182	0.189830
0.339684	0.450301	0.570443	0.190337
0.339750	0.451643	0.569689	0.191064
0.339751	0.452304	0.568251	0.191126
0.339816	0.451983	0.569623	0.189693
0.339722	0.450716	0.569937	0.190852
0.339713	0.450797	0.570102	0.189915
0.339781	0.450983	0.570170	0.191785
0.339704	0.452290	0.570065	0.190293
0.339656	0.451292	0.568846	0.190297
0.339768	0.452713	0.569864	0.190981
0.339666	0.450957	0.570526	0.192894
0.339812	0.451196	0.569680	0.191552
0.339663	0.450668	0.570857	0.191045
0.339733	0.451854	0.569804	0.190466
0.339696	0.452602	0.570083	0.190499
0.339677	0.451712	0.571081	0.189310
0.339697	0.450711	0.572237	0.191868
0.339717	0.451386	0.569182	0.190406
0.339701	0.451303	0.568815	0.191199
0.339758	0.452975	0.571233	0.191375
0.339658	0.452320	0.570311	0.190228
0.339708	0.450231	0.569631	0.191839
0.339659	0.451939	0.571036	0.190741
0.339786	0.452370	0.569567	0.191643
0.339694	0.451848	0.569143	0.190387
0.339732	0.452342	0.571151	0.192449
0.339702	0.452276	0.570327	0.189966
0.339731	0.451648	0.570073	0.190570
0.339693	0.452251	0.570716	0.191649
0.339661	0.452439	0.569199	0.190301
0.339796	0.453420	0.570389	0.191032
0.339708	0.450469	0.570076	0.190050
0.339708	0.451360	0.570395	0.190308
0.339738	0.451812	0.570730	0.190292
0.339699	0.451334	0.569189	0.189801
0.339783	0.450611	0.570053	0.190632
0.339699	0.450789	0.570009	0.190274
0.339728	0.452041	0.569380	0.189411
0.339698	0.451695	0.568651	0.191069
0.339750	0.450957	0.569793	0.191420
0.339707	0.449232	0.568735	0.190422
0.339689	0.450047	0.569894	0.190753
0.339692	0.451256	0.569679	0.191415
0.339692	0.452086	0.570045	0.190898
0.339745	0.451590	0.569687	0.190863
0.339767	0.449851	0.570115	0.189138
0.339777	0.449500	0.570605	0.190568
0.339712	0.450555	0.569691	0.190350
0.335645	0.450400	0.569689	0.189560
0.334398	0.451663	0.570278	0.190514
0.334847	0.452664	0.570428	0.190351
0.334489	0.450907	0.570046	0.190135
0.334852	0.452491	0.570438	0.190217
0.334447	0.451484	0.570026	0.189020
0.334896	0.451881	0.570048	0.189847
0.334316	0.451948	0.569221	0.190227
0.336613	0.451594	0.570393	0.192239
0.340171	0.451099	0.569068	0.189696
0.339485	0.451177	0.570324	0.191695
0.339918	0.450489	0.569464	0.191516
0.339673	0.450302	0.570291	0.189176
0.339758	0.451006	0.570677	0.190972
0.339682	0.449918	0.569306	0.191460
0.339809	0.450486	0.570838	0.191025
0.339643	0.450942	0.568952	0.190654
0.339786	0.451658	0.570664	0.190191
0.339703	0.450586	0.568942	0.189187
0.339755	0.451114	0.570410	0.189113
0.339704	0.450885	0.569600	0.191169
0.339799	0.451029	0.569330	0.192230
0.339711	0.451697	0.570019	0.190328
0.339669	0.450499	0.569860	0.191468
0.339750	0.450161	0.570172	0.192099
0.339746	0.450138	0.569186	0.190504
0.339694	0.449670	0.570071	0.191002
0.339780	0.450322	0.570056	0.190781
0.339736	0.451697	0.569775	0.188811
0.339717	0.450880	0.570605	0.191318
0.339767	0.448699	0.570021	0.191718
0.339714	0.451233	0.568133	0.189793
0.339768	0.451700	0.568917	0.192023
0.339692	0.451762	0.570090	0.190638
0.339708	0.450626	0.569051	0.191757
0.339666	0.450658	0.570016	0.191413
0.339635	0.451968	0.568844	0.190952
0.339657	0.449637	0.568574	0.189721
0.339737	0.450760	0.570547	0.192219
0.339746	0.451319	0.569769	0.190712
0.339795	0.451506	0.571057	0.190176
0.339432	0.450373	0.569472	0.191046
0.335134	0.450669	0.569957	0.191064
0.334609	0.450321	0.570029	0.190703
0.334764	0.450788	0.572723	0.190880
0.334635	0.451298	0.571035	0.191690
0.334689	0.451538	0.569150	0.191326
0.334639	0.450855	0.570113	0.190970
0.334963	0.451694	0.569607	0.191163
0.339227	0.450783	0.569706	0.191702
0.339849	0.449266	0.569232	0.191609
0.339656	0.450504	0.569801	0.191198
0.339795	0.448978	0.569120	0.191973
0.339516	0.450305	0.568617	0.190538
0.339861	0.450352	0.568093	0.191009
0.339304	0.450028	0.568539	0.191012
0.335037	0.450330	0.569815	0.190500
0.334578	0.450484	0.570108	0.190383
0.334772	0.450049	0.568022	0.189662
0.334587	0.449206	0.569252	0.192032
0.334764	0.449898	0.569382	0.190333
0.334657	0.451938	0.568957	0.190673
0.334661	0.452254	0.569400	0.190169
0.334552	0.449729	0.570577	0.189496
0.334795	0.451699	0.571236	0.190045
0.334543	0.450971	0.570068	0.190643
0.334911	0.450347	0.568407	0.190913
0.334304	0.450361	0.570542	0.190843
0.337446	0.449904	0.570883	0.190084
0.340150	0.450358	0.570184	0.189626
0.339528	0.452061	0.570017	0.190490
0.339870	0.450383	0.569598	0.190920
0.339577	0.451136	0.568059	0.191625
0.339817	0.452932	0.569087	0.191804
0.339714	0.450405	0.569774	0.190573
0.339844	0.449078	0.570417	0.190479
0.339669	0.449590	0.571065	0.190159
0.339862	0.450398	0.568834	0.190008
0.339674	0.450918	0.568499	0.191580
0.339896	0.450555	0.568866	0.191269
0.339020	0.450795	0.569633	0.190594
0.334826	0.452130	0.569511	0.190207
0.334730	0.452610	0.568467	0.189261
0.334679	0.449882	0.569538	0.190882
0.334678	0.450671	0.569328	0.191556
0.334611	0.450579	0.569655	0.191342
0.334749	0.448979	0.571089	0.190604
0.334644	0.451444	0.569177	0.191933
0.334794	0.448164	0.569935	0.189909
0.334596	0.451673	0.569768	0.190427
0.334730	0.450840	0.567769	0.189816
0.334577	0.450719	0.569153	0.191148
0.334932	0.452623	0.569021	0.190603
0.334364	0.451205	0.569202	0.189329
0.335480	0.450535	0.568665	0.190291
0.339550	0.450024	0.568813	0.189466
0.339880	0.449158	0.569488	0.192755
0.339574	0.451481	0.570093	0.191561
0.340034	0.450112	0.568628	0.191834
0.336669	0.452100	0.569301	0.190925
0.334235	0.450255	0.570131	0.190966
0.334933	0.451674	0.569824	0.190307
0.334567	0.451123	0.570157	0.192221
0.334793	0.451847	0.571342	0.190772
0.334592	0.450225	0.570924	0.190722
0.334741	0.450938	0.569607	0.190772
0.334585	0.450233	0.571528	0.190687
0.334794	0.449740	0.569314	0.191892
0.334477	0.449937	0.569853	0.190261
0.334762	0.451359	0.570246	0.190769
0.334640	0.450887	0.571342	0.191535
0.334724	0.451447	0.570731	0.190561
0.334578	0.449983	0.570070	0.191888
0.334799	0.450918	0.569335	0.190712
0.334578	0.449656	0.569835	0.188821
0.334856	0.449685	0.570528	0.190585
0.334483	0.450838	0.568785	0.190184
0.334898	0.450298	0.570167	0.191332
0.334361	0.450949	0.569063	0.190405
0.338013	0.450141	0.569321	0.188918
0.339994	0.449665	0.567841	0.190297
0.339572	0.452490	0.569935	0.190212
0.339809	0.450799	0.569027	0.190183
0.339736	0.450444	0.568383	0.190783
0.339761	0.451052	0.568997	0.190524
0.339806	0.450935	0.568019	0.190634
0.339684	0.449949	0.569721	0.190406
0.339807	0.449497	0.568929	0.190644
0.339583	0.450303	0.569157	0.190285
0.340026	0.451043	0.569974	0.190133
0.336282	0.450854	0.569288	0.189835
0.334225	0.450340	0.569022	0.190823
0.334894	0.450260	0.569002	0.190843
0.334626	0.451574	0.569725	0.190541
0.334804	0.449013	0.569498	0.191318
0.334654	0.451162	0.570545	0.189750
0.334719	0.451352	0.570137	0.190734
0.334583	0.450618	0.569719	0.190348
0.334783	0.450371	0.570081	0.190422
0.334671	0.452852	0.570131	0.190504
0.334708	0.451943	0.570407	0.190115
0.334708	0.451287	0.567979	0.190464
0.334710	0.451510	0.569501	0.189907
0.334647	0.450972	0.569462	0.189493
0.334743	0.450534	0.570296	0.190188
0.334708	0.450827	0.570073	0.189770
0.334754	0.450641	0.569667	0.191843
0.334649	0.450122	0.569884	0.191567
0.334573	0.448040	0.569102	0.189909
0.334715	0.452449	0.570053	0.188973
0.334635	0.450218	0.569037	0.190378
0.334600	0.450019	0.570194	0.191681
0.334681	0.450390	0.569145	0.190713
0.334667	0.448821	0.568646	0.190316
0.334650	0.450056	0.568969	0.192545
0.334620	0.449486	0.568102	0.191155
0.334662	0.450950	0.569821	0.192319
0.334691	0.448532	0.569918	0.190786
0.334656	0.449789	0.568770	0.190892
0.334669	0.450754	0.568098	0.190901
0.334738	0.449912	0.569680	0.190328
0.334606	0.450415	0.568823	0.190183
0.334729	0.449490	0.567919	0.189615
0.334694	0.451111	0.570011	0.190135
0.334664	0.450009	0.569118	0.190010
0.334679	0.450750	0.570253	0.191690
0.334683	0.449217	0.570734	0.189855
0.334714	0.450129	0.570028	0.191037
0.334676	0.450605	0.570011	0.190982
0.334659	0.451744	0.568662	0.191198
0.334704	0.451351	0.571627	0.189342
0.334686	0.450577	0.568884	0.189782
0.334724	0.450302	0.569868	0.189361
0.334669	0.449352	0.569177	0.190571
0.334706	0.450981	0.571221	0.191149
0.334680	0.450290	0.570986	0.190335
0.334689	0.449833	0.570377	0.190654
0.334777	0.450480	0.569275	0.191255
0.334680	0.451093	0.568731	0.190102
0.334701	0.451442	0.569162	0.189416
0.334724	0.450107	0.569191	0.190773
0.334644	0.451319	0.570071	0.188864
0.334736	0.449445	0.569482	0.188960
0.334700	0.451123	0.566811	0.189547
0.334743	0.450212	0.570763	0.190256
0.334725	0.449491	0.569904	0.190723
0.334713	0.449144	0.569462	0.191178
0.334664	0.449631	0.568488	0.189833
0.334683	0.449803	0.567277	0.190226
0.334665	0.450888	0.569161	0.189395
0.334698	0.450338	0.571918	0.189141
0.334726	0.449566	0.567676	0.191271
0.334699	0.451574	0.569351	0.191347
0.334651	0.450342	0.569215	0.190368
0.334678	0.449201	0.570652	0.191303
0.334694	0.449970	0.569222	0.189718
0.334685	0.450320	0.567994	0.190583
0.334660	0.450228	0.569824	0.189648
0.334709	0.449789	0.568027	0.191433
0.334693	0.448458	0.569932	0.191462
0.334787	0.451168	0.569938	0.192110
0.334696	0.449905	0.569430	0.190860
0.334704	0.451355	0.568928	0.190881
0.334675	0.448846	0.570588	0.191054
0.334750	0.450216	0.569873	0.190053
0.334741	0.450940	0.569462	0.191618
0.334736	0.451978	0.570058	0.191184
0.334674	0.450646	0.569471	0.191172
0.334728	0.450136	0.569534	0.192125
0.334680	0.450899	0.569646	0.191035
0.334760	0.451847	0.568705	0.190385
0.334657	0.448392	0.570422	0.190525
0.334620	0.450787	0.569444	0.190518
0.334738	0.450655	0.570121	0.190063
0.334708	0.449088	0.569630	0.188967
0.334695	0.450442	0.570187	0.191199
0.334734	0.450042	0.568821	0.190023
0.334723	0.450778	0.571386	0.190331
0.334693	0.448175	0.570270	0.190068
0.334783	0.449515	0.569290	0.189920
0.334765	0.449894	0.569779	0.191089
0.334710	0.449855	0.569546	0.191165
0.334656	0.450984	0.570236	0.190816
0.334655	0.448322	0.569086	0.188992
0.334694	0.450370	0.569591	0.189589
0.334755	0.450515	0.569462	0.190513
0.334691	0.448876	0.568671	0.190495
0.334754	0.450252	0.569857	0.191272
0.334655	0.450338	0.567735	0.191314
0.334652	0.450054	0.570048	0.190827
0.334683	0.451048	0.569863	0.191257
0.334686	0.449521	0.569086	0.189450
0.334650	0.450273	0.571106	0.191177
0.334625	0.450193	0.570041	0.189575
0.334625	0.450007	0.570533	0.191323
0.334698	0.450452	0.569929	0.190352
0.334641	0.450467	0.569538	0.190520
0.334731	0.449139	0.569501	0.190387
0.334650	0.449803	0.569471	0.190090
0.334759	0.450223	0.570357	0.190226
0.334696	0.451053	0.569484	0.190925
0.334678	0.451046	0.569661	0.190311
0.334724	0.448828	0.570458	0.191199
0.334685	0.450131	0.570021	0.190751
0.334726	0.449481	0.569796	0.191630
0.334693	0.449330	0.568889	0.190662
0.334666	0.449201	0.568488	0.191571
0.334652	0.448893	0.569404	0.189914
0.334672	0.451029	0.567697	0.190654
0.334680	0.449809	0.568516	0.191234
0.334684	0.450857	0.569458	0.191120
0.334736	0.449624	0.569281	0.191329
0.334675	0.449047	0.569077	0.190074
0.334630	0.449254	0.570040	0.190064
0.334764	0.448993	0.569151	0.190830
0.334669	0.451561	0.568449	0.191485
0.334705	0.450434	0.567324	0.189062
0.334661	0.450312	0.568601	0.190406
0.334748	0.449733	0.569756	0.190584
0.334795	0.450315	0.568864	0.192158
0.334721	0.450469	0.569691	0.190158
0.334749	0.448036	0.570295	0.191344
0.334735	0.450056	0.568612	0.190262
0.334724	0.449223	0.569576	0.190814
0.334688	0.450393	0.569138	0.189619
0.334739	0.449325	0.570211	0.189638
0.334703	0.450076	0.569900	0.190417
0.334720	0.451808	0.570254	0.189942
0.334755	0.450505	0.567192	0.190378
0.334631	0.451476	0.569383	0.190104
0.334730	0.450052	0.570986	0.190247
0.334701	0.450671	0.569244	0.191430
0.334715	0.451011	0.570234	0.190806
0.334713	0.450895	0.569013	0.190262
0.334602	0.450121	0.568719	0.190893
0.334703	0.451879	0.569793	0.190683
0.334694	0.451106	0.567705	0.191019
0.334657	0.450611	0.570358	0.191541
0.334675	0.450248	0.568420	0.189807
0.334685	0.451332	0.570869	0.191451
0.334669	0.449862	0.567848	0.189881
0.334724	0.449985	0.570541	0.190219
0.334705	0.449963	0.570691	0.190394
0.334669	0.449990	0.568874	0.190598
0.334718	0.449626	0.570410	0.190241
0.334614	0.450242	0.568434	0.190363
0.334679	0.450834	0.568345	0.190119
0.334759	0.450320	0.569333	0.189708
0.334645	0.452463	0.568464	0.190267
0.334711	0.450273	0.568965	0.191803
0.334706	0.450242	0.569483	0.190521
0.334706	0.451076	0.568171	0.189828
0.334735	0.449412	0.568615	0.190099
0.334818	0.451086	0.569220	0.188905
0.334725	0.449178	0.567899	0.191859
0.334699	0.449136	0.568710	0.190700
0.334783	0.451276	0.569049	0.190952
0.334690	0.451689	0.568190	0.189836
0.334782	0.450874	0.569595	0.190956
0.334753	0.451591	0.568083	0.191044
0.334695	0.450505	0.568601	0.191586
0.334657	0.450356	0.569763	0.189990
0.334725	0.449452	0.569600	0.190249
0.334645	0.451984	0.569259	0.190281
0.334672	0.450440	0.569150	0.191386
0.334592	0.450128	0.568661	0.190674
0.334711	0.450994	0.569336	0.189099
0.334699	0.449049	0.569200	0.190496
0.334654	0.450213	0.568083	0.190366
0.334759	0.450670	0.569036	0.191154
0.334619	0.450046	0.569367	0.190082
0.334672	0.450157	0.569442	0.191098
0.334724	0.449734	0.569402	0.190409
0.334666	0.450598	0.568042	0.189642
0.334611	0.449422	0.570373	0.190010
0.334725	0.449600	0.569166	0.190704
0.334667	0.449238	0.568705	0.189860
0.334626	0.449709	0.569210	0.190394
0.334699	0.450119	0.569420	0.190336
0.334675	0.449798	0.569433	0.190906
0.334685	0.449256	0.568309	0.189342
0.334660	0.449183	0.568444	0.190373
0.334637	0.450650	0.568429	0.190995
0.334631	0.450242	0.570492	0.190768
0.334604	0.449432	0.568422	0.189823
0.334715	0.449418	0.567528	0.189885
0.334753	0.449161	0.568958	0.189277
0.334672	0.450043	0.569093	0.188826
0.334674	0.449480	0.567503	0.191257
0.334679	0.450633	0.569215	0.190559
0.334655	0.450517	0.569290	0.190524
0.334614	0.450124	0.568735	0.191577
0.334708	0.450250	0.568993	0.189615
0.334754	0.450360	0.568330	0.190885
0.334713	0.449109	0.568490	0.192071
0.334639	0.450793	0.569078	0.190352
0.334735	0.450555	0.570670	0.191103
0.334778	0.449242	0.568358	0.190024
0.334666	0.450724	0.568764	0.190049
0.334630	0.450296	0.567376	0.190767
0.334645	0.450769	0.570946	0.191420
0.334746	0.449656	0.567870	0.191480
0.334757	0.450203	0.569117	0.191016
0.334773	0.450129	0.569400	0.190559
0.334645	0.451390	0.568513	0.189956
0.334723	0.450580	0.568089	0.189855
0.334685	0.450073	0.567574	0.190439
0.334662	0.449551	0.568350	0.189788
0.334695	0.450865	0.569039	0.189869
0.334662	0.450650	0.568705	0.188795
0.334678	0.449685	0.568385	0.189433
0.334642	0.451763	0.568404	0.191129
0.334691	0.448926	0.569003	0.189914
0.334696	0.449505	0.568264	0.190593
0.334704	0.449729	0.568553	0.189647
0.334649	0.450623	0.566750	0.189872
0.334725	0.448732	0.567573	0.189639
0.334656	0.450608	0.568252	0.190540
0.334602	0.448715	0.568410	0.190786
0.334646	0.450857	0.569791	0.189678
0.334654	0.448735	0.568305	0.190034
0.334681	0.450381	0.568722	0.188725
0.334694	0.450346	0.568120	0.190033
0.334710	0.449471	0.569309	0.189892
0.334669	0.450552	0.568979	0.191323
0.334699	0.447742	0.568439	0.190188
0.334629	0.449898	0.568734	0.191336
0.334730	0.448861	0.568745	0.189996
0.334681	0.450260	0.568582	0.189590
0.334688	0.448729	0.569003	0.189636
0.334744	0.449452	0.568834	0.188935
0.334782	0.450815	0.568478	0.190331
0.334637	0.449536	0.569493	0.190350
0.334709	0.449666	0.568803	0.189958
0.334736	0.450173	0.567974	0.190991
0.334685	0.449803	0.569576	0.190518
0.334739	0.449181	0.569656	0.190390
0.334685	0.448692	0.567158	0.189869
0.334716	0.449467	0.567523	0.190097
0.334719	0.448901	0.569665	0.190312
0.334752	0.449851	0.569171	0.189832
0.334667	0.450678	0.568478	0.190645
0.334681	0.449318	0.570243	0.190028
0.334680	0.447615	0.568211	0.190189
0.334671	0.448964	0.569852	0.189750
0.334693	0.449148	0.567710	0.190435
0.334743	0.449124	0.568103	0.190305
0.334676	0.448694	0.567720	0.190853
0.334709	0.448929	0.569286	0.190302
0.334685	0.449358	0.570311	0.190871
0.334688	0.449584	0.567617	0.190454
0.334704	0.449958	0.569483	0.189676
0.334605	0.449540	0.568947	0.190779
0.334725	0.448053	0.567723	0.189597
0.334681	0.448493	0.568514	0.190115
0.334710	0.448671	0.568977	0.190851
0.334654	0.448132	0.569171	0.189361
0.334714	0.449729	0.569069	0.190000
0.334556	0.449915	0.569345	0.191406
0.334757	0.449892	0.568318	0.190085
0.334634	0.450199	0.569296	0.190603
0.334661	0.449048	0.568854	0.189958
0.334714	0.450810	0.569382	0.190021
0.334650	0.450262	0.569205	0.190424
0.334725	0.448441	0.569973	0.190705
0.334719	0.450263	0.569363	0.191105
0.334679	0.449679	0.569760	0.190903
0.334659	0.449102	0.568844	0.190589
0.334680	0.448762	0.568600	0.189384
0.334654	0.450586	0.568241	0.190427
0.334700	0.449843	0.568145	0.191585
0.334729	0.449604	0.567726	0.189319
0.334721	0.450128	0.567844	0.190385
0.334695	0.451078	0.568043	0.190455
0.334728	0.449660	0.568606	0.189666
0.334762	0.450158	0.568266	0.189147
0.334764	0.449156	0.568010	0.191140
0.334683	0.448430	0.569123	0.190672
0.334632	0.448929	0.569675	0.190589
0.334675	0.449258	0.569182	0.189615
0.334644	0.450051	0.567914	0.189931
0.334693	0.450575	0.567864	0.190204
0.334703	0.449148	0.569295	0.189802
0.334634	0.450406	0.567855	0.189942
0.334726	0.448452	0.569335	0.191383
0.334748	0.449341	0.568133	0.189686
0.334676	0.449601	0.566703	0.190258
0.334738	0.449597	0.567443	0.190013
0.334694	0.449246	0.568509	0.190272
0.334611	0.449937	0.568739	0.190554
0.334705	0.449477	0.568746	0.190261
0.334700	0.449753	0.568795	0.191091
0.334666	0.449112	0.568651	0.190533
0.334700	0.450067	0.569167	0.190119
0.334680	0.448963	0.568068	0.189704
0.334695	0.448840	0.567822	0.190881
0.334693	0.449584	0.568290	0.191596
0.334730	0.450574	0.569409	0.189988
0.334774	0.449954	0.567662	0.190346
0.334723	0.450365	0.568341	0.190840
0.334680	0.449326	0.568592	0.190133
0.334701	0.449723	0.567602	0.191282
0.334656	0.449093	0.568494	0.190122
0.334713	0.450646	0.569107	0.190178
0.334726	0.450325	0.570273	0.190097
0.334691	0.450290	0.567295	0.189496
0.334723	0.449171	0.568592	0.190414
0.334667	0.448475	0.568363	0.189409
0.334693	0.448798	0.568584	0.190355
0.334718	0.449302	0.569048	0.189735
0.334679	0.448910	0.568131	0.191972
0.334685	0.449569	0.566194	0.190049
0.334736	0.449988	0.567414	0.188241
0.334788	0.450152	0.568004	0.189397
0.334670	0.449286	0.567292	0.189271
0.334685	0.449992	0.567757	0.191446
0.334714	0.450193	0.569513	0.190807
0.334743	0.449375	0.567359	0.190335
0.334609	0.448725	0.567071	0.189491
0.334681	0.449127	0.567148	0.189889
0.334746	0.448130	0.567376	0.190063
0.334789	0.448931	0.568325	0.190980
0.334665	0.449373	0.568521	0.188286
0.334676	0.449406	0.568760	0.190365
0.334703	0.449065	0.569544	0.189742
0.334666	0.449856	0.569115	0.190422
0.334724	0.449483	0.569280	0.189319
0.334746	0.450500	0.568511	0.189823
0.334688	0.450019	0.570019	0.190566
0.334729	0.448148	0.568537	0.189697
0.334681	0.450203	0.567597	0.189980
0.334640	0.449957	0.569748	0.190709
0.334714	0.449641	0.568552	0.191203
0.334713	0.447959	0.569554	0.190679
0.334753	0.450367	0.568500	0.190718
0.334708	0.449575	0.567416	0.190305
0.334667	0.450449	0.570344	0.191053
0.334725	0.448681	0.568393	0.191923
0.334785	0.450808	0.567185	0.190124
0.334695	0.450002	0.567710	0.191111
0.334726	0.450440	0.567275	0.189413
0.334783	0.449639	0.569565	0.189688
0.334696	0.448875	0.568536	0.191406
0.334696	0.449100	0.568236	0.190588
0.334735	0.449696	0.567060	0.188944
0.334665	0.449864	0.567611	0.189266
0.334716	0.449035	0.567286	0.190898
0.334683	0.449517	0.566029	0.190326
0.334681	0.449251	0.567479	0.191015
0.334703	0.449699	0.567989	0.190001
0.334709	0.450813	0.568176	0.191066
0.334630	0.450271	0.567579	0.188374
0.334730	0.449759	0.566960	0.190833
0.334745	0.448416	0.567266	0.190923
0.334630	0.448910	0.566977	0.189137
0.334739	0.450754	0.567667	0.189515
0.334674	0.448407	0.568381	0.191735
0.334683	0.448246	0.567631	0.190447
0.334698	0.450356	0.567651	0.189607
0.334684	0.448850	0.567465	0.189755
0.334641	0.450432	0.569092	0.188741
0.334690	0.449022	0.567820	0.189340
0.334655	0.450864	0.567012	0.190813
0.334686	0.449177	0.569059	0.191158
0.334612	0.448893	0.569437	0.191318
0.334738	0.449743	0.568093	0.189673
0.334676	0.449042	0.569803	0.190226
0.334651	0.451012	0.567751	0.190788
0.334831	0.447761	0.567530	0.190793
0.334686	0.447461	0.567171	0.190300
0.334698	0.449894	0.567844	0.191681
0.334703	0.449627	0.568833	0.189740
0.334660	0.449504	0.567949	0.190610
0.334735	0.449033	0.569977	0.190222
0.334695	0.450261	0.566609	0.190848
0.334726	0.448924	0.567869	0.191827
0.334729	0.449937	0.567317	0.189064
0.334733	0.449393	0.567700	0.189235
0.334710	0.448179	0.567157	0.190147
0.334720	0.448314	0.567455	0.190540
0.334782	0.449620	0.567645	0.192312
0.334657	0.449232	0.568734	0.190928
0.334715	0.448129	0.567876	0.190073
0.334734	0.448457	0.569534	0.190554
0.334672	0.448826	0.567688	0.188718
0.334738	0.449040	0.566678	0.190738
0.334684	0.449039	0.567410	0.189558
0.334641	0.448775	0.567873	0.189103
0.334667	0.449203	0.567582	0.188697
0.334577	0.449571	0.568172	0.190031
0.334753	0.448550	0.568415	0.191586
0.334678	0.448075	0.567668	0.191599
0.334755	0.448466	0.567092	0.191126
0.334662	0.449108	0.568077	0.190729
0.334711	0.450454	0.568320	0.189424
0.334735	0.450298	0.568013	0.191734
0.334715	0.449539	0.569128	0.190920
0.334783	0.451598	0.567508	0.190707
0.334671	0.449511	0.568688	0.189079
0.334691	0.449088	0.567876	0.188967
0.334669	0.449493	0.568869	0.190327
0.334721	0.448839	0.568665	0.190322
0.334691	0.450142	0.567226	0.189475
0.334659	0.449833	0.569981	0.188572
0.334745	0.449617	0.569382	0.189600
0.334694	0.448326	0.568665	0.189014
0.334696	0.448799	0.568052	0.190918
0.334686	0.449696	0.568621	0.190218
0.334693	0.448998	0.567760	0.189286
0.334635	0.448985	0.569494	0.190702
0.334740	0.450421	0.567900	0.190890
0.334685	0.449059	0.567490	0.188547
0.334616	0.449028	0.566770	0.189453
0.334621	0.448973	0.568255	0.189771
0.334748	0.448722	0.567693	0.187967
0.334744	0.449632	0.567351	0.190496
0.334686	0.449174	0.567163	0.190476
0.334688	0.448898	0.566816	0.190659
0.334701	0.448573	0.568190	0.191045
0.334698	0.449254	0.567761	0.189668
0.334696	0.448505	0.568417	0.190206
0.334629	0.449038	0.567185	0.191010
0.334718	0.449137	0.567134	0.189496
0.334661	0.448915	0.568833	0.189979
0.334652	0.449520	0.568151	0.189344
0.334645	0.448627	0.567151	0.190018
0.334683	0.449328	0.568437	0.189272
0.334738	0.450541	0.568130	0.188576
0.334626	0.450221	0.566956	0.191234
0.334736	0.450248	0.568749	0.191456
0.334689	0.448873	0.567245	0.189479
0.334644	0.450910	0.567822	0.190571
0.334645	0.448695	0.568279	0.191210
0.334678	0.449776	0.568432	0.189787
0.334704	0.449012	0.568766	0.189240
0.334652	0.450552	0.567776	0.190034
0.334686	0.449297	0.568803	0.190490
0.334716	0.449303	0.569780	0.189385
0.334637	0.449440	0.567875	0.190065
0.334683	0.449471	0.568701	0.190097
0.334644	0.448958	0.568216	0.190057
0.334604	0.448463	0.567420	0.190207
0.334629	0.449927	0.567914	0.188707
0.334703	0.448918	0.567562	0.189047
0.334681	0.450167	0.567403	0.188269
0.334705	0.448935	0.567967	0.189805
0.334745	0.449068	0.568383	0.189961
0.334661	0.447401	0.568504	0.189478
0.334720	0.448313	0.567576	0.190181
0.334714	0.448884	0.568251	0.190495
0.334641	0.449619	0.567250	0.190807
0.334760	0.448619	0.566800	0.190447
0.334627	0.449447	0.568017	0.190069
0.334694	0.449453	0.567622	0.188438
0.334741	0.447965	0.568370	0.189806
0.334759	0.449223	0.568005	0.190292
0.334652	0.449322	0.567764	0.190940
0.334754	0.447557	0.567112	0.190997
0.334725	0.449297	0.567702	0.189821
0.334696	0.449104	0.568422	0.188791
0.334637	0.449204	0.568529	0.189488
0.334779	0.448422	0.569383	0.190825
0.334595	0.448795	0.569143	0.190946
0.334814	0.448712	0.567551	0.190206
0.334536	0.449358	0.567418	0.190724
0.335140	0.447913	0.568148	0.190241
0.332410	0.449340	0.567374	0.190063
0.329840	0.448084	0.569353	0.190107
0.334538	0.448426	0.567943	0.189210
0.334679	0.449541	0.566857	0.188925
0.334780	0.449312	0.568613	0.190881
0.334650	0.449843	0.567739	0.188896
0.334726	0.448677	0.567652	0.190095
0.334706	0.449158	0.568808	0.189613
0.334765	0.448798	0.567973	0.189045
0.334690	0.447630	0.567906	0.189565
0.334780	0.448416	0.567906	0.189738
0.334651	0.448570	0.568222	0.190367
0.334635	0.448558	0.567400	0.190303
0.334652	0.449057	0.566082	0.189139
0.334784	0.449267	0.568514	0.189562
0.334688	0.448963	0.567650	0.190310
0.334684	0.448815	0.567974	0.189724
0.334667	0.450217	0.568311	0.190515
0.334636	0.448443	0.567950	0.188979
0.334684	0.447244	0.567282	0.188571
0.334652	0.448760	0.568009	0.188944
0.334714	0.449443	0.566933	0.189415
0.334731	0.449283	0.566468	0.189806
0.334741	0.448681	0.568900	0.190437
0.334752	0.450243	0.568356	0.188824
0.334725	0.449052	0.568870	0.188504
0.334736	0.449851	0.568739	0.191356
0.334701	0.450854	0.569064	0.190094
0.334711	0.448774	0.569048	0.188992
0.334698	0.449657	0.568296	0.188795
0.334647	0.449696	0.568165	0.191217
0.334675	0.449542	0.567072	0.190653
0.334773	0.449537	0.567921	0.191012
0.334731	0.449651	0.567824	0.189647
0.334649	0.449471	0.567865	0.189347
0.334691	0.449009	0.567060	0.190104
0.334654	0.450449	0.567216	0.190137
0.334711	0.448962	0.568385	0.189527
0.334684	0.449296	0.567879	0.190905
0.334669	0.449198	0.566676	0.189588
0.334596	0.450361	0.567613	0.188366
0.334703	0.449656	0.567998	0.191106
0.334590	0.448073	0.567289	0.190732
0.334797	0.448407	0.567816	0.190093
0.334635	0.450828	0.566876	0.190112
0.334853	0.448442	0.568529	0.190377
0.334468	0.449759	0.567464	0.189716
0.335093	0.448388	0.567246	0.190358
0.331804	0.448680	0.568632	0.189937
0.329683	0.449957	0.567765	0.191321
0.330092	0.448742	0.568003	0.190105
0.330047	0.448443	0.567457	0.188722
0.330021	0.449733	0.567671	0.190772
0.330160	0.449278	0.568259	0.189844
0.329707	0.450286	0.566933	0.188821
0.332878	0.447767	0.568053	0.189133
0.335074	0.448307	0.567725	0.188914
0.334545	0.449105	0.567757	0.191213
0.334799	0.449433	0.566662	0.191175
0.334611	0.448472	0.565890	0.190212
0.334617	0.449711	0.567013	0.189658
0.334652	0.450932	0.568894	0.191423
0.334639	0.448900	0.568558	0.189167
0.334729	0.449038	0.567726	0.190078
0.334530	0.448303	0.568158	0.189643
0.334950	0.450807	0.567833	0.190135
0.331721	0.448309	0.567415	0.190378
0.329556	0.448619	0.567647	0.190923
0.330335	0.449053	0.567993	0.190707
0.329676	0.450273	0.568096	0.190296
0.330922	0.448921	0.566736	0.191208
0.334640	0.449883	0.566872	0.189315
0.334705	0.449488	0.568652	0.190640
0.334729	0.448014	0.566751	0.189920
0.334765	0.448751	0.568975	0.191063
0.334632	0.449888	0.567978	0.190644
0.334627	0.448754	0.569573	0.190753
0.334728	0.449530	0.566984	0.191504
0.334640	0.450241	0.568314	0.190911
0.334662	0.450564	0.567833	0.189532
0.334731	0.449372	0.567068	0.190712
0.334654	0.449755	0.567782	0.189796
0.334684	0.449022	0.567750	0.189278
0.334700	0.449095	0.567344	0.189470
0.334708	0.448312	0.567705	0.189633
0.334746	0.448926	0.567330	0.190222
0.334659	0.448501	0.566836	0.188801
0.334701	0.448533	0.567762	0.190814
0.334614	0.448513	0.568445	0.189724
0.334617	0.449253	0.567949	0.190623
0.334724	0.449191	0.568371	0.189707
0.334627	0.448536	0.567806	0.188499
0.334784	0.449731	0.567901	0.189599
0.334744	0.449139	0.568294	0.190555
0.334720	0.449526	0.567653	0.190885
0.334725	0.448562	0.569364	0.189367
0.334645	0.449139	0.567242	0.190424
0.334632	0.449059	0.567326	0.189924
0.334681	0.449443	0.567193	0.189762
0.334731	0.450290	0.567900	0.190556
0.334703	0.448989	0.567770	0.190386
0.334679	0.449068	0.567612	0.189751
0.334714	0.449271	0.566810	0.189954
0.334636	0.448894	0.567123	0.190472
0.334622	0.448082	0.568135	0.190197
0.334720	0.449004	0.567411	0.189845
0.334591	0.449473	0.567926	0.191759
0.334632	0.448357	0.567893	0.189171
0.334739	0.448124	0.568354	0.189880
0.334748	0.449555	0.567364	0.189266
0.334709	0.449993	0.568020	0.190746
0.334793	0.448754	0.566705	0.191125
0.334670	0.448734	0.567109	0.189944
0.334706	0.448261	0.568351	0.190940
0.334725	0.449157	0.567449	0.189820
0.334701	0.448447	0.567269	0.190932
0.334659	0.449207	0.567226	0.189936
0.334660	0.449169	0.566955	0.191304
0.334671	0.448461	0.567037	0.189359
0.334725	0.448829	0.567736	0.189602
0.334706	0.449818	0.566474	0.189365
0.334646	0.447944	0.566441	0.189453
0.334703	0.449149	0.567815	0.191621
0.334669	0.451640	0.567992	0.190153
0.334680	0.448969	0.567705	0.190991
0.334627	0.448702	0.567272	0.191130
0.334739	0.447820	0.567525	0.190699
0.334674	0.449440	0.568162	0.190908
0.334683	0.449416	0.568277	0.189896
0.334630	0.450188	0.568805	0.191141
0.334790	0.448038	0.568086	0.190211
0.334642	0.449649	0.568408	0.188896
0.334819	0.448913	0.567913	0.189607
0.330866	0.447274	0.569234	0.189473
0.329861	0.448720	0.568007	0.191363
0.330083	0.450720	0.566938	0.189775
0.329909	0.450014	0.567730	0.189547
0.330095	0.448587	0.567007	0.189782
0.329995	0.450469	0.568433	0.191136
0.330072	0.448526	0.566139	0.190767
0.329979	0.448891	0.569993	0.190358
0.330037	0.449793	0.567878	0.190680
0.329935	0.447831	0.568086	0.189902
0.330049	0.448676	0.569018	0.190920
0.330013	0.447503	0.566794	0.189419
0.330004	0.447538	0.568764	0.190655
0.330023	0.447949	0.569047	0.189984
0.330043	0.447376	0.567701	0.189701
0.329987	0.447199	0.567697	0.189537
0.330033	0.448004	0.569023	0.189869
0.330017	0.448870	0.568359	0.189302
0.330083	0.449331	0.568281	0.189302
0.330004	0.447883	0.565988	0.189524
0.329940	0.447484	0.567302	0.189220
0.329982	0.447802	0.566726	0.188796
0.329944	0.448090	0.567731	0.190139
0.329995	0.448271	0.568578	0.190021
0.330016	0.448957	0.567463	0.189649
0.330103	0.450178	0.566286	0.189569
0.330012	0.449089	0.566921	0.190476
0.330023	0.450018	0.567702	0.189354
0.330008	0.449316	0.567326	0.190659
0.329903	0.449053	0.568955	0.189906
0.330108	0.449661	0.567804	0.189791
0.329978	0.448407	0.567284	0.191446
0.330260	0.448632	0.567425	0.191163
0.334033	0.450432	0.567599	0.189543
0.334945	0.447751	0.568996	0.190098
0.334388	0.448962	0.568793	0.190546
0.335085	0.448115	0.566355	0.189904
0.332619	0.448467	0.566997	0.188503
0.329556	0.448533	0.568764	0.190411
0.330268	0.448860	0.568571	0.190759
0.329830	0.447953	0.566490	0.189662
0.330245	0.449511	0.567102	0.190792
0.329855	0.450048	0.566745	0.190363
0.330296	0.447483	0.566804	0.189513
0.329602	0.448759	0.567052	0.189050
0.332277	0.450276	0.568437	0.188967
0.335049	0.448836	0.567814	0.190264
0.334492	0.450048	0.568122	0.190342
0.334783	0.448793	0.568727	0.188886
0.334463	0.448165	0.566606	0.189658
0.330649	0.449669	0.567430	0.189879
0.329821	0.448632	0.567212	0.189168
0.330166	0.447626	0.566513	0.190791
0.329904	0.448241	0.566492	0.188903
0.330021	0.447861	0.567593	0.188032
0.329990	0.449219	0.567182	0.189584
0.330092	0.448828	0.567420	0.189717
0.329953	0.449516	0.567467	0.190129
0.330002	0.449421	0.566408	0.190132
0.330004	0.449705	0.567723	0.190504
0.330008	0.450209	0.567396	0.189924
0.330023	0.450196	0.567489	0.190114
0.330048	0.448329	0.568307	0.189808
0.330034	0.450227	0.567188	0.189108
0.330051	0.448488	0.568039	0.189490
0.329963	0.449415	0.568109	0.191255
0.330032	0.448759	0.568610	0.191314
0.329988	0.447653	0.567252	0.190976
0.330006	0.448215	0.566524	0.189752
0.329957	0.449851	0.567959	0.188552
0.330036	0.449229	0.566977	0.190119
0.329989	0.447863	0.568176	0.190652
0.329969	0.450078	0.567777	0.189856
0.330029	0.447840	0.566886	0.191352
0.330019	0.447878	0.568160	0.190538
0.329989	0.448177	0.568257	0.190159
0.330017	0.448886	0.566994	0.189163
0.329984	0.447362	0.566968	0.191724
0.330017	0.449950	0.565674	0.189668
0.329984	0.450608	0.567231	0.190373
0.329985	0.447686	0.568191	0.191600
0.330081	0.447332	0.567616	0.191663
0.330032	0.447965	0.566497	0.191291
0.330097	0.449306	0.566817	0.190449
0.330019	0.448215	0.567158	0.189285
0.330038	0.448466	0.566629	0.190031
0.329925	0.447908	0.568438	0.190529
0.330174	0.447627	0.568375	0.189540
0.329801	0.446359	0.568963	0.190281
0.330590	0.447558	0.567518	0.189172
0.334398	0.446731	0.567718	0.188692
0.334956	0.447981	0.567548	0.190989
0.334059	0.448964	0.566900	0.190158
0.330082	0.448391	0.567197	0.190130
0.330003	0.449784	0.569078	0.190040
0.330097	0.448863	0.567672	0.189830
0.330003	0.448581	0.567998	0.189994
0.330046	0.448423	0.567577	0.190672
0.329866	0.449824	0.566911	0.189889
0.330714	0.448784	0.566513	0.189548
0.334548	0.448888	0.567603	0.190484
0.334868	0.448751	0.565676	0.189940
0.334060	0.447975	0.567472	0.189746
0.329993	0.448762	0.567781	0.189228
0.330044	0.446986	0.569910	0.189921
0.329954	0.449171	0.568014	0.189717
0.330008	0.448135	0.568428	0.189496
0.329995	0.447814	0.567448	0.191192
0.330059	0.448741	0.567540	0.190167
0.329958	0.448744	0.567755	0.189950
0.330031	0.449014	0.568531	0.189980
0.330023	0.446926	0.568059	0.190208
0.329979	0.449471	0.567463	0.192482
0.330096	0.448039	0.567128	0.189103
0.329959	0.449067	0.567638	0.188787
0.329978	0.448930	0.568468	0.189788
0.330021	0.448946	0.567767	0.189937
0.330073	0.447727	0.567567	0.189391
0.330068	0.448634	0.565906	0.189102
0.330011	0.447800	0.567697	0.190326
0.330072	0.448107	0.567315	0.190794
0.330013	0.448026	0.568281	0.191136
0.330041	0.448249	0.566918	0.189874
0.330022	0.447791	0.567280	0.189771
0.330051	0.448482	0.566677	0.190058
0.330036	0.447689	0.567495	0.189798
0.329983	0.449282	0.568430	0.189656
0.330014	0.448029	0.567551	0.190133
0.330057	0.448793	0.568166	0.189277
0.330009	0.447826	0.568428	0.191502
0.329965	0.448542	0.568498	0.189920
0.330049	0.448814	0.569528	0.189529
0.329998	0.448890	0.567859	0.190069
0.329987	0.449531	0.567831	0.191294
0.329949	0.448259	0.565580	0.190812
0.329998	0.448267	0.567460	0.190044
0.329978	0.448476	0.568408	0.190494
0.330128	0.449307	0.566674	0.190997
0.329948	0.448139	0.568351	0.189456
0.330209	0.448294	0.567127	0.190253
0.329736	0.448197	0.568652	0.189730
0.333303	0.447715	0.568270	0.189936
0.335080	0.447006	0.567220	0.190045
0.334437	0.447404	0.568415	0.189365
0.334901	0.448361	0.568537	0.189299
0.334432	0.446866	0.568037	0.192244
0.334991	0.448078	0.567433	0.189924
0.331258	0.447583	0.566994	0.189958
0.329805	0.447527	0.568663	0.191131
0.330148	0.447328	0.567368	0.189599
0.329909	0.448880	0.566074	0.190226
0.330039	0.448730	0.566099	0.189706
0.329992	0.447817	0.566909	0.190445
0.330024	0.446795	0.567448	0.191059
0.329990	0.448436	0.566519	0.191084
0.330082	0.448508	0.566112	0.191024
0.330018	0.448322	0.567914	0.190286
0.330038	0.448291	0.566756	0.189815
0.330008	0.448800	0.566987	0.190974
0.329992	0.448729	0.566919	0.189429
0.330059	0.449610	0.566908	0.189747
0.330008	0.447755	0.566530	0.190253
0.329997	0.447695	0.567113	0.190312
0.329954	0.448168	0.567518	0.190918
0.330013	0.448406	0.566097	0.190149
0.330034	0.450066	0.568216	0.190693
0.330096	0.448014	0.567282	0.189773
0.330062	0.450167	0.566421	0.189639
0.330128	0.450186	0.566747	0.190223
0.330076	0.448246	0.566669	0.190687
0.329955	0.447958	0.566906	0.190460
0.329973	0.449258	0.566084	0.189678
0.330048	0.448611	0.566528	0.189953
0.329963	0.447273	0.567829	0.191631
0.330122	0.446070	0.567896	0.189671
0.329858	0.447757	0.567180	0.190207
0.330226	0.447448	0.566963	0.189381
0.329856	0.447312	0.566460	0.190312
0.333733	0.449973	0.566796	0.190881
0.334785	0.447970	0.567643	0.190485
0.334721	0.447904	0.568222	0.191318
0.330973	0.449644	0.568351	0.191495
0.329704	0.446951	0.567064	0.190262
0.330115	0.448162	0.566027	0.190261
0.329859	0.447389	0.567795	0.189939
0.330019	0.449405	0.566663	0.188934
0.329948	0.446780	0.566497	0.188622
0.330103	0.447836	0.567391	0.188863
0.329964	0.449050	0.566633	0.190045
0.330078	0.447242	0.567430	0.191418
0.329934	0.447916	0.567213	0.190352
0.330151	0.448465	0.566674	0.190837
0.329955	0.449488	0.566137	0.190652
0.330033	0.447981	0.568216	0.190129
0.330029	0.448078	0.567973	0.189020
0.329998	0.448855	0.568823	0.190003
0.329989	0.448460	0.568236	0.190201
0.330032	0.448242	0.566069	0.190555
0.329978	0.449365	0.567633	0.189797
0.329960	0.448142	0.567739	0.190561
0.330011	0.448800	0.567676	0.190956
0.330072	0.449162	0.567805	0.191441
0.330003	0.447852	0.566919	0.190669
0.330009	0.446264	0.567579	0.189766
0.330003	0.448737	0.567007	0.190130
0.330007	0.447056	0.567162	0.189998
0.330003	0.448097	0.567588	0.190756
0.330063	0.448336	0.567426	0.191170
0.330044	0.447535	0.567764	0.189372
0.330066	0.448890	0.567477	0.189539
0.330063	0.447617	0.567206	0.188982
0.330051	0.448158	0.566198	0.188500
0.330090	0.447804	0.568023	0.189352
0.329984	0.449819	0.568053	0.188921
0.330006	0.449338	0.568399	0.190692
0.330042	0.446817	0.568015	0.188588
0.330016	0.448405	0.566701	0.190362
0.330097	0.447403	0.568002	0.189588
0.330054	0.447825	0.566854	0.190064
0.330038	0.449173	0.566688	0.190322
0.329958	0.447739	0.566535	0.189101
0.330027	0.447501	0.567632	0.188315
0.329989	0.447003	0.565496	0.188335
0.330069	0.447836	0.567114	0.189925
0.330044	0.447429	0.567336	0.189007
0.330069	0.447552	0.566871	0.190039
0.330008	0.447850	0.568178	0.190311
0.329948	0.448984	0.568251	0.190772
0.330046	0.449418	0.565935	0.191070
0.330029	0.447969	0.566146	0.189458
0.330051	0.449517	0.566507	0.188954
0.329994	0.449281	0.565377	0.189981
0.329958	0.448751	0.568469	0.189860
0.329969	0.449298	0.567572	0.190773
0.330012	0.449629	0.566217	0.189935
0.330042	0.448036	0.566834	0.189020
0.330016	0.448457	0.565679	0.190092
0.330043	0.447844	0.566408	0.189558
0.329967	0.447448	0.566978	0.189288
0.329954	0.447449	0.566344	0.189617
0.330047	0.449851	0.567029	0.189267
0.330026	0.448685	0.567835	0.190638
0.330013	0.448880	0.566849	0.190917
0.330068	0.448114	0.567312	0.190627
0.330043	0.447521	0.565689	0.190387
0.329972	0.449157	0.566972	0.189215
0.330012	0.448600	0.566468	0.189647
0.330043	0.449039	0.566997	0.188691
0.329993	0.448272	0.566154	0.189755
0.329886	0.448565	0.567369	0.190326
0.330068	0.447218	0.566212	0.189830
0.329992	0.446902	0.565577	0.189510
0.330083	0.449410	0.566715	0.188954
0.330022	0.447363	0.566401	0.189479
0.329942	0.447109	0.567458	0.189513
0.329979	0.448538	0.568186	0.189425
0.329999	0.447791	0.566355	0.189807
0.329964	0.448174	0.567968	0.190677
0.329970	0.448806	0.567834	0.189007
0.330007	0.449320	0.566940	0.189408
0.330053	0.448829	0.566968	0.188349
0.330009	0.448426	0.567513	0.191485
0.329975	0.448014	0.567216	0.191710
0.330006	0.449552	0.566278	0.189833
0.330028	0.449401	0.566647	0.190036
0.329998	0.448303	0.566136	0.191812
0.330011	0.449557	0.567381	0.188936
0.329995	0.448099	0.566301	0.191259
0.329957	0.448632	0.567281	0.189409
0.330014	0.448163	0.566804	0.190416
0.329985	0.448389	0.567499	0.191039
0.330003	0.448287	0.567766	0.189818
0.330036	0.449947	0.566105	0.189553
0.329940	0.448642	0.565951	0.190084
0.330013	0.448893	0.566063	0.189233
0.329973	0.448968	0.567770	0.189230
0.329998	0.449674	0.567569	0.189798
0.330044	0.446591	0.566484	0.188998
0.329960	0.448112	0.567086	0.189211
0.329988	0.447686	0.567028	0.190677
0.330002	0.447039	0.566355	0.191178
0.330008	0.448674	0.566741	0.187902
0.330110	0.447742	0.566702	0.190551
0.330008	0.447409	0.567569	0.189121
0.329992	0.448104	0.565727	0.189602
0.329929	0.448367	0.566772	0.190013
0.330042	0.447488	0.566644	0.189542
0.330056	0.449411	0.566222	0.190784
0.330032	0.449352	0.566108	0.190738
0.330048	0.448198	0.566163	0.189464
0.330018	0.448712	0.566228	0.189503
0.330037	0.448036	0.566251	0.190187
0.329989	0.449472	0.567381	0.190145
0.330026	0.447961	0.565919	0.190122
0.330043	0.447835	0.568655	0.190996
0.330053	0.449138	0.565511	0.191418
0.330038	0.448067	0.567598	0.190491
0.330082	0.448354	0.566700	0.190619
0.330002	0.448158	0.566446	0.188536
0.330029	0.447759	0.566042	0.191313
0.330041	0.447227	0.566854	0.191235
0.329968	0.449202	0.565990	0.191489
0.329980	0.448928	0.566327	0.190600
0.330041	0.446996	0.568442	0.190435
0.330073	0.448436	0.568180	0.191674
0.330064	0.448997	0.567193	0.191735
0.330043	0.448451	0.566483	0.190264
0.330023	0.448625	0.566755	0.190574
0.330064	0.448143	0.566386	0.191202
0.329979	0.447565	0.566994	0.190465
0.329992	0.447780	0.567791	0.189780
0.330071	0.447115	0.567038	0.189523
0.330028	0.448420	0.565788	0.190744
0.330011	0.448233	0.567538	0.189517
0.330018	0.447252	0.566690	0.189775
0.329932	0.447950	0.567727	0.189513
0.330078	0.446310	0.567230	0.189439
0.329954	0.446436	0.565480	0.191088
0.329975	0.447811	0.566499	0.191080
0.330046	0.447670	0.567668	0.189704
0.329904	0.447684	0.565865	0.189985
0.330086	0.447461	0.567459	0.189711
0.329997	0.447807	0.566093	0.189436
0.329989	0.447894	0.566840	0.190119
0.330061	0.448881	0.568489	0.189961
0.330036	0.448005	0.567626	0.190072
0.329998	0.447870	0.566653	0.191468
0.330046	0.446697	0.566914	0.191289
0.330096	0.447771	0.568148	0.190183
0.330006	0.447578	0.567012	0.191718
0.330091	0.447637	0.566266	0.192099
0.330028	0.449148	0.566104	0.189484
0.330052	0.447924	0.566484	0.191001
0.329988	0.448929	0.567671	0.190292
0.329993	0.448233	0.567672	0.190064
0.330051	0.448120	0.567683	0.191272
0.330042	0.448481	0.566277	0.188735
0.329935	0.447690	0.566717	0.190503
0.329993	0.447756	0.567247	0.190816
0.330013	0.447762	0.566594	0.189547
0.330056	0.448430	0.566514	0.192453
0.329977	0.449015	0.567066	0.191174
0.330008	0.448234	0.566750	0.189688
0.329943	0.447512	0.566271	0.190520
0.329984	0.448080	0.565019	0.190918
0.329969	0.447914	0.565262	0.190726
0.330078	0.447710	0.566800	0.190402
0.330066	0.448450	0.567413	0.190239
0.330086	0.448794	0.566253	0.190754
0.330014	0.449859	0.566019	0.190642
0.330077	0.447901	0.566703	0.191410
0.329944	0.447402	0.565746	0.189921
0.330033	0.446902	0.565839	0.191105
0.330066	0.447525	0.566304	0.190383
0.330021	0.447448	0.567176	0.190348
0.330024	0.446939	0.567652	0.191490
0.329988	0.447547	0.566336	0.190714
0.330069	0.447660	0.567841	0.191418
0.329899	0.447020	0.567376	0.189945
0.330006	0.448547	0.566872	0.189626
0.329954	0.449340	0.567443	0.190202
0.330033	0.450231	0.568824	0.192327
0.330003	0.448177	0.567523	0.189727
0.329926	0.448085	0.567761	0.188841
0.329987	0.448950	0.566399	0.191276
0.330014	0.446811	0.567596	0.191266
0.330004	0.448876	0.568246	0.189592
0.329988	0.449030	0.567375	0.191593
0.330058	0.448487	0.566522	0.190327
0.330018	0.448676	0.567190	0.189307
0.329959	0.448701	0.566314	0.190435
0.330008	0.448307	0.566820	0.190293
0.330000	0.447346	0.566624	0.191079
0.329930	0.446971	0.566458	0.191218
0.329962	0.448411	0.565594	0.191274
0.329982	0.448133	0.567282	0.191813
0.329975	0.447080	0.565498	0.190148
0.329968	0.447180	0.566097	0.190584
0.330008	0.447959	0.565981	0.191055
0.330029	0.447254	0.566217	0.191358
0.330026	0.447523	0.565904	0.190880
0.330059	0.448344	0.567009	0.189569
0.330008	0.448670	0.567742	0.191272
0.329999	0.448173	0.566319	0.191276
0.329980	0.447372	0.567445	0.189968
0.329955	0.447636	0.565410	0.189740
0.329978	0.447193	0.567049	0.190494
0.329987	0.447173	0.567515	0.189351
0.330047	0.448397	0.566628	0.189721
0.330047	0.447899	0.566582	0.189816
0.330052	0.448145	0.566371	0.190432
0.330019	0.448288	0.565976	0.190196
0.330051	0.447205	0.566579	0.189689
0.329988	0.446983	0.567525	0.189385
0.329993	0.448192	0.566207	0.189905
0.329994	0.447670	0.566278	0.191530
0.330068	0.448467	0.566510	0.189935
0.330062	0.449306	0.566753	0.191814
0.330051	0.447791	0.565515	0.189970
0.330006	0.447971	0.566403	0.190178
0.329982	0.448314	0.565983	0.192007
0.330022	0.447704	0.567173	0.190395
0.330026	0.448661	0.567063	0.189766
0.330004	0.448885	0.567072	0.191368
0.330041	0.448271	0.567631	0.190530
0.330064	0.448115	0.566686	0.191610
0.330000	0.448657	0.566821	0.191044
0.329995	0.447568	0.566820	0.190021
0.330031	0.447493	0.565747	0.192372
0.330026	0.447660	0.566248	0.191487
0.330014	0.449014	0.567563	0.190818
0.330018	0.448062	0.567591	0.190719
0.329970	0.448436	0.567945	0.190251
0.330018	0.448754	0.567205	0.191053
0.330029	0.448587	0.565760	0.190575
0.330022	0.447709	0.567583	0.189499
0.330041	0.448983	0.566108	0.191809
0.330044	0.446786	0.565627	0.190852
0.329963	0.447180	0.567059	0.190965
0.330037	0.447865	0.566300	0.191794
0.330043	0.448296	0.566196	0.190769
0.330021	0.447764	0.566268	0.189818
0.330062	0.448816	0.567403	0.191148
0.330044	0.447081	0.565216	0.190368
0.330041	0.447332	0.567171	0.189678
0.330039	0.448238	0.566148	0.190480
0.329983	0.447516	0.567383	0.189716
0.329979	0.447388	0.566565	0.189694
0.329969	0.448178	0.566172	0.189953
0.329945	0.448158	0.568389	0.191190
0.330013	0.447999	0.567358	0.190901
0.330028	0.449368	0.566998	0.190226
0.330062	0.449173	0.566790	0.190360
0.329965	0.448639	0.567707	0.190813
0.329998	0.448162	0.566608	0.189910
0.330007	0.450158	0.567227	0.189022
0.330024	0.448809	0.567330	0.191818
0.329984	0.448149	0.568457	0.189174
0.330031	0.447776	0.566364	0.190850
0.330013	0.449381	0.565662	0.190748
0.330042	0.447839	0.567359	0.190192
0.329989	0.447679	0.566609	0.190465
0.329965	0.449093	0.566062	0.188628
0.330034	0.446765	0.566438	0.189919
0.330044	0.449741	0.567092	0.190474
0.330053	0.448242	0.565084	0.189555
0.329978	0.446672	0.566830	0.191056
0.329960	0.446896	0.565956	0.190566
0.330029	0.446847	0.565366	0.190545
0.330023	0.448804	0.566701	0.189861
0.330006	0.449238	0.567205	0.188797
0.330037	0.447586	0.566032	0.191695
0.330080	0.448244	0.565181	0.190212
0.330072	0.447502	0.564504	0.190079
0.329984	0.447190	0.566146	0.190657
0.330012	0.447652	0.567073	0.191106
0.329926	0.447487	0.567337	0.191085
0.329945	0.447820	0.566013	0.190531
0.330044	0.446617	0.565485	0.191119
0.330087	0.448734	0.566514	0.190376
0.329999	0.449024	0.565465	0.190431
0.329994	0.447795	0.565664	0.191595
0.330011	0.447911	0.565818	0.191113
0.330067	0.450464	0.568116	0.191293
0.330038	0.447492	0.566740	0.190961
0.329937	0.449868	0.566743	0.189612
0.330024	0.448919	0.566997	0.192393
0.329995	0.449187	0.565508	0.191328
0.330017	0.449606	0.567587	0.190876
0.330026	0.448228	0.566095	0.191193
0.330000	0.448983	0.568602	0.189651
0.330043	0.448978	0.565558	0.190836
0.330026	0.448024	0.566351	0.191361
0.329962	0.447844	0.566126	0.191417
0.330003	0.447582	0.566030	0.190093
0.329990	0.447413	0.566696	0.190528
0.330037	0.448486	0.566085	0.190881
0.330004	0.447089	0.566290	0.191319
0.329964	0.447746	0.565619	0.191124
0.330017	0.446764	0.567568	0.190801
0.329994	0.447346	0.566193	0.190752
0.330024	0.446761	0.567670	0.191035
0.330038	0.446303	0.567069	0.190223
0.330007	0.448083	0.566473	0.190030
0.330098	0.448530	0.566292	0.190009
0.329985	0.448790	0.566228	0.190296
0.330102	0.447104	0.565654	0.188487
0.330095	0.447207	0.565733	0.190444
0.329977	0.448373	0.566770	0.190248
0.329969	0.448098	0.567592	0.189162
0.330007	0.447309	0.567631	0.189579
0.329997	0.448175	0.566746	0.190601
0.330026	0.447085	0.567299	0.190702
0.329954	0.448972	0.567248	0.190097
0.330072	0.448021	0.566504	0.190425
0.330037	0.448192	0.567583	0.190455
0.329920	0.449059	0.567588	0.190524
0.330027	0.449124	0.566083	0.190773
0.330061	0.448236	0.565168	0.190219
0.329962	0.446926	0.566355	0.190113
0.330053	0.448440	0.567025	0.189740
0.329995	0.449456	0.566470	0.190183
0.330049	0.446154	0.565860	0.190003
0.330037	0.447652	0.566668	0.190439
0.329972	0.448194	0.567203	0.189662
0.329995	0.448319	0.566999	0.191625
0.330034	0.448427	0.566227	0.190238
0.329999	0.448374	0.566446	0.190836
0.330024	0.446544	0.566210	0.190224
0.330002	0.448768	0.566382	0.189535
0.329972	0.447715	0.566370	0.190386
0.329997	0.446856	0.566058	0.191385
0.330041	0.449236	0.566916	0.190698
0.330021	0.447137	0.566857	0.191401
0.329947	0.447099	0.564466	0.191237
0.329972	0.447641	0.567131	0.191200
0.330068	0.447757	0.567128	0.188844
0.329983	0.446901	0.565926	0.189998
0.330009	0.446146	0.566508	0.189384
0.330028	0.444659	0.565585	0.190080
0.330028	0.447608	0.566543	0.190872
0.329999	0.447551	0.566518	0.189624
0.329994	0.448421	0.566909	0.189748
0.330034	0.447521	0.565735	0.189805
0.330073	0.448555	0.566866	0.191754
0.329982	0.447750	0.566857	0.190550
0.330000	0.447705	0.566537	0.190586
0.330002	0.447168	0.567677	0.190732
0.330042	0.449174	0.567358	0.191242
0.330028	0.449326	0.566025	0.191093
0.330028	0.447684	0.566473	0.191789
0.330007	0.447701	0.566984	0.189335
0.330016	0.448331	0.567891	0.190752
0.329982	0.447457	0.565431	0.190313
0.329952	0.446885	0.565341	0.192099
0.330068	0.447342	0.566816	0.191115
0.330006	0.446085	0.565657	0.189717
0.329947	0.448522	0.565682	0.191455
0.329940	0.447935	0.566295	0.191698
0.329959	0.447991	0.565248	0.191343
0.329998	0.449123	0.564865	0.191004
0.330062	0.447881	0.565451	0.189902
0.330000	0.449576	0.566727	0.188380
0.329990	0.447868	0.567401	0.189694
0.330063	0.447274	0.565465	0.188969
0.330102	0.447817	0.567875	0.191509
0.330059	0.446615	0.567480	0.190348
0.329990	0.449062	0.566389	0.190976
0.330064	0.447041	0.566226	0.190232
0.329983	0.448204	0.565610	0.190183
0.329950	0.448203	0.565750	0.189894
0.330027	0.446585	0.565359	0.190702
0.330004	0.446942	0.565766	0.189818
0.330083	0.445967	0.565281	0.190008
0.330053	0.448257	0.566009	0.190316
0.329995	0.448078	0.565995	0.190482
0.329994	0.448602	0.566662	0.190295
0.329949	0.446522	0.567468	0.189668
0.330047	0.448396	0.566138	0.189672
0.330097	0.448742	0.565933	0.189108
0.330003	0.446847	0.565772	0.191081
0.329963	0.446607	0.566139	0.190695
0.330024	0.447666	0.566205	0.190977
0.330032	0.446921	0.564704	0.190797
0.330029	0.448299	0.566652	0.191425
0.329988	0.447553	0.566819	0.191169
0.330042	0.448289	0.565552	0.190070
0.329987	0.448493	0.565682	0.190835
0.330012	0.448351	0.566888	0.191061
0.330032	0.447830	0.565520	0.191293
0.330011	0.448371	0.565592	0.190218
0.329999	0.448518	0.565147	0.190060
0.330053	0.447940	0.566421	0.189904
0.330069	0.449501	0.566387	0.189782
0.330053	0.447078	0.566133	0.191002
0.330037	0.447035	0.565845	0.189438
0.330038	0.447309	0.563297	0.191050
0.329984	0.447945	0.563533	0.189671
0.330011	0.449257	0.563437	0.190073
0.330049	0.449376	0.561572	0.190945
0.329968	0.448793	0.561331	0.190926
0.330011	0.448895	0.562294	0.190996
0.330038	0.449570	0.560973	0.189697
0.329968	0.448516	0.560406	0.188411
0.330024	0.448669	0.560287	0.190549
0.330095	0.450313	0.560475	0.189674
0.330077	0.448552	0.560447	0.189460
0.330083	0.450148	0.558946	0.190273
0.330039	0.450412	0.558008	0.190487
0.329993	0.451451	0.559466	0.190840
0.330018	0.453257	0.557241	0.190804
0.329952	0.452261	0.558160	0.190038
0.330088	0.454181	0.556904	0.190158
0.329992	0.453053	0.557566	0.189713
0.330049	0.452479	0.556076	0.190218
0.330067	0.453335	0.556143	0.190155
0.329995	0.454364	0.555172	0.189302
0.329963	0.455278	0.554060	0.190087
0.329940	0.453859	0.554856	0.190318
0.329998	0.454230	0.555080	0.190351
0.330004	0.454255	0.554362	0.189282
0.330038	0.455205	0.554511	0.189808
0.329977	0.454613	0.552192	0.189454
0.330023	0.454980	0.553158	0.189681
0.329968	0.455485	0.553134	0.189485
0.330056	0.455319	0.553140	0.188163
0.330061	0.456712	0.553513	0.189436
0.330057	0.454672	0.553036	0.191086
0.330004	0.456468	0.552411	0.190030
0.330068	0.455848	0.551811	0.189831
0.330036	0.454960	0.550767	0.190277
0.330012	0.457421	0.549779	0.188945
0.329985	0.455981	0.548746	0.189910
0.330047	0.457724	0.549228	0.189979
0.330051	0.457857	0.547733	0.189433
0.330044	0.457358	0.546046	0.189304
0.329984	0.456518	0.547155	0.189852
0.330000	0.458819	0.546186	0.189687
0.330018	0.459530	0.546427	0.190227
0.329970	0.460862	0.545437	0.189466
0.329963	0.459471	0.544990	0.189474
0.330032	0.461369	0.545307	0.189811
0.330076	0.460008	0.544608	0.190095
0.330023	0.460837	0.544092	0.189256
0.330076	0.462227	0.544894	0.189914
0.329973	0.462276	0.543238	0.189278
0.329983	0.460914	0.543613	0.190005
0.330029	0.462665	0.543543	0.189201
0.330016	0.461526	0.543365	0.189232
0.330004	0.463585	0.543275	0.189102
0.329970	0.464300	0.540994	0.189347
0.330092	0.463548	0.540500	0.189773
0.330016	0.462714	0.539248	0.190023
0.329942	0.463474	0.538531	0.188876
0.330047	0.465071	0.538199	0.190540
0.329992	0.464230	0.538109	0.189073
0.330038	0.465817	0.535740	0.189148
0.330034	0.465792	0.536321	0.188106
0.330009	0.465803	0.536290	0.190271
0.330002	0.465011	0.535492	0.189306
0.330013	0.466098	0.535775	0.188978
0.329965	0.465445	0.534855	0.189731
0.330014	0.465047	0.533718	0.188313
0.330012	0.466637	0.533187	0.189307
0.330024	0.467397	0.531288	0.189345
0.329935	0.467865	0.532198	0.189559
0.330043	0.467682	0.532151	0.188558
0.329987	0.468513	0.530440	0.189605
0.329992	0.469224	0.529804	0.189644
0.330041	0.469798	0.530862	0.188829
0.330022	0.468645	0.529573	0.189450
0.330028	0.470595	0.527371	0.188207
0.330026	0.468603	0.529080	0.188093
0.330110	0.470479	0.527683	0.188112
0.330009	0.471526	0.526679	0.188211
0.330062	0.471753	0.525387	0.189728
0.330028	0.471972	0.526266	0.188702
0.330039	0.473516	0.524909	0.187269
0.330011	0.473894	0.525130	0.189064
0.329999	0.475159	0.522688	0.188437
0.330022	0.471430	0.522995	0.189124
0.330009	0.473713	0.522196	0.188997
0.330032	0.474222	0.521926	0.189658
0.329979	0.474926	0.520770	0.189171
0.330049	0.475264	0.519457	0.188546
0.329950	0.474895	0.519678	0.189780
0.330053	0.476027	0.518806	0.186934
0.330046	0.475204	0.517811	0.188661
0.330013	0.477424	0.518415	0.189543
0.330068	0.476298	0.518309	0.188547
0.330043	0.476765	0.517615	0.188440
0.330024	0.477587	0.515754	0.188428
0.330054	0.476894	0.517005	0.188150
0.329970	0.477567	0.514897	0.188009
0.330047	0.478223	0.514784	0.187850
0.330029	0.477487	0.512193	0.187228
0.330083	0.478069	0.513435	0.188990
0.330042	0.479213	0.512889	0.188926
0.330064	0.479606	0.510785	0.187375
0.330012	0.479612	0.510528	0.188039
0.329926	0.480974	0.510126	0.189689
0.330032	0.480607	0.510893	0.186849
0.330048	0.480765	0.508741	0.187770
0.330038	0.482098	0.507581	0.188829
0.330067	0.480572	0.506105	0.188031
0.330148	0.481827	0.505635	0.189151
0.330058	0.481563	0.505585	0.187679
0.330022	0.483976	0.505497	0.186359
0.330078	0.483554	0.503101	0.187139
0.330063	0.483834	0.503819	0.187246
0.329987	0.485230	0.502055	0.188775
0.329993	0.483919	0.502788	0.187835
0.329998	0.484829	0.502072	0.188285
0.330032	0.485394	0.500328	0.187385
0.329947	0.486484	0.500874	0.187478
0.330068	0.485349	0.498428	0.189207
0.330054	0.486717	0.498084	0.187088
0.330032	0.487870	0.498268	0.188385
0.329987	0.487623	0.496358	0.188950
0.330127	0.488635	0.495240	0.186914
0.329945	0.488020	0.493382	0.187070
0.330081	0.489087	0.493685	0.187063
0.329972	0.490721	0.492012	0.187620
0.330172	0.491242	0.491349	0.186695
0.329918	0.490779	0.490532	0.186996
0.330157	0.491480	0.488201	0.188442
0.329674	0.491714	0.487728	0.186092
0.331269	0.493007	0.485894	0.188267
0.334790	0.492623	0.484977	0.186318
0.334536	0.493350	0.484832	0.187617
0.334753	0.494431	0.482314	0.186911
0.334735	0.495289	0.481617	0.187483
0.334655	0.495487	0.481043	0.188670
0.334753	0.497491	0.480835	0.186884
0.334523	0.496992	0.479339	0.185745
0.334893	0.497272	0.478254	0.187070
0.331221	0.496900	0.477246	0.186089
0.329745	0.498511	0.474939	0.186556
0.330172	0.498566	0.473476	0.186002
0.329963	0.499367	0.472302	0.186657
0.330061	0.499416	0.472133	0.186576
0.329962	0.499722	0.469302	0.186482
0.329905	0.500735	0.469641	0.186116
0.333477	0.501207	0.468281	0.186181
0.335058	0.502586	0.466974	0.185278
0.334392	0.503962	0.465385	0.187347
0.335080	0.502143	0.465017	0.185937
0.333285	0.502693	0.464476	0.186496
0.329688	0.503633	0.463063	0.185712
0.330357	0.505895	0.462091	0.185956
0.329716	0.506801	0.460277	0.186445
0.331497	0.505861	0.459506	0.187516
0.334912	0.506274	0.458507	0.186364
0.334563	0.506847	0.458268	0.185193
0.334768	0.507959	0.457715	0.187210
0.334662	0.507353	0.455208	0.186758
0.334679	0.508499	0.455625	0.187836
0.334719	0.508807	0.453547	0.185660
0.334709	0.509269	0.450495	0.185235
0.334681	0.510348	0.450021	0.184332
0.334681	0.511713	0.446896	0.186240
0.334683	0.510532	0.445971	0.184875
0.334694	0.512162	0.443475	0.185184
0.334670	0.511509	0.442198	0.185397
0.334703	0.512754	0.441516	0.186007
0.334688	0.512472	0.440503	0.184509
0.334689	0.512526	0.439791	0.184689
0.334699	0.515803	0.439296	0.185479
0.334736	0.513365	0.438115	0.184053
0.334736	0.514877	0.434954	0.184793
0.334672	0.514771	0.434961	0.185754
0.334691	0.514817	0.432452	0.183968
0.334715	0.518769	0.430470	0.185039
0.334660	0.518235	0.428741	0.185006
0.334669	0.518387	0.429307	0.184409
0.334715	0.519063	0.428184	0.184358
0.334651	0.518658	0.426962	0.185175
0.334709	0.518275	0.425090	0.185329
0.334675	0.520659	0.424853	0.185922
0.334728	0.520575	0.422345	0.184852
0.334736	0.522323	0.421178	0.185148
0.334703	0.520874	0.419578	0.183518
0.334760	0.524345	0.416100	0.184645
0.334734	0.523170	0.415767	0.182691
0.338932	0.523044	0.412477	0.183646
0.339958	0.523944	0.411210	0.183299
0.339590	0.524483	0.410019	0.184143
0.339741	0.524505	0.408864	0.185474
0.339726	0.523993	0.404697	0.184306
0.339777	0.524842	0.405539	0.185044
0.339714	0.525015	0.404253	0.183941
0.339771	0.526962	0.402981	0.184407
0.339788	0.526296	0.401072	0.186139
0.339767	0.528958	0.399568	0.183846
0.339713	0.528543	0.397101	0.183841
0.339773	0.528832	0.396839	0.183772
0.339723	0.530687	0.394664	0.184802
0.339702	0.529894	0.393936	0.184236
0.339787	0.530942	0.391749	0.182579
0.339718	0.529477	0.391036	0.184113
0.339773	0.530541	0.388596	0.184838
0.339733	0.532137	0.386861	0.183274
0.339745	0.532459	0.385006	0.182810
0.339725	0.531509	0.382588	0.183170
0.339758	0.533399	0.379753	0.182666
0.339750	0.534757	0.377358	0.182464
0.339786	0.536926	0.375440	0.183892
0.339747	0.537104	0.372262	0.183311
0.339738	0.535311	0.371436	0.182766
0.339698	0.536687	0.369564	0.181473
0.339753	0.535656	0.370616	0.183668
0.339706	0.536566	0.366169	0.183662
0.339844	0.535164	0.366704	0.182702
0.339662	0.537135	0.365389	0.182230
0.339878	0.538567	0.363134	0.182063
0.339619	0.538511	0.360501	0.182582
0.339999	0.539028	0.358925	0.182242
0.339324	0.539596	0.356403	0.184052
0.342165	0.541078	0.355086	0.181587
0.345257	0.542198	0.353563	0.182300
0.344610	0.541529	0.351252	0.183934
0.344888	0.541313	0.348225	0.181849
0.344779	0.541675	0.347535	0.181434
0.344879	0.542586	0.346239	0.182671
0.344705	0.543354	0.342943	0.182631
0.344932	0.545209	0.339173	0.182596
0.344696	0.546190	0.336878	0.179978
0.344925	0.546962	0.333848	0.182760
0.344769	0.545679	0.333532	0.182846
0.344768	0.546410	0.330581	0.180872
0.344841	0.546897	0.330015	0.181167
0.344819	0.545613	0.328374	0.181189
0.344812	0.544380	0.326975	0.182488
0.344809	0.545341	0.326960	0.181330
0.344765	0.546957	0.321942	0.181397
0.344874	0.547526	0.320061	0.181304
0.344782	0.549517	0.317950	0.181407
0.344751	0.548799	0.315674	0.180334
0.344874	0.548880	0.312824	0.180921
0.344800	0.549080	0.310750	0.180396
0.344762	0.551616	0.310031	0.179133
0.344759	0.550127	0.308156	0.180513
0.344839	0.549873	0.307406	0.182011
0.344698	0.550576	0.305484	0.180862
0.345350	0.552610	0.302255	0.179403
0.349678	0.552778	0.300332	0.181368
0.349832	0.553078	0.296762	0.181798
0.349837	0.553832	0.292897	0.180100
0.349797	0.555932	0.290138	0.181025
0.349928	0.555597	0.286217	0.180387
0.349854	0.555643	0.284207	0.181315
0.349839	0.554595	0.283183	0.181548
0.349830	0.555743	0.281316	0.180125
0.349862	0.556503	0.279056	0.181590
0.349750	0.556061	0.279257	0.181070
0.349969	0.556132	0.275786	0.181307
0.349796	0.556333	0.274856	0.181010
0.350002	0.557765	0.273034	0.181021
0.349752	0.558022	0.268565	0.180293
0.350555	0.559053	0.265775	0.180087
0.354799	0.559541	0.263693	0.180184
0.354886	0.560496	0.262360	0.181593
0.354897	0.559781	0.259425	0.179531
0.354897	0.559636	0.260212	0.179140
0.354874	0.559084	0.257856	0.179469
0.354893	0.559700	0.253377	0.178785
0.354921	0.560312	0.252177	0.179440
0.354902	0.560570	0.249119	0.179421
0.354936	0.562039	0.245922	0.179715
0.354899	0.563430	0.241808	0.178719
0.354867	0.563631	0.238266	0.180232
0.354950	0.565166	0.234541	0.179298
0.354892	0.564202	0.231603	0.178749
0.354942	0.563296	0.231387	0.177895
0.354829	0.563750	0.228529	0.180181
0.354906	0.564340	0.229007	0.179526
0.354832	0.563405	0.227351	0.178585
0.355017	0.565028	0.227307	0.178761
0.354630	0.565068	0.223567	0.179084
0.355736	0.564785	0.220705	0.180160
0.359919	0.566071	0.218705	0.179873
0.359864	0.566776	0.214906	0.180288
0.359903	0.567566	0.211797	0.179323
0.359964	0.568969	0.209325	0.179253
0.359852	0.568502	0.207029	0.178919
0.360018	0.568702	0.205776	0.178937
0.359684	0.569205	0.204902	0.180406
0.360791	0.568239	0.204048	0.178778
0.365020	0.568264	0.201247	0.179947
0.364813	0.568741	0.200052	0.179253
0.365074	0.569310	0.198108	0.179595
0.364852	0.570828	0.194603	0.179553
0.365017	0.571869	0.191722	0.178538
0.364956	0.570660	0.187275	0.179402
0.364941	0.571630	0.185613	0.178471
0.364872	0.570777	0.183812	0.178322
0.365103	0.570740	0.182000	0.177870
0.364899	0.570941	0.182228	0.177192
0.365021	0.568822	0.183038	0.178820
0.364919	0.569167	0.182329	0.178558
0.365037	0.568895	0.181792	0.177393
0.364844	0.568034	0.180446	0.176914
0.365111	0.567996	0.180199	0.179766
0.364647	0.569742	0.177626	0.178263
0.368455	0.567164	0.177377	0.178511
0.370316	0.567449	0.176109	0.177829
0.369881	0.568543	0.175674	0.178326
0.370062	0.567195	0.176058	0.177613
0.370017	0.565967	0.175775	0.178054
0.370043	0.568463	0.175997	0.178063
0.370023	0.566555	0.174524	0.179309
0.370043	0.568981	0.175358	0.178693
0.370019	0.567439	0.172302	0.178394
0.369999	0.567955	0.173320	0.178037
0.370059	0.567532	0.174313	0.178831
0.369993	0.566543	0.172643	0.178722
0.370140	0.565436	0.174516	0.177499
0.369872	0.565280	0.175773	0.178293
0.370196	0.561980	0.178639	0.178516
0.369793	0.562331	0.179261	0.179769
0.373762	0.560722	0.179090	0.178400
0.375437	0.559628	0.177398	0.179700
0.374933	0.561283	0.177624	0.178960
0.375194	0.560467	0.176368	0.178912
0.375114	0.560084	0.176792	0.178817
0.375158	0.558602	0.175504	0.179863
0.375100	0.556966	0.176136	0.178628
0.375065	0.556855	0.179248	0.178322
0.375182	0.554873	0.180284	0.176932
0.374963	0.555763	0.179865	0.177596
0.375286	0.554004	0.178438	0.179103
0.374728	0.552962	0.178703	0.178607
0.376441	0.552907	0.177226	0.178120
0.379966	0.554027	0.176134	0.179041
0.379527	0.552303	0.174477	0.178625
0.379787	0.552176	0.174308	0.178677
0.379622	0.554195	0.174751	0.179753
0.379780	0.551848	0.175471	0.178336
0.379672	0.550621	0.174088	0.178174
0.379600	0.547773	0.175862	0.178374
0.379763	0.546962	0.175714	0.177918
0.376006	0.546749	0.176921	0.177671
0.374850	0.545704	0.177081	0.179008
0.375232	0.546300	0.177076	0.178340
0.374991	0.544280	0.176953	0.177819
0.375212	0.544703	0.175766	0.178236
0.375047	0.545220	0.176042	0.178777
0.375173	0.544448	0.177532	0.178835
0.374953	0.543708	0.176523	0.178015
0.375095	0.542680	0.176840	0.178282
0.375089	0.540968	0.179041	0.178970
0.375145	0.540492	0.178570	0.177865
0.375052	0.539745	0.178338	0.178194
0.375126	0.540540	0.177381	0.179841
0.375134	0.538914	0.178311	0.181193
0.375076	0.539841	0.176958	0.178147
0.375109	0.537837	0.176705	0.177603
0.375010	0.538771	0.176502	0.178761
0.375082	0.538526	0.174662	0.177941
0.375104	0.537464	0.175769	0.179163
0.375101	0.535363	0.176678	0.178430
0.375136	0.533879	0.178695	0.179085
0.375169	0.534523	0.178628	0.178346
0.375163	0.533257	0.179366	0.177969
0.375098	0.533173	0.178900	0.179352
0.375165	0.532967	0.179784	0.178940
0.375077	0.532754	0.179168	0.179004
0.375125	0.532615	0.178443	0.178177
0.375101	0.532954	0.177833	0.177859
0.375118	0.531505	0.176736	0.179177
0.375120	0.530557	0.176735	0.178891
0.375113	0.529029	0.177181	0.178214
0.375105	0.530148	0.177396	0.177027
0.375067	0.529674	0.178669	0.179217
0.375120	0.528928	0.179545	0.178480
0.375032	0.527529	0.178596	0.177737
0.375084	0.528483	0.178217	0.178196
0.375120	0.528040	0.176966	0.176735
0.375101	0.529309	0.174605	0.176894
0.370683	0.530457	0.173039	0.176650
0.369835	0.529454	0.174138	0.177923
0.370076	0.527220	0.173057	0.178712
0.369992	0.529069	0.173717	0.178480
0.370051	0.529429	0.176565	0.179272
0.369920	0.526662	0.176458	0.177661
0.370066	0.524485	0.177288	0.177886
0.369982	0.524598	0.177643	0.178331
0.370066	0.525247	0.177943	0.178931
0.369946	0.524142	0.177188	0.178562
0.370043	0.523934	0.175986	0.178053
0.370003	0.524204	0.175472	0.178673
0.370061	0.526422	0.174103	0.179081
0.370015	0.525932	0.172796	0.178857
0.369732	0.525329	0.174492	0.177584
0.365456	0.524097	0.173612	0.177634
0.364797	0.523995	0.174544	0.177909
0.365020	0.522745	0.174592	0.178649
0.364941	0.524404	0.173879	0.177807
0.364957	0.523460	0.172770	0.177094
0.364992	0.523974	0.170229	0.177127
0.364965	0.523331	0.169702	0.178369
0.364904	0.525593	0.168668	0.177619
0.364928	0.524883	0.170176	0.177386
0.364931	0.523902	0.169180	0.176988
0.364991	0.522137	0.168965	0.177316
0.364950	0.521137	0.171418	0.177306
0.365016	0.522011	0.172781	0.178658
0.364924	0.521664	0.171978	0.177771
0.365059	0.522780	0.170891	0.176949
0.364923	0.521158	0.170679	0.177232
0.365123	0.522545	0.170021	0.178025
0.364924	0.521238	0.170511	0.177819
0.365146	0.522255	0.168239	0.177015
0.364725	0.520702	0.170653	0.177311
0.365370	0.521943	0.170808	0.177426
0.362475	0.520694	0.171712	0.178419
0.359460	0.520244	0.172908	0.178032
0.360096	0.521273	0.171589	0.176865
0.359757	0.520694	0.171673	0.177238
0.360049	0.520908	0.169902	0.178453
0.359847	0.520445	0.169488	0.179600
0.359956	0.520309	0.170302	0.177844
0.359807	0.519475	0.167922	0.180374
0.359896	0.521524	0.166844	0.176419
0.359876	0.521070	0.168174	0.178367
0.359974	0.519264	0.168010	0.177469
0.359859	0.519287	0.168580	0.177928
0.359945	0.518123	0.170232	0.177835
0.359849	0.518175	0.170549	0.177364
0.359941	0.516974	0.169488	0.178698
0.359795	0.518979	0.172010	0.178781
0.359968	0.517632	0.169637	0.177948
0.359812	0.518079	0.170144	0.176870
0.359895	0.517430	0.170318	0.176587
0.359854	0.517040	0.169578	0.179128
0.359906	0.516442	0.170174	0.177781
0.359801	0.517882	0.169558	0.177287
0.359982	0.516538	0.168972	0.177597
0.359303	0.515908	0.170812	0.177346
0.355106	0.515524	0.170521	0.176601
0.354884	0.516225	0.170538	0.177426
0.354903	0.517385	0.169664	0.178696
0.354883	0.516459	0.168813	0.177502
0.354888	0.514922	0.169518	0.176672
0.354882	0.515922	0.169325	0.179093
0.354871	0.515298	0.167950	0.177939
0.354802	0.517645	0.167584	0.177202
0.354908	0.515893	0.167743	0.179051
0.354930	0.518511	0.169940	0.176225
0.354785	0.515355	0.170643	0.178158
0.354931	0.515564	0.171503	0.179882
0.354891	0.515570	0.170722	0.177986
0.354829	0.513595	0.170510	0.177514
0.354902	0.515882	0.171405	0.176992
0.354851	0.516067	0.169731	0.177217
0.354926	0.515619	0.169426	0.178642
0.354792	0.515552	0.168329	0.178246
0.354912	0.517387	0.169530	0.177973
0.354812	0.515850	0.168224	0.178882
0.355113	0.516422	0.168152	0.177456
0.354114	0.515303	0.170248	0.176646
0.349898	0.515731	0.170479	0.178669
0.350038	0.515842	0.169762	0.178563
0.349761	0.516196	0.168692	0.178080
0.349871	0.515587	0.167237	0.176645
0.349798	0.516336	0.168103	0.177543
0.349925	0.516624	0.168193	0.176289
0.349745	0.518234	0.167199	0.177022
0.349899	0.518492	0.166085	0.176516
0.349796	0.516821	0.167472	0.177518
0.349936	0.518489	0.165651	0.177355
0.349709	0.517273	0.165663	0.176744
0.349949	0.518006	0.168561	0.176204
0.349776	0.517691	0.165642	0.175885
0.349958	0.518627	0.166892	0.178749
0.349647	0.517287	0.166862	0.177672
0.350148	0.518959	0.164185	0.178758
0.346575	0.520069	0.164334	0.177921
0.344472	0.520233	0.163260	0.177934
0.345047	0.521122	0.164540	0.177166
0.344705	0.521084	0.163755	0.177192
0.344918	0.519779	0.162660	0.178221
0.344642	0.521420	0.162823	0.178176
0.344884	0.521504	0.162482	0.176924
0.344753	0.521531	0.162440	0.176848
0.344798	0.521300	0.160221	0.176597
0.344711	0.523211	0.162037	0.177475
0.344857	0.523342	0.159810	0.179283
0.344728	0.522142	0.161304	0.177332
0.344864	0.523581	0.158956	0.177876
0.344721	0.523841	0.159527	0.177036
0.344879	0.524297	0.159282	0.178127
0.344662	0.524236	0.159841	0.177554
0.345090	0.524062	0.159569	0.177111
0.343623	0.522568	0.160359	0.177851
0.339508	0.522596	0.159172	0.178569
0.339836	0.524061	0.161290	0.177583
0.339594	0.524628	0.158966	0.175832
0.339844	0.524371	0.157451	0.177221
0.339716	0.524194	0.158561	0.177928
0.339787	0.525676	0.158732	0.178648
0.339718	0.525504	0.160489	0.177236
0.339717	0.524774	0.159720	0.176152
0.339703	0.523727	0.160136	0.176705
0.339707	0.524769	0.162147	0.178060
0.339694	0.523783	0.159460	0.175756
0.339768	0.524302	0.160410	0.177170
0.339732	0.524977	0.158627	0.176130
0.339682	0.525002	0.158445	0.176388
0.339801	0.525932	0.157639	0.177330
0.339702	0.526483	0.155032	0.177971
0.339738	0.527066	0.155220	0.179204
0.339688	0.525363	0.155534	0.176891
0.339787	0.525493	0.155333	0.177062
0.339686	0.524731	0.156621	0.177383
0.339751	0.524140	0.159822	0.177172
0.339668	0.525310	0.160515	0.175513
0.339718	0.524209	0.159760	0.176868
0.339628	0.524610	0.160102	0.178816
0.339862	0.523713	0.160357	0.177598
0.335903	0.524040	0.159351	0.178777
0.334449	0.525061	0.157946	0.177226
0.334876	0.522536	0.158292	0.178584
0.334610	0.522729	0.159747	0.176831
0.334757	0.523022	0.159916	0.177177
0.334664	0.522114	0.160934	0.178054
0.334718	0.522372	0.162779	0.176532
0.334660	0.520800	0.162428	0.177658
0.334701	0.520410	0.163202	0.177791
0.334723	0.519963	0.164245	0.177108
0.334676	0.516686	0.164392	0.176532
0.334770	0.518116	0.163234	0.176782
0.334609	0.517427	0.163207	0.175883
0.334730	0.516453	0.162749	0.176467
0.330970	0.517436	0.162893	0.177433
0.329799	0.514071	0.164001	0.178147
0.330137	0.514787	0.163889	0.177994
0.329965	0.514404	0.166956	0.177140
0.330172	0.512546	0.169252	0.177459
0.329935	0.510303	0.171060	0.178214
0.330080	0.510776	0.172272	0.177078
0.329993	0.509843	0.172750	0.177653
0.330071	0.510771	0.173514	0.176349
0.329925	0.509839	0.172596	0.177429
0.330156	0.511004	0.170297	0.177493
0.329952	0.510620	0.170280	0.178406
0.330152	0.511525	0.172479	0.178059
0.329847	0.510188	0.171775	0.178619
0.330054	0.509521	0.173077	0.178004
0.325793	0.509838	0.174138	0.178957
0.324813	0.508734	0.174929	0.177839
0.325001	0.509593	0.174481	0.179198
0.325015	0.507353	0.176130	0.178534
0.324864	0.508307	0.175021	0.177597
0.325108	0.510575	0.172457	0.177449
0.324690	0.512654	0.171317	0.177765
0.325331	0.512183	0.167697	0.176046
0.323334	0.514146	0.168125	0.178345
0.319668	0.513535	0.166141	0.178222
0.320038	0.514040	0.165882	0.177264
0.319849	0.513574	0.167298	0.177103
0.319726	0.513690	0.167576	0.176932
0.320199	0.514975	0.165367	0.176621
0.317989	0.515361	0.166864	0.176137
0.314498	0.515565	0.165408	0.177945
0.315128	0.517216	0.164041	0.177809
0.314733	0.519180	0.161831	0.178815
0.315080	0.519254	0.160053	0.177079
0.314838	0.521005	0.158009	0.176836
0.314940	0.524322	0.156786	0.175364
0.314846	0.526294	0.155710	0.175733
0.314982	0.526995	0.154699	0.177623
0.314857	0.527164	0.153031	0.177019
0.314967	0.527151	0.151691	0.177573
0.314925	0.530725	0.148741	0.178752
0.314901	0.532486	0.147297	0.177512
0.314843	0.533739	0.144475	0.178198
0.314974	0.536101	0.143258	0.177810
0.314887	0.537637	0.141100	0.177599
0.315030	0.538254	0.139729	0.178367
0.314908	0.540337	0.139297	0.177067
0.315002	0.541019	0.138488	0.178024
0.314851	0.541559	0.136905	0.177153
0.315020	0.544688	0.135120	0.176821
0.314901	0.545771	0.133383	0.177629
0.315094	0.547072	0.130723	0.177483
0.314883	0.548814	0.129300	0.178113
0.315083	0.551880	0.128302	0.177008
0.314769	0.551242	0.127866	0.177271
0.315275	0.552429	0.125802	0.176098
0.314517	0.552971	0.122490	0.177634
0.317202	0.555314	0.121794	0.177614
0.320299	0.557367	0.119710	0.177013
0.319657	0.556465	0.119353	0.178470
0.320041	0.558680	0.119671	0.177520
0.319794	0.560269	0.117152	0.177142
0.319906	0.561109	0.115647	0.176303
0.320164	0.562833	0.113825	0.177956
0.324558	0.565968	0.111491	0.177344
0.325022	0.565080	0.108760	0.177814
0.324874	0.566165	0.107850	0.177350
0.324916	0.565567	0.107461	0.177190
0.324956	0.566689	0.109018	0.176618
0.324947	0.568737	0.108879	0.176816
0.325232	0.568064	0.108711	0.176851
0.329738	0.568423	0.107491	0.176749
0.330014	0.570644	0.107567	0.177701
0.330102	0.571699	0.105369	0.176354
0.329869	0.570279	0.104473	0.176012
0.330219	0.571864	0.103314	0.176150
0.329544	0.573787	0.102162	0.177173
0.332468	0.574564	0.102520	0.176527
0.335044	0.575299	0.101961	0.176424
0.334562	0.576339	0.101887	0.176388
0.334731	0.575990	0.101642	0.175533
0.334815	0.576882	0.100924	0.176335
0.334443	0.577691	0.098461	0.176735
0.337310	0.576910	0.098758	0.176419
0.340310	0.577795	0.096395	0.177811
0.339362	0.578357	0.097775	0.177810
0.340052	0.578118	0.096588	0.176759
0.339434	0.579439	0.095373	0.176756
0.340162	0.579573	0.093992	0.177031
0.339110	0.579219	0.094114	0.176313
0.342641	0.580304	0.094771	0.176874
0.345064	0.579531	0.095013	0.176171
0.344738	0.580157	0.095742	0.179073
0.344917	0.580140	0.095961	0.176215
0.344957	0.579048	0.094744	0.176731
0.344723	0.580137	0.096660	0.175697
0.345446	0.580142	0.094292	0.177493
0.349676	0.578856	0.094542	0.176070
0.349959	0.578188	0.096175	0.176335
0.349726	0.579900	0.094267	0.176918
0.349992	0.577020	0.097248	0.176691
0.349500	0.576925	0.097077	0.176904
0.352751	0.578046	0.097695	0.177718
0.355301	0.576140	0.097728	0.177364
0.354696	0.576597	0.096165	0.176172
0.354977	0.579607	0.096959	0.176527
0.354838	0.577480	0.097879	0.176850
0.354829	0.578792	0.097344	0.177223
0.355435	0.580020	0.097753	0.176749
0.359840	0.578572	0.097700	0.178005
0.359733	0.578770	0.099995	0.178493
0.359980	0.578825	0.100908	0.177057
0.359733	0.578617	0.101584	0.178308
0.360025	0.577164	0.103515	0.177747
0.359622	0.578111	0.102082	0.176938
0.360777	0.577365	0.103816	0.176805
0.364924	0.577095	0.103850	0.177455
0.364856	0.577306	0.104449	0.178754
0.365001	0.576972	0.105114	0.177079
0.365075	0.577057	0.105239	0.178385
0.364794	0.575960	0.108238	0.177960
0.365164	0.574679	0.107928	0.176860
0.364607	0.574505	0.109151	0.178546
0.368143	0.573696	0.111060	0.178449
0.370487	0.573338	0.110493	0.176747
0.369698	0.573522	0.111550	0.177671
0.370339	0.574306	0.113130	0.177820
0.369751	0.573434	0.114450	0.178277
0.371041	0.571412	0.113442	0.177350
0.375134	0.572567	0.115677	0.177975
0.375090	0.568965	0.116641	0.177792
0.375141	0.569610	0.118150	0.177886
0.375100	0.568640	0.119916	0.179259
0.375103	0.569093	0.122410	0.177415
0.375155	0.568937	0.123302	0.177886
0.375030	0.566090	0.124545	0.177482
0.375123	0.566507	0.126832	0.178052
0.375060	0.564096	0.127425	0.176454
0.375336	0.565538	0.127745	0.177066
0.374810	0.565280	0.128596	0.178441
0.378277	0.565609	0.128873	0.177988
0.380004	0.566656	0.130530	0.176889
0.379538	0.566487	0.129592	0.179268
0.379845	0.566270	0.130147	0.177617
0.379639	0.567283	0.131847	0.177119
0.379758	0.566717	0.131478	0.179407
0.379669	0.569238	0.132790	0.178855
0.379785	0.568115	0.131362	0.177805
0.379711	0.569141	0.131132	0.177771
0.379711	0.570244	0.128893	0.179809
0.379707	0.570155	0.129033	0.178595
0.379748	0.571771	0.129063	0.176940
0.379687	0.573081	0.126236	0.178107
0.379668	0.572385	0.124556	0.177019
0.379732	0.576219	0.124731	0.178733
0.379732	0.574792	0.123457	0.179886
0.379627	0.574352	0.122748	0.177716
0.379731	0.574708	0.123466	0.177770
0.379771	0.576271	0.123406	0.177902
0.379670	0.574096	0.124419	0.178478
0.379749	0.576131	0.121837	0.177612
0.379687	0.576334	0.121991	0.176770
0.379723	0.577711	0.120754	0.177009
0.379632	0.579150	0.118928	0.178204
0.379702	0.579404	0.119219	0.178256
0.379658	0.579980	0.120343	0.177465
0.379697	0.580419	0.119401	0.178252
0.379620	0.579794	0.119043	0.178265
0.379798	0.580807	0.118755	0.177472
0.379612	0.581182	0.119922	0.178385
0.379775	0.582377	0.120091	0.178538
0.379517	0.582844	0.118852	0.177832
0.383345	0.583232	0.118912	0.176577
0.384672	0.585987	0.116969	0.177745
0.384329	0.585689	0.117371	0.178035
0.384591	0.586394	0.118572	0.179189
0.384363	0.585894	0.116040	0.177980
0.384524	0.586255	0.117068	0.178941
0.384489	0.586723	0.118459	0.177914
0.384455	0.586244	0.119442	0.179152
0.384539	0.588312	0.118417	0.178159
0.384393	0.587365	0.121310	0.179247
0.384671	0.588022	0.120531	0.178546
0.384098	0.588455	0.120552	0.178756
0.385993	0.589572	0.120254	0.178115
0.389741	0.590911	0.119614	0.177788
0.389204	0.590789	0.119038	0.178714
0.389629	0.590162	0.118511	0.179901
0.389342	0.591165	0.119631	0.179784
0.389502	0.590969	0.119218	0.178590
0.389391	0.590377	0.119795	0.178785
0.389505	0.590061	0.118390	0.177140
0.389441	0.587746	0.119275	0.179318
0.389485	0.589635	0.118739	0.177901
0.389456	0.589348	0.119461	0.178321
0.389423	0.587910	0.117473	0.177542
0.389445	0.589100	0.118903	0.177643
0.389477	0.587651	0.118556	0.177329
0.389413	0.585694	0.118382	0.177608
0.389403	0.584141	0.120392	0.178354
0.389458	0.583226	0.122668	0.177741
0.389511	0.582342	0.124023	0.176727
0.389458	0.579849	0.125013	0.178080
0.389461	0.578628	0.124831	0.177859
0.389452	0.577253	0.124164	0.177443
0.389452	0.576195	0.125046	0.178183
0.389485	0.574019	0.124841	0.178355
0.389509	0.571073	0.127513	0.178232
0.389525	0.568479	0.129969	0.177272
0.389463	0.568021	0.133420	0.179545
0.389422	0.563824	0.135234	0.176988
0.389436	0.561779	0.135936	0.177851
0.389448	0.560995	0.136291	0.177474
0.389524	0.558221	0.137298	0.179287
0.389450	0.558175	0.137888	0.177973
0.389422	0.554856	0.139023	0.178370
0.389383	0.553887	0.140126	0.178245
0.389527	0.551486	0.141768	0.177935
0.389401	0.549155	0.142155	0.178960
0.389485	0.546741	0.143831	0.177795
0.389377	0.543466	0.146038	0.177933
0.389609	0.541829	0.146872	0.179018
0.389239	0.539811	0.151691	0.179774
0.389649	0.537375	0.152419	0.177497
0.389132	0.535927	0.150695	0.178634
0.389855	0.532969	0.155575	0.179028
0.387380	0.532271	0.153573	0.178441
0.384186	0.532392	0.154654	0.178519
0.384610	0.532583	0.153854	0.178148
0.384396	0.529354	0.154036	0.179061
0.384558	0.532112	0.154399	0.177775
0.384544	0.530773	0.154848	0.177408
0.384291	0.530135	0.156917	0.179831
0.384830	0.528734	0.156491	0.178982
0.382294	0.528227	0.156866	0.178341
0.379319	0.527786	0.156079	0.180000
0.379956	0.526738	0.156392	0.178411
0.379640	0.524235	0.155559	0.179837
0.379756	0.524167	0.156070	0.178693
0.379742	0.523852	0.155534	0.176227
0.379599	0.524443	0.155095	0.177543
0.380013	0.524764	0.155562	0.178711
0.377718	0.522481	0.155644	0.178812
0.374731	0.521799	0.153828	0.177500
0.375287	0.520430	0.155707	0.176814
0.374934	0.521554	0.155643	0.177678
0.374921	0.517089	0.159370	0.178288
0.370457	0.518779	0.156600	0.179273
0.370009	0.515937	0.157769	0.178732
0.370059	0.516377	0.159776	0.178593
0.370000	0.514917	0.159064	0.176810
0.369990	0.514386	0.159337	0.177851
0.369743	0.514450	0.159456	0.176455
0.365313	0.513216	0.158594	0.180310
0.364902	0.513595	0.158951	0.179205
0.364942	0.511748	0.161086	0.177998
0.364958	0.511889	0.160044	0.178032
0.364945	0.511338	0.161668	0.177577
0.364947	0.510655	0.163654	0.178780
0.364965	0.508667	0.163907	0.178030
0.364978	0.510241	0.163454	0.177425
0.364971	0.509428	0.164384	0.178567
0.364793	0.510120	0.164434	0.179376
0.365100	0.509634	0.163869	0.177550
0.364491	0.510466	0.163936	0.177629
0.360185	0.510539	0.164561	0.180176
0.359837	0.509914	0.165881	0.178524
0.359928	0.509771	0.166440	0.178595
0.359850	0.509785	0.166961	0.177687
0.359958	0.508842	0.167814	0.178731
0.359938	0.508195	0.167654	0.177340
0.359940	0.509705	0.167343	0.176734
0.359827	0.510988	0.168638	0.177342
0.359964	0.510679	0.168486	0.178024
0.359752	0.511958	0.166562	0.179784
0.360349	0.512699	0.167313	0.178144
0.357043	0.514887	0.165998	0.178167
0.354509	0.512820	0.167197	0.179497
0.355056	0.513207	0.168809	0.178141
0.354842	0.513879	0.166095	0.178536
0.354935	0.512691	0.167504	0.178052
0.354904	0.514931	0.168816	0.177371
0.354824	0.513176	0.167982	0.178521
0.355066	0.514706	0.168392	0.178146
0.354226	0.512892	0.170113	0.178436
0.350028	0.512316	0.170272	0.178796
0.349785	0.514212	0.169965	0.179154
0.349938	0.512295	0.172849	0.178287
0.349830	0.508712	0.173959	0.178786
0.349988	0.510360	0.173323	0.178709
0.349657	0.510360	0.174648	0.177519
0.350230	0.509500	0.174237	0.178067
0.346808	0.509416	0.174462	0.179247
0.344508	0.511039	0.175417	0.178126
0.344967	0.509079	0.174085	0.178115
0.344770	0.507753	0.176127	0.180037
0.344864	0.507722	0.175647	0.177870
0.344888	0.505742	0.176983	0.178518
0.344809	0.505995	0.177216	0.179109
0.344911	0.505810	0.176092	0.177569
0.344620	0.504036	0.176320	0.179078
0.345226	0.503183	0.176360	0.177790
0.341611	0.503425	0.176809	0.179318
0.339360	0.500448	0.177057	0.178503
0.339864	0.501230	0.176569	0.177915
0.339666	0.499859	0.176017	0.179677
0.339731	0.499329	0.174340	0.178410
0.339990	0.499098	0.173803	0.177187
0.336678	0.499085	0.173977	0.178583
0.334201	0.498193	0.175387	0.178593
0.334951	0.496886	0.175107	0.179467
0.334376	0.498016	0.177168	0.177522
0.335024	0.495751	0.178215	0.178183
0.333680	0.495811	0.176498	0.177365
0.330145	0.495482	0.174800	0.178207
0.330036	0.496856	0.173859	0.177862
0.330069	0.497531	0.172502	0.178317
0.329876	0.498419	0.171342	0.179485
0.330354	0.497929	0.169376	0.178397
0.326660	0.497811	0.170261	0.177261
0.324483	0.498998	0.169243	0.178010
0.325197	0.499453	0.167253	0.176660
0.324755	0.502472	0.166903	0.178054
0.325139	0.503319	0.164893	0.177834
0.324758	0.503193	0.162241	0.178694
0.325333	0.507049	0.163180	0.177797
0.321494	0.506795	0.159119	0.179496
0.319562	0.508607	0.156990	0.178583
0.320067	0.510711	0.156573	0.176734
0.319677	0.512679	0.152819	0.176899
0.319998	0.514304	0.152645	0.176512
0.319878	0.516743	0.148429	0.177914
0.319985	0.519194	0.147191	0.179135
0.319705	0.519684	0.148619	0.177238
0.320234	0.520740	0.144299	0.177963
0.318784	0.522541	0.146207	0.175840
0.314838	0.522133	0.143155	0.178089
0.315051	0.523255	0.142449	0.175984
0.314864	0.524196	0.141502	0.177084
0.314961	0.525356	0.136782	0.177802
0.314824	0.527502	0.139602	0.178297
0.314995	0.529389	0.138767	0.176544
0.314853	0.527335	0.136816	0.178300
0.314908	0.528081	0.136949	0.177307
0.314911	0.527916	0.136656	0.178019
0.315002	0.528958	0.137245	0.177579
0.314895	0.528954	0.138794	0.176696
0.315027	0.527816	0.136217	0.178131
0.314817	0.529674	0.135681	0.177426
0.314947	0.528065	0.136499	0.177260
0.314794	0.529416	0.136347	0.178231
0.315085	0.528840	0.135758	0.176676
0.314839	0.528652	0.135094	0.178582
0.315021	0.529850	0.135618	0.177966
0.314715	0.529863	0.135117	0.176118
0.318695	0.529650	0.135159	0.177619
0.320241	0.529447	0.136112	0.177015
0.319760	0.528672	0.137014	0.177616
0.319979	0.527317	0.136079	0.177663
0.319758	0.527656	0.136083	0.178124
0.319968	0.528049	0.136260	0.177812
0.319826	0.526483	0.134708	0.178960
0.319940	0.525704	0.137453	0.177788
0.319800	0.526765	0.137590	0.177880
0.320076	0.526186	0.136326	0.177266
0.319701	0.524876	0.139584	0.177591
0.320078	0.524953	0.136218	0.178440
0.319530	0.526055	0.136951	0.178429
0.321484	0.525706	0.137814	0.177971
0.325226	0.526980	0.136127	0.178441
0.324819	0.528354	0.134700	0.178399
0.325091	0.527579	0.133100	0.176893
0.324874	0.530731	0.132260	0.177762
0.325021	0.531509	0.131743	0.178301
0.324930	0.529702	0.132752	0.178599
0.325068	0.531426	0.131975	0.177126
0.324898	0.531264	0.133811	0.177254
0.325019	0.531196	0.133062	0.178823
0.324846	0.533422	0.130266	0.177140
0.325006	0.534769	0.129803	0.178246
0.324911	0.536013	0.126342	0.174933
0.324896	0.536449	0.125869	0.176692
0.324921	0.537862	0.124838	0.178203
0.324918	0.538452	0.124800	0.175754
0.324908	0.539230	0.125133	0.177708
0.324996	0.540520	0.122416	0.177383
0.324941	0.539518	0.121586	0.178124
0.329097	0.541360	0.119758	0.177275
0.330358	0.539963	0.120364	0.177146
0.329973	0.542909	0.117026	0.177854
0.330062	0.544156	0.117561	0.176909
0.329977	0.543407	0.115802	0.177861
0.330033	0.544747	0.112529	0.177682
0.329982	0.547697	0.114110	0.177654
0.330096	0.547455	0.110591	0.177901
0.329913	0.550652	0.110104	0.178098
0.330081	0.548927	0.110754	0.177756
0.329926	0.548969	0.109234	0.178628
0.330140	0.550550	0.110668	0.178813
0.329896	0.550446	0.112343	0.177800
0.330146	0.550863	0.111421	0.178475
0.329720	0.552749	0.110955	0.177344
0.331830	0.553480	0.108453	0.178748
0.335006	0.555862	0.106750	0.176985
0.334462	0.557815	0.106112	0.178456
0.334971	0.558216	0.104767	0.177956
0.334486	0.561899	0.106210	0.178582
0.334798	0.564669	0.104598	0.178147
0.334691	0.564823	0.103287	0.178136
0.339205	0.569113	0.103187	0.178211
0.339746	0.568705	0.102053	0.177804
0.339811	0.570123	0.100749	0.177885
0.339610	0.573382	0.099259	0.177631
0.340005	0.575210	0.097671	0.178147
0.339303	0.577162	0.095640	0.178321
0.341517	0.579546	0.097970	0.178179
0.345195	0.582390	0.094573	0.178917
0.344611	0.585041	0.092638	0.177430
0.344846	0.587284	0.091189	0.178827
0.344772	0.590160	0.090276	0.178194
0.344886	0.588230	0.088974	0.179010
0.344843	0.592597	0.090069	0.179152
0.344787	0.593027	0.088635	0.177633
0.344878	0.593576	0.087193	0.178691
0.344700	0.596490	0.085483	0.179698
0.345006	0.598330	0.085221	0.178817
0.344402	0.599663	0.083752	0.179162
0.347137	0.601229	0.083242	0.178162
0.350239	0.602298	0.081107	0.177681
0.349625	0.602218	0.080127	0.179018
0.350069	0.604146	0.080735	0.179757
0.349812	0.605329	0.078939	0.176384
0.350041	0.605220	0.079568	0.177631
0.349785	0.605568	0.081357	0.178541
0.350020	0.605345	0.078420	0.177701
0.349760	0.605279	0.078342	0.178667
0.350219	0.603664	0.078905	0.178672
0.354497	0.602565	0.079604	0.177216
0.355030	0.603601	0.079733	0.176869
0.354839	0.601394	0.080514	0.177436
0.354972	0.602313	0.082335	0.177395
0.354863	0.601491	0.083600	0.177940
0.354981	0.603290	0.083635	0.177830
0.354916	0.600530	0.083607	0.179507
0.355017	0.599807	0.085347	0.178192
0.354769	0.601220	0.083319	0.178055
0.355291	0.599327	0.085061	0.179707
0.359541	0.596882	0.084925	0.178000
0.360022	0.598266	0.084848	0.180164
0.359781	0.596254	0.086373	0.178315
0.360017	0.592699	0.086386	0.177431
0.359714	0.592736	0.088743	0.178238
0.360165	0.592131	0.087693	0.178405
0.359396	0.590289	0.089768	0.179693
0.362604	0.589751	0.089571	0.178623
0.365405	0.587762	0.090679	0.179470
0.364755	0.587728	0.091123	0.179140
0.365175	0.586493	0.090922	0.177899
0.364837	0.587042	0.091750	0.179243
0.365114	0.582845	0.091272	0.178752
0.364912	0.583336	0.092329	0.179293
0.365057	0.579944	0.094084	0.178120
0.364990	0.579577	0.095873	0.179739
0.365103	0.581122	0.099110	0.178169
0.364958	0.578521	0.099613	0.178593
0.364990	0.579377	0.103728	0.178896
0.365005	0.576930	0.104045	0.177084
0.365062	0.578478	0.103435	0.179437
0.364985	0.578915	0.103672	0.178500
0.364996	0.579369	0.103123	0.177329
0.364936	0.582067	0.104975	0.179237
0.364863	0.581922	0.103968	0.176969
0.364937	0.583230	0.105353	0.178780
0.364958	0.584430	0.105686	0.176696
0.364924	0.585630	0.105082	0.178588
0.364955	0.586175	0.103850	0.178707
0.365065	0.585843	0.103687	0.177371
0.364977	0.588403	0.104668	0.178833
0.364861	0.587786	0.103673	0.177044
0.364896	0.587363	0.106608	0.178634
0.364978	0.588681	0.108175	0.179144
0.364906	0.587061	0.105226	0.179719
0.364960	0.588606	0.105814	0.179521
0.364970	0.589703	0.105579	0.178951
0.364914	0.587843	0.103597	0.179948
0.364908	0.589302	0.106899	0.179417
0.364943	0.589079	0.106371	0.179759
0.364996	0.588766	0.107637	0.178174
0.364932	0.587881	0.108916	0.180843
0.364943	0.585582	0.109386	0.179829
0.365001	0.585494	0.112322	0.178461
0.364975	0.585445	0.112935	0.180104
0.364990	0.583490	0.113539	0.177535
0.364878	0.583898	0.115242	0.178608
0.365128	0.582655	0.113880	0.178396
0.364700	0.580084	0.116626	0.179541
0.365860	0.579381	0.116566	0.179303
0.370092	0.577763	0.120125	0.178717
0.369841	0.575531	0.121472	0.177897
0.370186	0.575092	0.122115	0.177931
0.369954	0.574404	0.122393	0.178992
0.370106	0.572947	0.121997	0.178500
0.370008	0.571362	0.122284	0.179583
0.370038	0.571078	0.122114	0.178342
0.369895	0.569914	0.122707	0.177896
0.370025	0.569459	0.120913	0.177663
0.369875	0.568702	0.121997	0.179080
0.370183	0.566311	0.121862	0.178769
0.369824	0.566232	0.124140	0.178352
0.370333	0.564231	0.124924	0.177007
0.368933	0.562794	0.124565	0.179798
0.364919	0.561278	0.125387	0.178381
0.365019	0.560597	0.124464	0.178498
0.364943	0.560218	0.124981	0.178331
0.364977	0.557701	0.124691	0.179306
0.365010	0.555215	0.125354	0.177151
0.364948	0.553569	0.124892	0.177816
0.365046	0.554397	0.124979	0.178905
0.364906	0.549966	0.123863	0.178202
0.365212	0.550209	0.124040	0.179699
0.363798	0.550627	0.124076	0.177895
0.359666	0.549492	0.121327	0.179417
0.360017	0.548428	0.122496	0.176840
0.359753	0.549307	0.120610	0.179331
0.360020	0.548615	0.118956	0.178436
0.359811	0.550384	0.119107	0.178627
0.359924	0.552849	0.115879	0.178722
0.359822	0.552793	0.114511	0.177027
0.359944	0.552361	0.113228	0.179312
0.359782	0.552034	0.112133	0.178781
0.359977	0.552863	0.111548	0.179812
0.359791	0.553777	0.109465	0.176670
0.359968	0.555341	0.108513	0.178931
0.359781	0.555714	0.106794	0.177651
0.360009	0.557755	0.104512	0.178235
0.359732	0.557402	0.103945	0.179880
0.360131	0.557193	0.102475	0.177316
0.356117	0.556917	0.100249	0.179024
0.354625	0.556281	0.100825	0.177336
0.355065	0.557499	0.101276	0.178688
0.354784	0.556997	0.100584	0.178011
0.354956	0.557119	0.099679	0.178251
0.354912	0.558164	0.097238	0.177522
0.354874	0.560677	0.097908	0.177782
0.354896	0.561831	0.096908	0.177793
0.354923	0.561710	0.097441	0.177349
0.354888	0.562127	0.095205	0.177899
0.354889	0.564090	0.093339	0.178628
0.355036	0.565274	0.094732	0.178194
0.354815	0.565445	0.092431	0.177547
0.358716	0.567400	0.090134	0.177678
0.360204	0.571511	0.088421	0.178501
0.359640	0.573087	0.087557	0.177166
0.360062	0.573900	0.086360	0.178176
0.359778	0.574770	0.086145	0.178023
0.360039	0.575539	0.089417	0.178846
0.359691	0.576757	0.087456	0.178485
0.360093	0.578201	0.087482	0.178001
0.359555	0.580411	0.086226	0.178204
0.361430	0.581710	0.083785	0.176202
0.365298	0.583807	0.084250	0.178034
0.364759	0.584947	0.081095	0.176584
0.365093	0.586650	0.079258	0.178029
0.364858	0.589473	0.079276	0.176414
0.365064	0.592302	0.078071	0.178354
0.364896	0.593491	0.076986	0.178693
0.365083	0.593993	0.077232	0.177732
0.364824	0.596672	0.076531	0.178653
0.365007	0.598042	0.076571	0.177648
0.364968	0.601137	0.074888	0.178236
0.364971	0.604828	0.073749	0.176269
0.364924	0.607386	0.074156	0.178499
0.364972	0.608318	0.070062	0.177919
0.364923	0.610814	0.073053	0.179018
0.364916	0.611307	0.070923	0.177854
0.364931	0.614083	0.071583	0.178381
0.365051	0.615727	0.072851	0.178157
0.364928	0.616876	0.071218	0.177439
0.364993	0.617958	0.071700	0.179660
0.364876	0.619052	0.071439	0.178307
0.365131	0.618519	0.072220	0.178293
0.364849	0.619576	0.072056	0.176465
0.365192	0.620179	0.074231	0.177657
0.364562	0.620294	0.075055	0.177242
0.366805	0.620217	0.076290	0.179118
0.370344	0.621641	0.075277	0.177690
0.369760	0.620979	0.076864	0.178941
0.370106	0.620362	0.077554	0.178515
0.369964	0.619154	0.077759	0.178619
0.370126	0.616340	0.077868	0.178293
0.369977	0.616254	0.079706	0.176628
0.370168	0.615345	0.079170	0.177586
0.374285	0.611199	0.080741	0.179228
0.375254	0.609755	0.081774	0.177679
0.374922	0.607903	0.083056	0.177275
0.375173	0.605685	0.081695	0.178223
0.374983	0.603139	0.082774	0.177738
0.375207	0.601568	0.084062	0.179096
0.375165	0.598693	0.083485	0.178232
0.379124	0.595918	0.083236	0.178390
0.379776	0.592491	0.086150	0.178336
0.379723	0.590163	0.087011	0.178518
0.379660	0.585633	0.088536	0.178127
0.379716	0.583877	0.089101	0.179099
0.379589	0.581928	0.090676	0.176905
0.379781	0.580026	0.090088	0.177375
0.379585	0.580568	0.088272	0.177265
0.379748	0.580229	0.089030	0.178436
0.379588	0.581492	0.086358	0.179417
0.379884	0.581058	0.088082	0.178727
0.379309	0.580661	0.086508	0.179971
0.381831	0.580625	0.086036	0.177981
0.384858	0.581358	0.086299	0.177712
0.384197	0.584735	0.084028	0.179535
0.384691	0.584560	0.083341	0.178451
0.384390	0.586478	0.081460	0.180402
0.384487	0.587034	0.080944	0.178090
0.384401	0.589414	0.080058	0.177064
0.384601	0.590553	0.077172	0.178313
0.384425	0.590497	0.075183	0.178811
0.384591	0.593362	0.076109	0.178305
0.384462	0.592090	0.076200	0.180080
0.384539	0.593588	0.074558	0.177648
0.384462	0.593465	0.073765	0.178901
0.384544	0.593132	0.075590	0.179833
0.384442	0.593857	0.074307	0.178703
0.384399	0.594086	0.074026	0.179606
0.384487	0.594874	0.074324	0.177931
0.384541	0.595687	0.073320	0.178257
0.384549	0.596943	0.074016	0.178005
0.384536	0.597693	0.073314	0.178668
0.384428	0.599332	0.070193	0.178805
0.384509	0.600397	0.070260	0.177166
0.384384	0.601620	0.069745	0.178084
0.384824	0.602149	0.071077	0.176006
0.389188	0.602345	0.067263	0.178396
0.389482	0.603536	0.069179	0.177651
0.389470	0.603753	0.067583	0.178342
0.389309	0.603530	0.067085	0.177815
0.389900	0.603679	0.065253	0.178892
0.394233	0.604901	0.065987	0.177626
0.394595	0.605474	0.066497	0.176638
0.394597	0.605968	0.064492	0.179426
0.394404	0.606277	0.062912	0.177624
0.394934	0.605077	0.066100	0.179436
0.399288	0.604604	0.065145	0.177197
0.399512	0.604166	0.064173	0.179089
0.399519	0.603469	0.067454	0.178100
0.399519	0.604043	0.066739	0.178070
0.399541	0.605147	0.067817	0.179356
0.399599	0.603278	0.067555	0.177210
0.399506	0.601601	0.068841	0.179635
0.399470	0.603643	0.069687	0.178444
0.399588	0.601724	0.071940	0.177841
0.399512	0.600918	0.073093	0.179450
0.399526	0.599260	0.074970	0.177909
0.399495	0.598577	0.074174	0.176948
0.399431	0.598538	0.077599	0.179228
0.399519	0.595854	0.076764	0.179179
0.399537	0.594196	0.078598	0.179023
0.399586	0.594006	0.079426	0.178737
0.399472	0.593646	0.080548	0.178668
0.399618	0.592958	0.083274	0.178757
0.399517	0.590921	0.083417	0.177535
0.399598	0.588408	0.087704	0.177804
0.399339	0.589169	0.086285	0.178890
0.400275	0.584173	0.088512	0.178320
0.404618	0.583749	0.090061	0.178342
0.404465	0.580740	0.091800	0.177507
0.404834	0.576018	0.093043	0.178064
0.403806	0.576330	0.097116	0.178798
0.399699	0.570722	0.096708	0.178509
0.399532	0.569095	0.100089	0.179519
0.399546	0.567319	0.101580	0.175675
0.399475	0.564588	0.104473	0.179915
0.399515	0.562958	0.105025	0.178030
0.399541	0.562291	0.107002	0.178658
0.399551	0.560869	0.106559	0.177619
0.399500	0.556706	0.106305	0.178801
0.399565	0.558175	0.108448	0.180264
0.399499	0.556314	0.108266	0.177703
0.399532	0.555897	0.109600	0.178790
0.399470	0.553325	0.110280	0.178228
0.399657	0.551511	0.111100	0.179853
0.399435	0.553245	0.112222	0.179312
0.399727	0.550079	0.111342	0.178159
0.399165	0.548817	0.111732	0.177787
0.402787	0.547687	0.113531	0.179829
0.405071	0.547047	0.112143	0.178742
0.404336	0.546981	0.113176	0.178919
0.404832	0.544121	0.113712	0.180232
0.404421	0.542104	0.113282	0.179402
0.404857	0.542225	0.111789	0.179853
0.404376	0.541559	0.114276	0.179227
0.404878	0.539834	0.114791	0.179189
0.404119	0.538809	0.113733	0.179261
0.407922	0.537261	0.113385	0.179209
0.410018	0.538253	0.112551	0.178301
0.409620	0.536792	0.114975	0.178297
0.409583	0.535152	0.114529	0.178823
0.410583	0.533268	0.112994	0.177896
0.414954	0.532939	0.111996	0.177811
0.414440	0.531855	0.111549	0.177552
0.414973	0.530427	0.111192	0.179714
0.414295	0.528571	0.111413	0.178580
0.418239	0.529914	0.113704	0.177560
0.420083	0.527614	0.110324	0.178733
0.419475	0.525398	0.112510	0.177682
0.420018	0.525000	0.111906	0.179348
0.419457	0.521093	0.115592	0.177482
0.423104	0.519082	0.115730	0.179710
0.424690	0.515335	0.115218	0.178301
0.424297	0.515371	0.117722	0.178823
0.424451	0.511766	0.118379	0.178580
0.424330	0.508785	0.119632	0.179507
0.424425	0.506400	0.122010	0.178800
0.424375	0.506125	0.123060	0.178470
0.424398	0.502155	0.122351	0.179657
0.424351	0.500144	0.125068	0.177633
0.424369	0.496491	0.125976	0.178729
0.424379	0.494617	0.126743	0.178022
0.424369	0.493110	0.126301	0.178392
0.424381	0.491132	0.127121	0.178541
0.424425	0.489596	0.128750	0.179120
0.424405	0.487267	0.129199	0.179075
0.424346	0.484072	0.131157	0.178419
0.424419	0.481931	0.132191	0.178600
0.424339	0.479696	0.132927	0.178628
0.424419	0.476268	0.136630	0.179050
0.424268	0.474933	0.136469	0.180032
0.424480	0.472364	0.137765	0.178679
0.424251	0.470668	0.137563	0.178569
0.424499	0.466806	0.138860	0.177656
0.424212	0.468547	0.137636	0.178929
0.424573	0.467578	0.137396	0.177821
0.420652	0.466927	0.138680	0.177326
0.419692	0.464575	0.139404	0.179053
0.419698	0.463395	0.142157	0.177142
0.420014	0.462143	0.142667	0.178992
0.418192	0.460327	0.144087	0.178290
0.414306	0.458005	0.144719	0.178471
0.414830	0.458493	0.144674	0.177408
0.414519	0.457658	0.144017	0.179377
0.410981	0.457617	0.145786	0.179867
0.409228	0.456983	0.145480	0.179968
0.410141	0.458838	0.144809	0.178062
0.407972	0.458436	0.145210	0.179079
0.404227	0.459381	0.143496	0.179208
0.404976	0.458244	0.143503	0.177236
0.402969	0.456784	0.143965	0.180149
0.399105	0.456931	0.144274	0.178871
0.399968	0.458526	0.142236	0.180064
0.397854	0.459659	0.141848	0.179589
0.394038	0.457349	0.142206	0.178912
0.394968	0.458485	0.141092	0.179086
0.392740	0.459800	0.143668	0.177958
0.389014	0.459140	0.141630	0.178947
0.389963	0.459067	0.143916	0.177636
0.387741	0.460731	0.141735	0.177939
0.384069	0.461847	0.141729	0.178504
0.384707	0.462942	0.142873	0.179715
0.380360	0.463844	0.140593	0.177995
0.379940	0.467324	0.139220	0.178100
0.378128	0.471228	0.136623	0.179615
0.374587	0.473506	0.136545	0.179018
0.375370	0.479102	0.135352	0.178277
0.370720	0.486007	0.131576	0.177352
0.369933	0.490744	0.129849	0.179958
0.369920	0.495502	0.126272	0.177254
0.365902	0.501646	0.120856	0.177312
0.364664	0.509090	0.118237	0.178203
0.365209	0.513957	0.115702	0.179056
0.360321	0.521794	0.112282	0.178805
0.360234	0.527015	0.107887	0.177403
0.357942	0.532793	0.104584	0.178544
0.354527	0.540382	0.102485	0.177633
0.355103	0.544722	0.100237	0.179606
0.354639	0.549492	0.096258	0.176811
0.350564	0.554394	0.096060	0.177489
0.349716	0.558489	0.091666	0.177752
0.349800	0.561120	0.092596	0.177885
0.345617	0.563809	0.092453	0.178011
0.344455	0.566771	0.091301	0.178085
0.345217	0.567962	0.090978	0.179658
0.342661	0.569567	0.090780	0.178790
0.339338	0.573818	0.089360	0.177984
0.340046	0.575196	0.089670	0.179680
0.339694	0.577751	0.089198	0.178886
0.339824	0.583051	0.088560	0.179457
0.339698	0.584620	0.088301	0.179575
0.339736	0.588616	0.085211	0.178714
0.339800	0.592546	0.083544	0.177718
0.339619	0.595821	0.082030	0.178924
0.339957	0.597637	0.079885	0.178842
0.339348	0.601368	0.077669	0.177956
0.341927	0.603944	0.076021	0.179651
0.345221	0.607259	0.077037	0.179403
0.344522	0.608770	0.076614	0.178163
0.344977	0.609862	0.077114	0.179019
0.344708	0.613029	0.076215	0.177485
0.344841	0.614526	0.074583	0.176472
0.344741	0.614730	0.076146	0.178942
0.344839	0.615889	0.074605	0.178883
0.344721	0.619407	0.074464	0.179303
0.344867	0.619711	0.073348	0.179096
0.344790	0.620313	0.073503	0.179297
0.344773	0.622483	0.071826	0.178201
0.344785	0.622079	0.071018	0.178104
0.344836	0.624694	0.069989	0.180119
0.344854	0.623606	0.070370	0.179352
0.344749	0.623474	0.070014	0.180025
0.345104	0.622949	0.069360	0.180318
0.349441	0.623069	0.071955	0.178652
0.349834	0.623992	0.071218	0.179081
0.349860	0.623907	0.071628	0.179670
0.349804	0.625230	0.072078	0.178649
0.350275	0.622868	0.072849	0.179026
0.354488	0.623451	0.073504	0.178615
0.354985	0.621970	0.072991	0.179781
0.355164	0.620731	0.073483	0.179460
0.359775	0.620269	0.075130	0.179535
0.359561	0.616908	0.077277	0.180438
0.362436	0.612875	0.078761	0.180574
0.365539	0.610163	0.081465	0.179535
0.364354	0.608019	0.082785	0.178954
0.367726	0.604492	0.086916	0.179163
0.370432	0.604752	0.089439	0.178212
0.369581	0.601020	0.088986	0.179319
0.370783	0.597474	0.092664	0.180374
0.374598	0.596678	0.093953	0.179674
0.375409	0.593405	0.097135	0.178110
0.374585	0.590481	0.100089	0.180600
0.377729	0.586204	0.103849	0.180055
0.379949	0.585211	0.105158	0.180287
0.379761	0.583003	0.107655	0.180244
0.379440	0.579476	0.109460	0.179360
0.382191	0.579203	0.110789	0.179239
0.385096	0.576473	0.113554	0.179520
0.383985	0.573631	0.114594	0.179234
0.387300	0.570674	0.117157	0.180228
0.390023	0.570349	0.119065	0.179457
0.388824	0.567024	0.121214	0.180278
0.392504	0.563421	0.121116	0.180437
0.394730	0.562728	0.122456	0.179113
0.394523	0.559577	0.123719	0.179970
0.394312	0.557915	0.123471	0.180447
0.397292	0.556992	0.125870	0.179912
0.400059	0.553461	0.128795	0.180850
0.399228	0.549817	0.131030	0.180589
0.399852	0.546599	0.134167	0.181314
0.399203	0.544193	0.134989	0.180696
0.400318	0.540659	0.138826	0.181036
0.404444	0.537777	0.141420	0.180262
0.404696	0.536618	0.144195	0.179531
0.404582	0.535707	0.144539	0.181467
0.404674	0.532739	0.145371	0.180123
0.404549	0.533220	0.146476	0.180403
0.404618	0.533580	0.145245	0.179980
0.404647	0.532784	0.145951	0.181276
0.404577	0.532265	0.147158	0.180248
0.404606	0.529785	0.146962	0.180453
0.404669	0.528809	0.148405	0.181656
0.404566	0.528931	0.149906	0.178940
0.404689	0.525697	0.151853	0.180080
0.404689	0.526184	0.151491	0.178831
0.404621	0.522937	0.153993	0.180564
0.404567	0.523311	0.153484	0.181582
0.404790	0.523256	0.155302	0.179972
0.403754	0.520880	0.158061	0.179599
0.399362	0.519540	0.156086	0.179064
0.399803	0.518727	0.157802	0.179885
0.399273	0.518548	0.157481	0.180016
0.399907	0.516567	0.158585	0.181925
0.398484	0.514902	0.159699	0.178665
0.394603	0.513407	0.161518	0.180401
0.394369	0.511631	0.161103	0.180545
0.394862	0.510760	0.163534	0.178791
0.393423	0.509212	0.163340	0.179764
0.389484	0.508381	0.164550	0.180036
0.389411	0.508466	0.164013	0.181337
0.389767	0.506041	0.165417	0.180472
0.386080	0.508258	0.164202	0.180637
0.384093	0.506025	0.164882	0.180612
0.384626	0.506166	0.166580	0.178054
0.384509	0.507711	0.164317	0.179272
0.381454	0.506389	0.161551	0.179579
0.379131	0.507377	0.161861	0.180104
0.380281	0.507607	0.162284	0.178579
0.378365	0.507777	0.162270	0.180067
0.375247	0.507216	0.159934	0.178538
0.375021	0.509371	0.157363	0.178977
0.375407	0.511025	0.156274	0.181216
0.371578	0.509946	0.155100	0.180754
0.369639	0.511802	0.154065	0.178676
0.370319	0.510162	0.152560	0.179786
0.366495	0.512703	0.152679	0.180609
0.364581	0.513335	0.151689	0.178992
0.365448	0.515007	0.149781	0.178722
0.363619	0.516633	0.147330	0.179122
0.359812	0.517129	0.145182	0.178603
0.359884	0.519846	0.143429	0.178372
0.360057	0.520387	0.143057	0.179828
0.358688	0.521970	0.142844	0.178822
0.354690	0.525433	0.138855	0.178178
0.355017	0.525666	0.137156	0.179641
0.354769	0.528263	0.136895	0.178435
0.355071	0.530212	0.135957	0.179110
0.354698	0.532882	0.135719	0.180473
0.355047	0.530259	0.132032	0.178019
0.354662	0.533205	0.133704	0.178588
0.355264	0.535746	0.133610	0.178337
0.353599	0.535532	0.131319	0.179783
0.349648	0.537021	0.130388	0.179024
0.349965	0.537970	0.128559	0.180535
0.349798	0.540188	0.127846	0.179437
0.349859	0.540780	0.127750	0.177533
0.349839	0.541801	0.124817	0.180108
0.349874	0.542138	0.123560	0.177934
0.349860	0.544573	0.122233	0.179036
0.349910	0.547249	0.120438	0.178147
0.349881	0.549245	0.117504	0.179287
0.349854	0.553740	0.115918	0.177653
0.349923	0.555418	0.112391	0.178989
0.349811	0.559419	0.110441	0.179169
0.349919	0.562496	0.109036	0.178421
0.349809	0.565276	0.105181	0.179192
0.349919	0.568458	0.103062	0.179336
0.345943	0.572224	0.099735	0.179350
0.344548	0.575658	0.098369	0.177624
0.344981	0.578385	0.096840	0.178473
0.344774	0.580612	0.094430	0.177920
0.344846	0.581517	0.091009	0.179599
0.344762	0.583844	0.089699	0.178726
0.344818	0.584889	0.089497	0.178394
0.344858	0.585515	0.089907	0.180446
0.344834	0.586092	0.089407	0.178559
0.344804	0.584175	0.089450	0.178518
0.344736	0.584292	0.090980	0.178835
0.344800	0.584635	0.090127	0.178338
0.344755	0.584013	0.089632	0.176889
0.344859	0.584919	0.092212	0.179273
0.344731	0.584772	0.092177	0.177860
0.344908	0.581334	0.094127	0.178354
0.344675	0.580626	0.094509	0.178543
0.345000	0.579244	0.093627	0.180324
0.344491	0.577488	0.096804	0.178039
0.346477	0.577851	0.097789	0.178595
0.350353	0.574448	0.099441	0.178077
0.349491	0.573426	0.100668	0.179484
0.350204	0.568246	0.101173	0.179947
0.349442	0.568861	0.102395	0.178400
0.351734	0.565071	0.104853	0.178831
0.355224	0.563520	0.106484	0.179236
0.354787	0.558463	0.107551	0.177143
0.355049	0.555679	0.108134	0.179882
0.354775	0.552938	0.110149	0.177975
0.354953	0.551167	0.112182	0.179028
0.354874	0.546190	0.115093	0.178817
0.354912	0.543421	0.116869	0.179360
0.354909	0.539597	0.118285	0.179505
0.354883	0.537001	0.122739	0.178221
0.354877	0.532853	0.123411	0.179262
0.354928	0.529486	0.126134	0.178822
0.354846	0.526290	0.126171	0.180233
0.354948	0.521651	0.130087	0.178942
0.354879	0.520247	0.132158	0.178495
0.354914	0.516818	0.135153	0.180562
0.354825	0.513296	0.136633	0.179442
0.354908	0.511167	0.137529	0.180497
0.354844	0.508028	0.140889	0.179004
0.354990	0.502554	0.143937	0.178736
0.354925	0.499684	0.146533	0.178912
0.354940	0.498209	0.149146	0.180194
0.354935	0.493459	0.152048	0.178698
0.354916	0.492177	0.156131	0.178956
0.354892	0.489711	0.158884	0.179885
0.354881	0.487161	0.161517	0.178878
0.354955	0.485492	0.164310	0.181117
0.354930	0.484697	0.165402	0.179178
0.354879	0.485102	0.167728	0.179665
0.354748	0.486131	0.168647	0.180275
0.350399	0.486629	0.169645	0.178187
0.349801	0.486718	0.168907	0.179600
0.349913	0.488290	0.169290	0.178335
0.349965	0.490596	0.168063	0.180698
0.349595	0.490300	0.168431	0.177579
0.345428	0.491805	0.167695	0.179064
0.344507	0.493157	0.166377	0.178802
0.345244	0.495452	0.167327	0.179148
0.342471	0.497195	0.166309	0.178796
0.339198	0.498666	0.164258	0.179065
0.340322	0.500453	0.161973	0.179692
0.337320	0.502079	0.160939	0.178654
0.334356	0.505047	0.159192	0.178565
0.334787	0.506544	0.156438	0.179925
0.330047	0.509592	0.154758	0.179010
0.330495	0.510133	0.153698	0.178174
0.327384	0.512719	0.152125	0.179174
0.324703	0.514779	0.150346	0.178461
0.324679	0.516646	0.148856	0.178364
0.320291	0.519359	0.145858	0.178222
0.319731	0.522210	0.144082	0.178191
0.320250	0.523514	0.142928	0.178901
0.317417	0.526795	0.141140	0.177999
0.314392	0.526946	0.139058	0.178149
0.315255	0.529506	0.136440	0.177000
0.314694	0.531028	0.136194	0.178751
0.315163	0.533520	0.133372	0.178717
0.314417	0.534773	0.130047	0.178285
0.310236	0.538886	0.126205	0.178328
0.309731	0.540580	0.125683	0.175884
0.309955	0.542440	0.121989	0.178672
0.309824	0.545931	0.119859	0.178053
0.309978	0.548865	0.116548	0.177206
0.309840	0.549621	0.117062	0.176833
0.309922	0.549618	0.114518	0.177483
0.309844	0.554112	0.112133	0.177162
0.310044	0.555221	0.110357	0.177792
0.309279	0.557241	0.108367	0.177726
0.305030	0.560099	0.104038	0.177513
0.304808	0.560735	0.101165	0.178173
0.304867	0.563636	0.096306	0.176433
0.304783	0.565340	0.094309	0.176351
0.304765	0.567015	0.091521	0.177454
0.304885	0.568534	0.089911	0.176933
0.304745	0.570030	0.088540	0.176013
0.304868	0.572929	0.086348	0.177426
0.304782	0.572067	0.085959	0.177879
0.304793	0.573481	0.083092	0.176152
0.304842	0.575339	0.082045	0.178573
0.304854	0.575639	0.078954	0.178718
0.304772	0.574879	0.075825	0.177974
0.304862	0.576980	0.074448	0.177548
0.304763	0.578817	0.073483	0.176771
0.304925	0.579318	0.073763	0.176958
0.304655	0.579620	0.072918	0.175939
0.304921	0.579641	0.073171	0.177171
0.304420	0.579940	0.072256	0.175300
0.307789	0.581093	0.070688	0.177592
0.310396	0.580063	0.069827	0.177324
0.309578	0.579369	0.070785	0.176176
0.310255	0.581024	0.069512	0.178018
0.309508	0.581665	0.068723	0.177238
0.312917	0.583674	0.067242	0.177652
0.315396	0.582234	0.066838	0.177629
0.314617	0.583415	0.067444	0.177975
0.315845	0.582602	0.067682	0.178035
0.319756	0.583451	0.066418	0.177745
0.320018	0.583221	0.065920	0.179489
0.319671	0.582054	0.065090	0.177783
0.322909	0.582126	0.065289	0.177881
0.325655	0.581571	0.066417	0.179287
0.324260	0.581298	0.065405	0.178776
0.328347	0.580649	0.066307	0.179195
0.330008	0.580965	0.067106	0.179786
0.330814	0.579842	0.066376	0.178738
0.334788	0.578085	0.067441	0.179170
0.334502	0.575630	0.069835	0.177720
0.335538	0.575531	0.070093	0.177156
0.340012	0.572164	0.070854	0.180109
0.339260	0.570527	0.073997	0.177842
0.343292	0.568842	0.075303	0.178902
0.344812	0.566418	0.076906	0.178072
0.348014	0.563813	0.077818	0.178470
0.350229	0.562681	0.080286	0.180824
0.350392	0.559515	0.083965	0.180174
0.355410	0.557357	0.085666	0.180076
0.354350	0.555061	0.086645	0.179055
0.358558	0.552363	0.089362	0.179368
0.359841	0.549381	0.089789	0.178990
0.360797	0.546422	0.092043	0.180278
0.365248	0.544811	0.094994	0.179143
0.364514	0.542092	0.099776	0.177876
0.368450	0.538895	0.101221	0.180417
0.370467	0.534411	0.103311	0.179639
0.369681	0.531239	0.105771	0.179515
0.371163	0.529465	0.107606	0.179089
0.375277	0.524296	0.110487	0.178796
0.374873	0.521405	0.113760	0.180673
0.375276	0.518347	0.116465	0.179994
0.374807	0.513387	0.120803	0.179560
0.376179	0.509915	0.125107	0.179333
0.379817	0.507622	0.128508	0.180641
0.379696	0.503814	0.132933	0.180921
0.379734	0.498224	0.134996	0.181195
0.379633	0.496428	0.137392	0.178776
0.379771	0.493943	0.141052	0.181047
0.379697	0.491869	0.142995	0.178773
0.379739	0.491599	0.143452	0.178058
0.379575	0.488684	0.145377	0.179010
0.379728	0.486509	0.145768	0.180160
0.379826	0.486517	0.148443	0.180188
0.379748	0.485206	0.148909	0.178703
0.379599	0.484661	0.149676	0.179078
0.379872	0.486330	0.151997	0.178887
0.379563	0.484932	0.150937	0.179179
0.379896	0.485087	0.153167	0.179896
0.379470	0.485019	0.153906	0.179101
0.380109	0.484051	0.155367	0.179618
0.378400	0.485513	0.155130	0.181055
0.374951	0.485373	0.156307	0.179798
0.375198	0.485527	0.156303	0.179941
0.375104	0.483902	0.156084	0.180450
0.375025	0.484119	0.156456	0.178917
0.375301	0.485559	0.159732	0.179162
0.371276	0.484990	0.157975	0.179590
0.369697	0.485748	0.157679	0.179735
0.370121	0.488681	0.159552	0.180290
0.370056	0.488223	0.157231	0.178405
0.366253	0.492032	0.158016	0.179542
0.364534	0.492892	0.157060	0.179406
0.365263	0.495321	0.156558	0.179098
0.360932	0.499082	0.155517	0.180506
0.359539	0.501202	0.154394	0.180383
0.360284	0.502013	0.154257	0.178907
0.358483	0.503628	0.150606	0.179663
0.354476	0.506875	0.149167	0.180104
0.355247	0.510645	0.148240	0.179663
0.354616	0.512384	0.147951	0.179172
0.355269	0.516104	0.146623	0.181160
0.350689	0.516011	0.146100	0.179373
0.349796	0.519233	0.144720	0.179553
0.349696	0.522690	0.143730	0.179184
0.350314	0.525150	0.142184	0.179043
0.348081	0.524864	0.140928	0.178965
0.344533	0.528349	0.138725	0.179398
0.344937	0.528990	0.139464	0.179472
0.344997	0.531201	0.138312	0.178856
0.343115	0.533296	0.137220	0.178990
0.339267	0.534065	0.135826	0.177384
0.340093	0.535037	0.136555	0.177756
0.339513	0.536830	0.135206	0.178097
0.339997	0.538194	0.133951	0.178737
0.335421	0.538443	0.132976	0.179177
0.334612	0.540809	0.133811	0.179623
0.334684	0.540781	0.133793	0.178434
0.334646	0.540059	0.134516	0.178653
0.334670	0.537558	0.136247	0.178136
0.334775	0.541333	0.138388	0.179040
0.334659	0.538869	0.139410	0.177286
0.334700	0.540834	0.138725	0.178845
0.334641	0.539469	0.140398	0.179489
0.334809	0.538782	0.140275	0.178744
0.334489	0.538901	0.141359	0.178818
0.335002	0.538360	0.141829	0.178603
0.332767	0.538446	0.144225	0.179802
0.329663	0.537344	0.144942	0.179299
0.330278	0.536885	0.147241	0.178344
0.329864	0.537360	0.146524	0.179838
0.330174	0.538247	0.148146	0.179580
0.329792	0.539079	0.149012	0.179728
0.330255	0.539720	0.150940	0.179327
0.329736	0.539617	0.150270	0.179797
0.330515	0.539551	0.150962	0.179774
0.327806	0.538970	0.149836	0.179540
0.324567	0.537875	0.150336	0.178881
0.325174	0.539452	0.151415	0.178082
0.324864	0.539829	0.151211	0.180718
0.325016	0.539108	0.151873	0.179714
0.324864	0.537775	0.151073	0.180037
0.324943	0.537936	0.152310	0.178599
0.324705	0.540845	0.153109	0.179425
0.320586	0.539055	0.152077	0.178308
0.319684	0.539797	0.152323	0.179073
0.319973	0.538403	0.154444	0.180696
0.319919	0.537062	0.152142	0.179536
0.319999	0.537902	0.153527	0.180397
0.319883	0.538310	0.154624	0.178570
0.319922	0.537203	0.155363	0.179331
0.319881	0.536077	0.154532	0.179644
0.319891	0.534683	0.154259	0.178764
0.319878	0.534264	0.155174	0.178722
0.319964	0.532958	0.155628	0.179038
0.319933	0.531796	0.154970	0.180130
0.319910	0.532824	0.155639	0.178613
0.319860	0.530533	0.156303	0.179615
0.319869	0.532052	0.155542	0.178866
0.319914	0.528503	0.154798	0.178842
0.319866	0.528884	0.156032	0.179558
0.319866	0.528795	0.155336	0.179658
0.319899	0.527393	0.154357	0.178837
0.319938	0.524995	0.154552	0.177969
0.319866	0.523491	0.153201	0.179744
0.319919	0.523056	0.153215	0.177393
0.319928	0.522006	0.151635	0.180735
0.319886	0.522159	0.151383	0.179609
0.319960	0.521039	0.151212	0.179540
0.319965	0.519747	0.149326	0.179078
0.319945	0.520915	0.148355	0.177756
0.319865	0.520992	0.149453	0.179989
0.319904	0.521237	0.147786	0.180101
0.319891	0.520749	0.144754	0.179385
0.319890	0.519477	0.144323	0.178871
0.319896	0.519800	0.142699	0.177698
0.319888	0.521859	0.140915	0.178721
0.319884	0.523725	0.140964	0.180026
0.319989	0.523565	0.138222	0.179491
0.319869	0.524784	0.136056	0.177870
0.320028	0.525234	0.135407	0.179787
0.319845	0.526367	0.133388	0.177101
0.319999	0.526716	0.131555	0.178465
0.319816	0.527746	0.129864	0.178295
0.320036	0.529956	0.126598	0.179497
0.319634	0.533276	0.125707	0.176871
0.320335	0.534451	0.121884	0.176021
0.317076	0.536892	0.119177	0.178182
0.314535	0.540346	0.116348	0.177082
0.315132	0.543932	0.111898	0.176888
0.314866	0.546205	0.108387	0.176770
0.315058	0.548728	0.104431	0.178177
0.314868	0.554960	0.101753	0.177960
0.315015	0.557026	0.099005	0.178380
0.314877	0.559288	0.094980	0.179055
0.314910	0.561466	0.092255	0.177628
0.314905	0.563981	0.089980	0.177706
0.314990	0.567542	0.088877	0.177713
0.314828	0.568153	0.084848	0.179512
0.314966	0.568723	0.085413	0.177193
0.314974	0.569029	0.082230	0.179272
0.314922	0.569955	0.079607	0.177535
0.314901	0.569642	0.079396	0.178461
0.314980	0.570145	0.077836	0.178766
0.314814	0.570327	0.075616	0.178749
0.315021	0.569153	0.074696	0.177290
0.314920	0.567932	0.075076	0.177591
0.314972	0.567482	0.072976	0.178396
0.314822	0.565709	0.074698	0.177444
0.315152	0.564606	0.076668	0.177517
0.314659	0.562426	0.077482	0.178322
0.317891	0.558433	0.079940	0.177820
0.320383	0.558099	0.079043	0.177904
0.319646	0.558909	0.079098	0.176122
0.320190	0.555930	0.079300	0.178044
0.319521	0.555123	0.080171	0.176999
0.322933	0.554539	0.081114	0.178667
0.325500	0.552475	0.080588	0.177845
0.324456	0.549949	0.081241	0.175686
0.328173	0.547230	0.082687	0.178365
0.330485	0.544560	0.083262	0.177845
0.329531	0.543128	0.086699	0.177986
0.333021	0.542316	0.087970	0.177984
0.335014	0.540178	0.090123	0.179749
0.334422	0.535699	0.093485	0.178365
0.334942	0.534962	0.095239	0.178759
0.334400	0.529367	0.095176	0.178212
0.335642	0.527362	0.098930	0.178297
0.339771	0.524023	0.100014	0.178623
0.339681	0.519184	0.102082	0.176848
0.339706	0.518089	0.103098	0.177943
0.339765	0.513078	0.105528	0.178902
0.339684	0.512275	0.108203	0.178553
0.339758	0.507622	0.109539	0.178484
0.339683	0.504028	0.113023	0.179958
0.339910	0.501807	0.114626	0.178137
0.339442	0.498069	0.116410	0.179355
0.343080	0.492737	0.118639	0.178817
0.345286	0.489766	0.124421	0.177163
0.344607	0.486255	0.125395	0.178620
0.345051	0.482462	0.127010	0.178934
0.344534	0.478692	0.130154	0.177634
0.345148	0.476339	0.133039	0.178357
0.344419	0.472479	0.136218	0.179068
0.348350	0.468451	0.137390	0.179093
0.350274	0.465447	0.141976	0.177727
0.349696	0.461949	0.144764	0.180139
0.349953	0.458189	0.147965	0.179073
0.349829	0.454896	0.152517	0.178810
0.349915	0.452892	0.153116	0.180141
0.349829	0.450356	0.155209	0.179144
0.349913	0.447571	0.158133	0.179039
0.349923	0.445741	0.159236	0.179554
0.349970	0.444821	0.160121	0.180571
0.349875	0.443543	0.160124	0.178078
0.349899	0.444187	0.161380	0.179524
0.349876	0.442168	0.163999	0.180817
0.349901	0.442597	0.165535	0.180042
0.349819	0.442738	0.166426	0.180175
0.349874	0.442602	0.167238	0.180280
0.349865	0.443772	0.166946	0.178531
0.349939	0.444927	0.167856	0.179504
0.349760	0.446528	0.168408	0.179668
0.350140	0.449218	0.170054	0.179668
0.348636	0.451374	0.170193	0.180719
0.344543	0.455656	0.166831	0.179287
0.345070	0.457553	0.167995	0.178729
0.344575	0.460735	0.166709	0.180584
0.345173	0.463326	0.166198	0.179219
0.343371	0.466609	0.162484	0.179966
0.339534	0.471618	0.162245	0.178014
0.339742	0.475104	0.158739	0.178129
0.339693	0.478898	0.156803	0.179574
0.336090	0.482464	0.155359	0.179630
0.334084	0.490058	0.150591	0.179271
0.335293	0.492898	0.148122	0.178932
0.332974	0.495596	0.144773	0.179743
0.329982	0.499649	0.144051	0.177380
0.329908	0.502362	0.139682	0.178136
0.330248	0.504585	0.137141	0.177296
0.326038	0.509717	0.135195	0.178505
0.324905	0.512514	0.130141	0.178729
0.324884	0.515416	0.126914	0.179927
0.325325	0.518009	0.124322	0.179479
0.323416	0.520554	0.122665	0.176938
0.319678	0.522157	0.120154	0.178572
0.320006	0.525747	0.118407	0.177748
0.319929	0.529318	0.117380	0.179143
0.319839	0.528421	0.115978	0.177388
0.320206	0.530502	0.114415	0.177862
0.318349	0.531338	0.114036	0.178120
0.314700	0.532054	0.111316	0.178671
0.315060	0.535563	0.110803	0.177727
0.314872	0.534654	0.110852	0.178848
0.314911	0.535141	0.109151	0.177928
0.318829	0.534852	0.111029	0.178981
0.320176	0.535906	0.108155	0.178726
0.319745	0.536469	0.108100	0.177043
0.320123	0.536318	0.107690	0.179887
0.319863	0.537338	0.107784	0.179274
0.319962	0.535145	0.109765	0.179209
0.319922	0.532927	0.110715	0.179336
0.319919	0.532013	0.113178	0.178726
0.324033	0.530937	0.114152	0.179837
0.325118	0.527660	0.114438	0.178151
0.324826	0.527205	0.116175	0.178696
0.325032	0.524655	0.114899	0.179449
0.324836	0.522621	0.118355	0.179071
0.324967	0.521477	0.117912	0.178630
0.324902	0.519249	0.119221	0.178203
0.325014	0.517832	0.119156	0.178709
0.324925	0.514284	0.121030	0.180244
0.329376	0.513653	0.122163	0.178556
0.330077	0.509233	0.124363	0.179028
0.330022	0.507461	0.124387	0.179316
0.329935	0.506076	0.126599	0.179576
0.330157	0.502404	0.129126	0.179415
0.329733	0.500933	0.130575	0.178885
0.331876	0.497347	0.131488	0.178407
0.335133	0.493674	0.132107	0.179665
0.334389	0.493566	0.133566	0.179050
0.334862	0.490456	0.135405	0.179350
0.334553	0.488088	0.136620	0.178821
0.334814	0.487118	0.135560	0.178823
0.334537	0.485196	0.135858	0.180042
0.334833	0.484642	0.136367	0.179536
0.334576	0.484524	0.133991	0.178832
0.334864	0.486030	0.136167	0.179277
0.334787	0.485464	0.135477	0.178554
0.339114	0.484937	0.135175	0.177087
0.339795	0.483156	0.135848	0.179749
0.339687	0.483380	0.135011	0.178961
0.339683	0.483004	0.136750	0.179553
0.339780	0.483603	0.136971	0.179259
0.339624	0.484122	0.137463	0.180062
0.339840	0.482374	0.136540	0.180036
0.339637	0.483962	0.138671	0.179719
0.339972	0.483356	0.138878	0.180570
0.339287	0.483660	0.139767	0.179544
0.342005	0.485080	0.141081	0.180368
0.345292	0.485162	0.139805	0.179417
0.344562	0.484383	0.140543	0.179415
0.344951	0.486184	0.142164	0.179219
0.344734	0.485092	0.141550	0.179487
0.344928	0.487509	0.142488	0.180288
0.344705	0.487733	0.141431	0.179039
0.344906	0.488811	0.143109	0.179575
0.344695	0.491316	0.142540	0.178530
0.344898	0.489860	0.142992	0.180328
0.344788	0.492121	0.144925	0.180754
0.344946	0.493028	0.145768	0.178664
0.344813	0.496293	0.144035	0.180929
0.344824	0.496193	0.144114	0.179180
0.344733	0.497397	0.142416	0.179258
0.344789	0.501270	0.142595	0.179306
0.344795	0.502099	0.141764	0.179566
0.344839	0.502293	0.140725	0.178900
0.344795	0.504368	0.140601	0.180009
0.344800	0.506708	0.140417	0.178747
0.344797	0.506329	0.140915	0.178297
0.344815	0.507095	0.138943	0.179631
0.344764	0.510972	0.138924	0.179242
0.344901	0.510383	0.139384	0.178295
0.344708	0.513275	0.138251	0.177989
0.344921	0.512605	0.139091	0.179179
0.344745	0.516949	0.139531	0.180701
0.344918	0.515817	0.137820	0.180681
0.344691	0.517002	0.139289	0.179368
0.345042	0.517798	0.138749	0.178128
0.344546	0.518288	0.138460	0.180447
0.345253	0.521089	0.139425	0.181416
0.342022	0.519371	0.139523	0.178860
0.339350	0.519750	0.140024	0.178919
0.339933	0.519978	0.138964	0.178929
0.339658	0.521474	0.138047	0.179115
0.339740	0.521480	0.140334	0.177710
0.339865	0.521969	0.141562	0.179118
0.339464	0.520208	0.142263	0.178232
0.342519	0.521387	0.144955	0.179288
0.345328	0.519562	0.142553	0.179398
0.344433	0.521395	0.145167	0.180404
0.344978	0.520945	0.144381	0.179781
0.344626	0.521631	0.143809	0.178302
0.345047	0.521788	0.143970	0.179506
0.344593	0.521768	0.144940	0.180096
0.344990	0.524224	0.144094	0.179441
0.344667	0.524423	0.143897	0.178964
0.345039	0.525129	0.144128	0.179415
0.344555	0.526125	0.144956	0.180585
0.345281	0.526057	0.145232	0.181068
0.341805	0.531442	0.145224	0.180481
0.339413	0.532003	0.144123	0.178643
0.339895	0.533071	0.142923	0.178424
0.339672	0.535249	0.142694	0.179145
0.339630	0.537571	0.141900	0.179467
0.340021	0.539290	0.140690	0.179655
0.336841	0.542480	0.139459	0.180907
0.334102	0.543921	0.138078	0.179946
0.335045	0.544883	0.137985	0.179210
0.334247	0.547588	0.135868	0.178450
0.335223	0.548658	0.136303	0.178565
0.331640	0.550899	0.135311	0.179028
0.329859	0.552197	0.134322	0.178713
0.329979	0.552386	0.133486	0.180606
0.330191	0.554714	0.132461	0.178179
0.329208	0.556991	0.131848	0.180962
0.324946	0.554634	0.130112	0.180550
0.324992	0.556513	0.128905	0.179779
0.324977	0.557647	0.130201	0.181005
0.324935	0.558026	0.131003	0.178028
0.325078	0.559267	0.129737	0.179083
0.324822	0.557678	0.130793	0.178389
0.325306	0.557966	0.132874	0.179371
0.321651	0.561298	0.132313	0.178907
0.319481	0.557472	0.132628	0.178411
0.320136	0.560781	0.133709	0.180379
0.319721	0.559322	0.133294	0.179846
0.319997	0.561207	0.132309	0.179744
0.319889	0.563420	0.134489	0.179663
0.319954	0.562635	0.132021	0.178006
0.319861	0.564400	0.131041	0.179921
0.319922	0.563580	0.130437	0.178454
0.319893	0.564350	0.130364	0.179472
0.319933	0.563918	0.131462	0.179019
0.319967	0.564367	0.131965	0.178123
0.319762	0.563996	0.131739	0.179707
0.320121	0.565891	0.131683	0.178570
0.316534	0.565461	0.131882	0.179393
0.314573	0.564498	0.130481	0.178404
0.315228	0.564523	0.130870	0.177752
0.314734	0.563111	0.131615	0.179333
0.315147	0.563074	0.132653	0.178873
0.314658	0.560905	0.133031	0.178780
0.315268	0.563416	0.132993	0.179294
0.311319	0.560483	0.133749	0.178852
0.309623	0.558927	0.133781	0.179908
0.310039	0.560261	0.133970	0.179049
0.309723	0.559804	0.134381	0.180403
0.309909	0.559986	0.134843	0.179218
0.309837	0.559471	0.135175	0.178479
0.309919	0.559432	0.135931	0.179739
0.309915	0.558045	0.136818	0.176939
0.309965	0.556401	0.136214	0.179742
0.309850	0.556085	0.138197	0.177542
0.309905	0.555406	0.139000	0.178005
0.309830	0.554494	0.139419	0.177791
0.309855	0.551928	0.140661	0.179073
0.309827	0.551352	0.140821	0.179276
0.309909	0.549275	0.143379	0.179015
0.309829	0.547915	0.144851	0.178072
0.309955	0.545420	0.144524	0.179813
0.309844	0.544508	0.144712	0.179400
0.309893	0.543148	0.144566	0.178148
0.309785	0.541256	0.145316	0.178535
0.309967	0.539180	0.146654	0.178247
0.309884	0.538941	0.147213	0.178057
0.309982	0.537433	0.147208	0.178147
0.309727	0.536244	0.147514	0.177505
0.309950	0.537353	0.145984	0.179585
0.309722	0.536573	0.147632	0.177705
0.310112	0.536037	0.144042	0.178681
0.309520	0.538563	0.143883	0.177696
0.311497	0.539322	0.141830	0.178550
0.315125	0.542221	0.138552	0.178504
0.314706	0.543626	0.136103	0.177498
0.315034	0.545772	0.131008	0.179050
0.314827	0.548757	0.128582	0.177783
0.314852	0.552325	0.123902	0.179058
0.315039	0.556513	0.121136	0.177463
0.314878	0.559771	0.117474	0.178801
0.315006	0.562888	0.113178	0.179549
0.314684	0.566558	0.108021	0.177078
0.315362	0.569593	0.103123	0.179683
0.313324	0.573569	0.099979	0.177936
0.309589	0.577717	0.096627	0.177844
0.310012	0.580312	0.093312	0.177051
0.309843	0.584908	0.089573	0.178003
0.309883	0.589253	0.083438	0.178011
0.310046	0.590891	0.080964	0.178181
0.309514	0.595642	0.079358	0.177554
0.311551	0.599184	0.073756	0.178102
0.315261	0.602442	0.072523	0.178008
0.314705	0.606839	0.071708	0.177123
0.315009	0.608171	0.068663	0.178216
0.314877	0.610366	0.067860	0.176984
0.314996	0.611805	0.065536	0.177549
0.318858	0.613640	0.063448	0.176975
0.320224	0.614333	0.062650	0.178820
0.319462	0.617477	0.062056	0.179108
0.321734	0.618224	0.060518	0.176833
0.325451	0.619233	0.060345	0.177195
0.324413	0.619343	0.060171	0.176932
0.326993	0.620063	0.061350	0.178042
0.330334	0.619668	0.062665	0.177723
0.329914	0.618205	0.062427	0.178647
0.330196	0.619246	0.061915	0.177968
0.333752	0.617401	0.065025	0.178219
0.335027	0.616829	0.064567	0.178530
0.334473	0.617452	0.065482	0.176844
0.339146	0.616539	0.065527	0.178826
0.339637	0.615694	0.066915	0.178025
0.341490	0.613781	0.068891	0.178954
0.345302	0.610976	0.071320	0.177866
0.344508	0.610267	0.072481	0.178211
0.349559	0.609577	0.072879	0.178817
0.349497	0.608692	0.075665	0.177398
0.351863	0.607260	0.076847	0.178716
0.355273	0.605889	0.077693	0.177864
0.354734	0.606150	0.078568	0.179357
0.355105	0.604312	0.080352	0.178042
0.359253	0.604477	0.081257	0.180515
0.360071	0.603025	0.083167	0.179055
0.359972	0.601376	0.084937	0.178704
0.364257	0.600329	0.087175	0.178843
0.365311	0.599656	0.087392	0.178376
0.364539	0.599204	0.089931	0.180070
0.367020	0.596244	0.090494	0.179123
0.370446	0.595287	0.091494	0.179925
0.369746	0.593220	0.093700	0.178449
0.370120	0.592277	0.095100	0.179735
0.369901	0.590431	0.095583	0.179605
0.370132	0.585921	0.098604	0.178832
0.369961	0.583789	0.101397	0.180148
0.370230	0.578681	0.105379	0.180205
0.374465	0.576195	0.108906	0.179178
0.375297	0.572435	0.109945	0.180084
0.374983	0.570114	0.114070	0.179935
0.375130	0.566288	0.116701	0.179038
0.374918	0.563750	0.119839	0.179861
0.375461	0.559289	0.121754	0.180477
0.379141	0.554728	0.124489	0.178737
0.379876	0.551238	0.128056	0.178604
0.379509	0.547119	0.132684	0.179318
0.379923	0.542624	0.136674	0.180294
0.379228	0.537313	0.141166	0.179371
0.382002	0.533157	0.145099	0.179430
0.384860	0.528228	0.149111	0.180314
0.384245	0.525334	0.152837	0.179084
0.384630	0.520756	0.155818	0.180175
0.384413	0.515050	0.159743	0.178764
0.384543	0.511464	0.162205	0.180760
0.384384	0.506449	0.166719	0.181789
0.384537	0.502966	0.169907	0.181206
0.384465	0.499749	0.172176	0.179581
0.384506	0.493914	0.175415	0.178598
0.384442	0.492610	0.176216	0.181546
0.384523	0.489143	0.179791	0.179583
0.384419	0.489039	0.181968	0.179600
0.384544	0.487891	0.184499	0.179177
0.384084	0.488437	0.184282	0.181185
0.380053	0.489906	0.183874	0.179945
0.379682	0.491630	0.182770	0.179234
0.379708	0.495345	0.183030	0.178412
0.379821	0.497005	0.180347	0.180298
0.379598	0.500214	0.176523	0.180596
0.379956	0.504399	0.174907	0.179041
0.377348	0.510335	0.171879	0.179444
0.374416	0.512753	0.168214	0.179118
0.375685	0.515607	0.166050	0.178937
0.372200	0.520576	0.162523	0.179462
0.369747	0.524204	0.159065	0.181517
0.369742	0.528253	0.156580	0.179435
0.365037	0.534163	0.152435	0.179333
0.364679	0.537740	0.149287	0.180225
0.359634	0.540401	0.146035	0.177611
0.360572	0.545160	0.142471	0.180665
0.356767	0.548516	0.140655	0.178266
0.355019	0.550252	0.137079	0.179271
0.352204	0.553941	0.132737	0.178124
0.349368	0.556952	0.130461	0.178399
0.349594	0.558075	0.128524	0.178773
0.344794	0.563106	0.126614	0.178572
0.344896	0.562799	0.122756	0.178931
0.344731	0.563422	0.121149	0.179430
0.344911	0.564113	0.119788	0.180007
0.344768	0.564707	0.120082	0.180284
0.344854	0.566030	0.118204	0.180740
0.344915	0.566209	0.115794	0.179048
0.344695	0.566416	0.115870	0.178562
0.345510	0.567865	0.113390	0.178925
0.349785	0.566619	0.111501	0.178620
0.349844	0.569915	0.110991	0.178952
0.349763	0.568517	0.109303	0.178851
0.350472	0.569541	0.108654	0.179618
0.354940	0.570333	0.108938	0.178192
0.354887	0.572184	0.108120	0.179653
0.354928	0.573046	0.106561	0.179591
0.354894	0.573316	0.105552	0.179060
0.354749	0.573862	0.104230	0.179013
0.355611	0.573203	0.105805	0.178821
0.359900	0.575727	0.105216	0.180882
0.359856	0.575843	0.103928	0.178396
0.359852	0.573926	0.104914	0.179821
0.359882	0.574549	0.106113	0.179081
0.359910	0.573328	0.106826	0.178782
0.359856	0.572549	0.107860	0.179283
0.359920	0.572865	0.108414	0.179788
0.359905	0.569797	0.108098	0.179808
0.359877	0.570462	0.109359	0.177777
0.359899	0.568752	0.111715	0.178660
0.359958	0.567175	0.114376	0.178555
0.359772	0.566485	0.116152	0.179898
0.359960	0.566727	0.116876	0.178471
0.359836	0.564531	0.118915	0.178942
0.359960	0.564102	0.118938	0.180290
0.359831	0.563911	0.119009	0.179120
0.359896	0.562909	0.120911	0.180892
0.359841	0.563001	0.121869	0.178679
0.359921	0.560928	0.123593	0.179789
0.359877	0.559825	0.124955	0.178723
0.360039	0.560215	0.125341	0.179355
0.359638	0.560354	0.126771	0.181498
0.360882	0.558718	0.126905	0.179340
0.365129	0.558035	0.128044	0.181171
0.364799	0.557927	0.130387	0.179393
0.365113	0.557941	0.128572	0.179437
0.364773	0.557293	0.129597	0.180062
0.365311	0.556681	0.131545	0.180338
0.363751	0.555321	0.131725	0.181789
0.359831	0.554833	0.133402	0.178231
0.359906	0.556641	0.133630	0.180378
0.359834	0.557047	0.133668	0.178637
0.359982	0.557444	0.133402	0.180153
0.359903	0.556901	0.131971	0.179441
0.359855	0.559545	0.133457	0.180269
0.359911	0.560495	0.133609	0.179244
0.359864	0.559859	0.131803	0.179960
0.359926	0.562490	0.132851	0.180307
0.359830	0.559926	0.132087	0.178962
0.359884	0.560756	0.132242	0.180155
0.359812	0.560706	0.134308	0.178193
0.359999	0.560722	0.136010	0.181157
0.359727	0.562040	0.137187	0.179199
0.360091	0.560961	0.137599	0.180904
0.356297	0.560204	0.136421	0.179896
0.354531	0.561065	0.138628	0.179499
0.355044	0.559550	0.137880	0.180234
0.354775	0.559576	0.138641	0.179688
0.355037	0.560853	0.138296	0.179033
0.354818	0.561351	0.138301	0.179259
0.354851	0.558016	0.139583	0.179145
0.354911	0.558489	0.140378	0.178555
0.354863	0.558278	0.141146	0.180590
0.354909	0.556989	0.142050	0.180025
0.354872	0.554320	0.143173	0.178320
0.354930	0.555056	0.145982	0.180555
0.354883	0.554554	0.145851	0.179287
0.355046	0.552158	0.146254	0.181275
0.354714	0.551120	0.146776	0.178693
0.355177	0.551007	0.146174	0.178374
0.353383	0.548552	0.145718	0.178722
0.349545	0.547945	0.146214	0.180758
0.350128	0.548762	0.145031	0.179088
0.349674	0.548365	0.145253	0.178664
0.350024	0.549080	0.143660	0.180988
0.349746	0.550038	0.143787	0.179024
0.350063	0.551681	0.141557	0.179010
0.345887	0.551745	0.142843	0.178696
0.344491	0.553098	0.141758	0.179540
0.345061	0.555140	0.139059	0.178147
0.344721	0.557265	0.138522	0.179509
0.344947	0.560856	0.135694	0.180342
0.344630	0.561451	0.132277	0.177350
0.345190	0.564183	0.129230	0.180264
0.343126	0.565205	0.125923	0.178997
0.339342	0.566149	0.124691	0.179616
0.340008	0.569471	0.121557	0.178453
0.339546	0.570094	0.120600	0.177374
0.339908	0.571231	0.118205	0.179178
0.335558	0.572763	0.119343	0.179525
0.334568	0.570500	0.118635	0.179185
0.334770	0.569774	0.117459	0.178644
0.334657	0.570764	0.118017	0.179621
0.334704	0.569489	0.118672	0.178127
0.334688	0.569786	0.118296	0.178985
0.334694	0.568287	0.118561	0.179347
0.334659	0.568438	0.118382	0.177659
0.334596	0.566631	0.116660	0.178524
0.334736	0.564976	0.117700	0.178515
0.334634	0.563585	0.119106	0.178821
0.334763	0.562193	0.120700	0.177961
0.334636	0.559938	0.121232	0.179829
0.334793	0.558790	0.123663	0.178240
0.334583	0.555396	0.124946	0.179361
0.334990	0.551982	0.128296	0.178605
0.334188	0.550349	0.130447	0.178618
0.336604	0.548887	0.132278	0.178575
0.340132	0.546350	0.136731	0.180225
0.339572	0.545246	0.136506	0.179905
0.339968	0.543222	0.137262	0.178744
0.339614	0.541325	0.138161	0.179669
0.339870	0.540680	0.137971	0.178767
0.339673	0.539537	0.140128	0.178781
0.339768	0.538743	0.140946	0.180148
0.339676	0.536564	0.144769	0.179440
0.339875	0.536019	0.144037	0.180531
0.339682	0.536150	0.145427	0.179175
0.339874	0.535900	0.146624	0.179439
0.339661	0.534807	0.144868	0.177802
0.339752	0.533598	0.148563	0.178331
0.335365	0.534356	0.147731	0.179675
0.334596	0.533979	0.148162	0.178338
0.334759	0.534082	0.146925	0.180864
0.334723	0.531587	0.147643	0.178136
0.334635	0.532457	0.146965	0.179614
0.334851	0.530950	0.147539	0.178558
0.334469	0.532588	0.148809	0.179386
0.335016	0.532748	0.148852	0.179806
0.332617	0.531033	0.150201	0.178901
0.329602	0.532803	0.150068	0.180577
0.330240	0.528850	0.151813	0.178505
0.329878	0.529817	0.154616	0.179774
0.330095	0.528507	0.154591	0.178419
0.329898	0.529816	0.152478	0.180030
0.330088	0.532306	0.153624	0.178964
0.329728	0.530438	0.152635	0.179056
0.325463	0.533993	0.153355	0.178996
0.324807	0.534055	0.151220	0.178172
0.325038	0.534589	0.151544	0.179891
0.324859	0.535109	0.150665	0.176888
0.324915	0.535623	0.150863	0.179987
0.324917	0.536155	0.152331	0.179499
0.325032	0.536667	0.152036	0.180416
0.324881	0.536674	0.151314	0.179605
0.324976	0.535809	0.152631	0.177929
0.324957	0.537655	0.152457	0.181860
0.324964	0.537042	0.150103	0.178906
0.325039	0.538176	0.151759	0.180228
0.324566	0.537095	0.151552	0.177201
0.320181	0.536944	0.152468	0.180792
0.319885	0.538063	0.154629	0.178960
0.319856	0.535713	0.152956	0.178995
0.319919	0.534655	0.153893	0.178437
0.319899	0.534713	0.154896	0.178831
0.319896	0.532132	0.153122	0.180525
0.319933	0.530632	0.154520	0.179024
0.319908	0.530662	0.154665	0.179764
0.319880	0.527557	0.155604	0.178362
0.319963	0.527136	0.157036	0.178907
0.319880	0.525732	0.156220	0.179849
0.319844	0.524347	0.157535	0.179282
0.319856	0.521818	0.157421	0.179307
0.319894	0.520878	0.159807	0.179129
0.319916	0.518066	0.159884	0.178479
0.319953	0.515400	0.161525	0.178852
0.319993	0.514006	0.161495	0.178280
0.319845	0.510483	0.164958	0.179467
0.319906	0.509848	0.162369	0.178674
0.319829	0.507579	0.165967	0.179413
0.319947	0.505227	0.166131	0.178503
0.319870	0.504097	0.166352	0.179672
0.319934	0.501934	0.167555	0.177773
0.319810	0.499457	0.168001	0.179520
0.319998	0.497688	0.169401	0.178248
0.319805	0.496979	0.167806	0.179075
0.320059	0.496215	0.166027	0.180357
0.319302	0.494886	0.167621	0.179371
0.315075	0.492156	0.166422	0.179459
0.314887	0.490107	0.167812	0.178711
0.314995	0.489177	0.168016	0.180500
0.314861	0.488633	0.168193	0.179296
0.315048	0.488344	0.171222	0.180228
0.314829	0.488986	0.169892	0.178795
0.315117	0.487618	0.168961	0.177448
0.314748	0.490721	0.168002	0.179301
0.315325	0.489053	0.167626	0.178826
0.311876	0.491002	0.166714	0.178739
0.309607	0.492102	0.164858	0.179051
0.310034	0.494161	0.164037	0.179550
0.309943	0.498426	0.163214	0.179209
0.309131	0.501340	0.160345	0.178617
0.304844	0.504917	0.159349	0.178847
0.304910	0.506801	0.155896	0.179624
0.304770	0.511591	0.153615	0.178731
0.304817	0.514753	0.152590	0.178030
0.304937	0.517125	0.148648	0.178536
0.304042	0.520667	0.144877	0.177757
0.299646	0.525187	0.142393	0.179129
0.299896	0.526668	0.140400	0.178419
0.299623	0.530964	0.137737	0.178266
0.299858	0.535282	0.135999	0.178602
0.299584	0.536522	0.134415	0.177586
0.299878	0.541108	0.130655	0.178414
0.299501	0.544088	0.129395	0.177302
0.300144	0.547583	0.126131	0.179078
0.296470	0.550881	0.122999	0.177277
0.294354	0.552804	0.124089	0.178868
0.294965	0.557154	0.122314	0.177210
0.294595	0.558789	0.120089	0.177935
0.294870	0.561646	0.117579	0.178305
0.294649	0.562954	0.116047	0.177659
0.294763	0.564385	0.115623	0.178412
0.294617	0.564683	0.115586	0.176393
0.294818	0.565023	0.114767	0.178660
0.294606	0.564188	0.116746	0.179021
0.294846	0.563568	0.116676	0.179477
0.294476	0.561756	0.116573	0.178227
0.295626	0.562559	0.119098	0.178825
0.299708	0.560661	0.118869	0.178518
0.299732	0.558950	0.121584	0.178841
0.299679	0.560710	0.121763	0.178020
0.299830	0.558473	0.123048	0.178970
0.299532	0.558055	0.123901	0.179421
0.300789	0.559023	0.124861	0.178030
0.305017	0.559662	0.124157	0.178029
0.304635	0.556906	0.123509	0.178511
0.305029	0.555707	0.124242	0.177966
0.304468	0.555033	0.124353	0.178751
0.305972	0.553690	0.125559	0.178069
0.310032	0.552069	0.124633	0.179684
0.309731	0.548864	0.126250	0.177448
0.309969	0.547454	0.128043	0.180009
0.309777	0.546045	0.128927	0.178133
0.310061	0.542981	0.129938	0.178759
0.309623	0.540838	0.133183	0.178951
0.311131	0.539617	0.134530	0.178328
0.315041	0.537211	0.135999	0.178687
0.314720	0.535723	0.137827	0.177905
0.315017	0.534351	0.137376	0.178669
0.314873	0.532656	0.138644	0.179692
0.315004	0.530187	0.139616	0.179376
0.314767	0.527574	0.141621	0.177837
0.315024	0.525711	0.143942	0.180359
0.314868	0.526661	0.146830	0.177822
0.315046	0.524224	0.147659	0.178137
0.314739	0.523271	0.148063	0.177999
0.315093	0.520173	0.149777	0.178504
0.314575	0.520851	0.151083	0.181350
0.316348	0.519461	0.152750	0.179207
0.320085	0.517337	0.152476	0.179730
0.319822	0.517224	0.153205	0.179976
0.319932	0.514435	0.156349	0.178871
0.319899	0.512818	0.155699	0.178511
0.319733	0.513018	0.158637	0.179638
0.321207	0.512494	0.158389	0.180539
0.325377	0.511738	0.159321	0.178855
0.324654	0.511285	0.162167	0.178885
0.325252	0.509282	0.161157	0.179743
0.324468	0.508100	0.161740	0.181015
0.326608	0.507482	0.162826	0.179128
0.330207	0.505145	0.163389	0.179867
0.329929	0.504784	0.164235	0.181290
0.330059	0.504103	0.165864	0.179106
0.329975	0.503106	0.165859	0.180146
0.330002	0.501944	0.167362	0.178369
0.330018	0.501398	0.169470	0.180406
0.329954	0.501243	0.169931	0.180323
0.330049	0.500942	0.169129	0.178688
0.329851	0.501655	0.171622	0.180273
0.333774	0.500834	0.171305	0.179853
0.334843	0.498392	0.172735	0.181056
0.334531	0.498209	0.172292	0.179517
0.334768	0.497155	0.173973	0.181035
0.334587	0.497787	0.173331	0.179902
0.334721	0.498332	0.173726	0.179510
0.334612	0.498050	0.174239	0.180943
0.334784	0.497841	0.172711	0.179709
0.334617	0.498512	0.172588	0.180481
0.334705	0.499950	0.174095	0.180158
0.334659	0.499741	0.172603	0.179921
0.334680	0.499258	0.175783	0.178951
0.334723	0.500258	0.176233	0.180560
0.334665	0.499786	0.175822	0.178796
0.334693	0.500406	0.177403	0.179971
0.334762	0.501275	0.175959	0.180042
0.334715	0.502031	0.176592	0.179283
0.334724	0.502576	0.174341	0.180689
0.334640	0.507532	0.173542	0.179163
0.334729	0.508681	0.172924	0.180639
0.334768	0.509235	0.172242	0.179873
0.334724	0.512941	0.171099	0.178578
0.334691	0.513987	0.169074	0.180022
0.334620	0.516100	0.170123	0.180135
0.334728	0.519885	0.167646	0.180567
0.334726	0.523436	0.166229	0.180039
0.334720	0.524912	0.163472	0.179517
0.334714	0.526387	0.163393	0.179950
0.334713	0.530795	0.159236	0.180490
0.334715	0.533526	0.157979	0.180422
0.334664	0.538970	0.156807	0.180772
0.334645	0.540965	0.154120	0.180409
0.334703	0.543513	0.152561	0.179946
0.334676	0.546070	0.150356	0.179823
0.334642	0.549038	0.147820	0.179319
0.334704	0.554510	0.146515	0.179348
0.334672	0.556758	0.144576	0.178808
0.334723	0.561144	0.142794	0.179839
0.334661	0.561745	0.142001	0.178355
0.334704	0.563213	0.140806	0.179127
0.334522	0.566109	0.138901	0.179692
0.330496	0.568875	0.134992	0.181058
0.329899	0.572932	0.132688	0.180670
0.330029	0.574852	0.129270	0.178682
0.330175	0.578367	0.127083	0.180525
0.334118	0.580508	0.126821	0.178929
0.334889	0.582212	0.124080	0.179943
0.334601	0.584852	0.124414	0.180567
0.334693	0.584317	0.123766	0.178436
0.334666	0.586190	0.123351	0.179403
0.334854	0.586975	0.123412	0.178989
0.334604	0.587358	0.123278	0.180521
0.335021	0.588067	0.124456	0.178113
0.339094	0.588203	0.123363	0.179058
0.339950	0.585943	0.123654	0.178949
0.339513	0.584287	0.124011	0.179451
0.339999	0.586217	0.125806	0.179396
0.339210	0.583360	0.126692	0.179958
0.342193	0.582748	0.128369	0.180632
0.345154	0.581259	0.129760	0.180470
0.344716	0.579345	0.131387	0.181122
0.344802	0.577211	0.133912	0.178589
0.344981	0.574064	0.135951	0.179968
0.344467	0.572597	0.138764	0.180653
0.347217	0.570150	0.139900	0.178801
0.350378	0.565685	0.142057	0.181285
0.349545	0.563795	0.144212	0.181135
0.350063	0.562360	0.145883	0.179242
0.349768	0.561765	0.148114	0.179520
0.349884	0.560259	0.147463	0.180178
0.350195	0.560914	0.147028	0.180074
0.354665	0.561818	0.147681	0.180359
0.354871	0.562178	0.147518	0.180407
0.354922	0.564624	0.147638	0.178583
0.354898	0.566379	0.145679	0.180525
0.354936	0.567971	0.145929	0.182721
0.354864	0.568730	0.144576	0.181613
0.354907	0.572295	0.142884	0.180619
0.354817	0.575090	0.140726	0.180512
0.354916	0.576262	0.138350	0.180586
0.354930	0.578579	0.137266	0.179715
0.354868	0.582285	0.134905	0.180985
0.354848	0.582984	0.132191	0.179471
0.354852	0.585952	0.131384	0.180987
0.354881	0.586607	0.130398	0.178756
0.354879	0.592657	0.127188	0.179663
0.354997	0.593396	0.123916	0.179871
0.354331	0.595047	0.123464	0.180634
0.349935	0.597065	0.117601	0.180295
0.349930	0.600389	0.116505	0.179707
0.349786	0.601244	0.115278	0.180287
0.349908	0.601617	0.113763	0.178357
0.349857	0.605196	0.109512	0.180392
0.349857	0.604011	0.108476	0.179262
0.349761	0.605002	0.106834	0.180956
0.349913	0.606857	0.102693	0.179248
0.349777	0.608279	0.100655	0.178964
0.350089	0.607788	0.098571	0.180928
0.349491	0.608895	0.098016	0.179455
0.352769	0.610757	0.097078	0.180423
0.355400	0.609576	0.095900	0.178751
0.354551	0.610528	0.093806	0.179704
0.355160	0.610797	0.090813	0.179539
0.354481	0.612542	0.090185	0.179439
0.357923	0.612148	0.087112	0.179679
0.360247	0.615372	0.085926	0.179212
0.359617	0.613693	0.083954	0.178374
0.360695	0.615028	0.083794	0.178747
0.364947	0.614410	0.082599	0.179839
0.364908	0.614720	0.080682	0.177835
0.365148	0.613700	0.079318	0.178758
0.364645	0.611791	0.079749	0.180299
0.367962	0.612346	0.080523	0.179273
0.370572	0.609324	0.081111	0.177720
0.369629	0.608235	0.081569	0.179657
0.370424	0.604404	0.081332	0.179301
0.369390	0.603676	0.084177	0.179687
0.373358	0.602417	0.084656	0.180220
0.375298	0.602786	0.083740	0.178242
0.375032	0.599159	0.085275	0.178490
0.374981	0.597353	0.087971	0.178798
0.375192	0.593686	0.089321	0.179829
0.374760	0.591155	0.089021	0.181421
0.378051	0.588224	0.091070	0.178108
0.380019	0.586664	0.094152	0.181057
0.379472	0.583283	0.094750	0.179386
0.379797	0.581356	0.095592	0.179128
0.379610	0.577361	0.096813	0.179460
0.379594	0.576254	0.098051	0.180567
0.380542	0.574535	0.100940	0.179054
0.384647	0.571890	0.103423	0.179931
0.384265	0.569566	0.104297	0.180007
0.384728	0.566664	0.108936	0.178852
0.384207	0.563829	0.109149	0.182118
0.384701	0.561736	0.111699	0.179445
0.384168	0.559288	0.113922	0.178769
0.387922	0.556464	0.115322	0.178828
0.389749	0.554762	0.117547	0.179970
0.389333	0.551141	0.118748	0.179629
0.389551	0.551943	0.120928	0.180589
0.389334	0.549018	0.121040	0.179638
0.389477	0.545741	0.124597	0.180258
0.389467	0.542930	0.125583	0.178916
0.389426	0.541622	0.127515	0.179942
0.389372	0.539761	0.128568	0.181412
0.389549	0.536681	0.131997	0.181900
0.389402	0.534904	0.134548	0.179675
0.389517	0.534705	0.136159	0.181081
0.389388	0.530664	0.135118	0.181859
0.389481	0.529411	0.134809	0.181572
0.389344	0.526452	0.138003	0.179277
0.389514	0.523187	0.138705	0.180520
0.389323	0.520818	0.141467	0.179687
0.389618	0.518800	0.144160	0.179247
0.388188	0.516080	0.145677	0.179677
0.384225	0.515540	0.148315	0.180892
0.384618	0.512722	0.148778	0.181132
0.384341	0.511981	0.152428	0.180857
0.384650	0.508734	0.153160	0.180125
0.384356	0.508956	0.153457	0.179912
0.384725	0.504144	0.157561	0.181785
0.384273	0.502370	0.158336	0.180386
0.384690	0.501051	0.160995	0.180929
0.384092	0.500217	0.160801	0.182809
0.388417	0.496801	0.162157	0.180017
0.385973	0.495484	0.162143	0.181570
0.384079	0.493529	0.163466	0.179786
0.384632	0.492032	0.165562	0.180124
0.384416	0.491429	0.166932	0.179948
0.384485	0.491143	0.169009	0.179651
0.384497	0.488198	0.170327	0.180975
0.384416	0.489128	0.172375	0.180419
0.384830	0.488712	0.171629	0.180690
0.382988	0.488736	0.171612	0.182081
0.379511	0.491834	0.171154	0.180288
0.379724	0.490804	0.170287	0.179698
0.379820	0.491530	0.169940	0.181056
0.378444	0.494478	0.168342	0.179943
0.374873	0.493657	0.165996	0.180169
0.375281	0.495374	0.165366	0.180606
0.374953	0.494424	0.166042	0.180057
0.371322	0.497267	0.164786	0.181106
0.369545	0.498780	0.163915	0.180448
0.370343	0.499262	0.163994	0.179273
0.365811	0.500514	0.162400	0.179710
0.364815	0.502022	0.161737	0.180189
0.365045	0.501815	0.160919	0.179956
0.360939	0.503561	0.158900	0.180381
0.359489	0.505001	0.155303	0.179841
0.360103	0.506398	0.156036	0.178495
0.355703	0.507325	0.152801	0.179814
0.354833	0.508739	0.151259	0.178752
0.354863	0.509629	0.150907	0.179568
0.354976	0.514358	0.148865	0.179784
0.350764	0.516378	0.145732	0.178748
0.349737	0.520158	0.145150	0.179728
0.349952	0.521028	0.144476	0.179000
0.349911	0.523861	0.141778	0.180195
0.349696	0.528126	0.141488	0.179254
0.350219	0.531873	0.139622	0.180232
0.348086	0.534685	0.139056	0.180495
0.344422	0.537895	0.135687	0.178271
0.345089	0.541273	0.133114	0.179228
0.344675	0.544645	0.131136	0.179844
0.344977	0.549409	0.129234	0.179352
0.344556	0.553460	0.126742	0.180312
0.344931	0.559558	0.125082	0.179185
0.344591	0.562700	0.124391	0.179976
0.344926	0.567021	0.120447	0.180075
0.344672	0.571640	0.118070	0.179307
0.345010	0.576677	0.115033	0.180248
0.344552	0.581883	0.112153	0.181215
0.345318	0.584744	0.110215	0.180749
0.342840	0.588079	0.109040	0.180212
0.339351	0.590049	0.108822	0.179157
0.339963	0.592337	0.107805	0.180024
0.339530	0.593696	0.107961	0.179000
0.339896	0.593283	0.107810	0.179184
0.339640	0.594023	0.108081	0.181095
0.339811	0.595241	0.109318	0.179461
0.339583	0.595632	0.107061	0.181385
0.339857	0.595503	0.108109	0.181042
0.339763	0.595289	0.108214	0.180516
0.344188	0.595166	0.109465	0.180901
0.344941	0.594304	0.110337	0.179864
0.344709	0.593038	0.111560	0.181071
0.344812	0.590581	0.113798	0.181622
0.344828	0.589343	0.115424	0.180906
0.344846	0.590224	0.117826	0.178781
0.344775	0.589677	0.117073	0.180847
0.344984	0.587601	0.118192	0.181081
0.349313	0.588040	0.118835	0.180959
0.349974	0.590115	0.120535	0.180763
0.349763	0.587091	0.122031	0.180944
0.349870	0.586436	0.122867	0.180030
0.349840	0.587760	0.123985	0.179759
0.350128	0.586998	0.124693	0.181037
0.354417	0.586607	0.123625	0.180640
0.355061	0.587722	0.122797	0.180123
0.354861	0.588437	0.124148	0.181006
0.354923	0.588860	0.121432	0.181979
0.354980	0.588389	0.122546	0.180089
0.354926	0.587757	0.122811	0.180379
0.354871	0.589688	0.121917	0.181526
0.354863	0.588691	0.121382	0.179926
0.354906	0.588553	0.121378	0.181295
0.354882	0.588508	0.121999	0.179554
0.354916	0.588576	0.120157	0.180249
0.354901	0.589207	0.119116	0.179787
0.354963	0.588012	0.121702	0.181320
0.354833	0.587115	0.120422	0.181422
0.355001	0.586534	0.118429	0.180886
0.354877	0.585040	0.119681	0.180019
0.355009	0.584245	0.119565	0.180876
0.354803	0.582132	0.119764	0.180121
0.354970	0.579293	0.120228	0.179031
0.354965	0.578365	0.121140	0.179963
0.354911	0.578424	0.121228	0.180888
0.355244	0.574570	0.122649	0.181223
0.359707	0.574007	0.123883	0.180820
0.359750	0.572178	0.122822	0.180643
0.360074	0.569461	0.120428	0.180645
0.359519	0.568996	0.120308	0.180963
0.362538	0.565692	0.121841	0.180897
0.365385	0.563579	0.122829	0.178972
0.364765	0.561386	0.122056	0.181773
0.365006	0.558690	0.124589	0.179387
0.365336	0.557191	0.125206	0.180755
0.369895	0.554505	0.123939	0.180594
0.370030	0.551431	0.125955	0.179763
0.370089	0.548966	0.124524	0.180209
0.370363	0.547865	0.126508	0.179680
0.375024	0.545466	0.125306	0.180684
0.374966	0.541758	0.128145	0.180917
0.375308	0.540998	0.128415	0.181114
0.374647	0.541580	0.126564	0.179207
0.377610	0.538696	0.127916	0.180275
0.380012	0.537833	0.127463	0.179395
0.379639	0.535490	0.129180	0.182245
0.379707	0.534615	0.130334	0.181224
0.379818	0.533868	0.130583	0.180094
0.379381	0.533028	0.130791	0.180183
0.382388	0.533643	0.131008	0.178803
0.384972	0.532307	0.129976	0.179506
0.384159	0.533932	0.129551	0.180242
0.384734	0.533211	0.129784	0.180198
0.384282	0.532598	0.130273	0.180815
0.384699	0.532763	0.131057	0.180614
0.384330	0.531137	0.132129	0.180740
0.384753	0.531534	0.133661	0.179437
0.384163	0.527632	0.136539	0.180279
0.385008	0.527005	0.137247	0.180437
0.381811	0.526825	0.138228	0.180333
0.379373	0.526294	0.139725	0.181528
0.379790	0.525961	0.140359	0.180513
0.379722	0.526886	0.142010	0.179772
0.379624	0.526627	0.142595	0.180569
0.379839	0.526533	0.141725	0.182246
0.379555	0.525076	0.144173	0.179906
0.380061	0.525723	0.144764	0.182389
0.377259	0.523689	0.147298	0.179113
0.374829	0.525464	0.145007	0.180230
0.375353	0.524967	0.146717	0.180868
0.375089	0.526269	0.147777	0.181097
0.375035	0.525897	0.149940	0.179068
0.375460	0.525111	0.149835	0.178832
0.371964	0.526473	0.149250	0.181427
0.369588	0.526269	0.149900	0.180091
0.370311	0.527295	0.148750	0.180617
0.369724	0.527484	0.150974	0.180341
0.370369	0.529586	0.148062	0.179962
0.366778	0.529179	0.149653	0.180848
0.364440	0.532049	0.147938	0.180136
0.365479	0.531788	0.150157	0.180582
0.363845	0.532377	0.148538	0.179938
0.360033	0.533314	0.147044	0.179117
0.359778	0.534236	0.148542	0.180680
0.360162	0.533795	0.146670	0.180467
0.356569	0.534777	0.146149	0.180372
0.354662	0.533575	0.146896	0.179537
0.355016	0.533573	0.146444	0.180600
0.354972	0.536056	0.148395	0.179945
0.354010	0.537323	0.146398	0.180730
0.349599	0.536251	0.144977	0.179735
0.350135	0.535505	0.146100	0.180412
0.349644	0.537828	0.144374	0.179284
0.350115	0.535887	0.143986	0.179158
0.349625	0.534978	0.144926	0.179323
0.350244	0.532670	0.145880	0.177672
0.346312	0.534102	0.145386	0.179199
0.344541	0.532052	0.145744	0.179604
0.344978	0.533957	0.145063	0.180517
0.344675	0.532638	0.143784	0.179408
0.344973	0.533899	0.145207	0.181610
0.344661	0.533615	0.144159	0.180290
0.344989	0.532395	0.143005	0.179576
0.344662	0.533359	0.143581	0.180431
0.345104	0.533275	0.143744	0.179888
0.341231	0.533837	0.141813	0.179580
0.339431	0.535535	0.141602	0.179685
0.339936	0.535923	0.141017	0.181414
0.339623	0.536818	0.141864	0.180145
0.339851	0.535288	0.139508	0.180419
0.339630	0.536440	0.139583	0.179757
0.340019	0.535130	0.139099	0.179828
0.338694	0.537637	0.137750	0.179510
0.334464	0.537992	0.140103	0.177717
0.334932	0.537409	0.138665	0.180903
0.334414	0.541684	0.137637	0.179858
0.335081	0.540436	0.137216	0.180433
0.333263	0.542855	0.138435	0.180861
0.329943	0.542220	0.136726	0.180225
0.330078	0.542531	0.133401	0.180610
0.330002	0.545331	0.132512	0.179645
0.329960	0.547897	0.131813	0.179214
0.330226	0.548140	0.129461	0.179464
0.326175	0.551085	0.124701	0.178623
0.324715	0.553878	0.125075	0.180263
0.325101	0.555983	0.123789	0.179563
0.324906	0.559388	0.121181	0.178513
0.324900	0.560059	0.120700	0.179353
0.324980	0.560466	0.118486	0.179506
0.324793	0.561803	0.118309	0.178251
0.325254	0.562385	0.117695	0.180238
0.323446	0.564071	0.115414	0.179178
0.319592	0.565237	0.113744	0.180328
0.320120	0.567872	0.115938	0.179397
0.319806	0.568267	0.114321	0.179252
0.320026	0.567882	0.114208	0.179124
0.319806	0.568166	0.113813	0.178554
0.320037	0.568705	0.112786	0.179155
0.319860	0.571292	0.114153	0.177480
0.320046	0.570898	0.112306	0.178416
0.319883	0.571590	0.111997	0.179139
0.319898	0.573605	0.109997	0.179936
0.319903	0.574550	0.109481	0.177981
0.319898	0.576096	0.109059	0.180372
0.319901	0.577072	0.107788	0.179754
0.319895	0.577331	0.106468	0.180225
0.319875	0.577795	0.108214	0.179787
0.319856	0.577935	0.106113	0.179264
0.319859	0.577707	0.107672	0.178189
0.319983	0.577195	0.107760	0.179083
0.319801	0.577062	0.108537	0.179158
0.319905	0.575221	0.109767	0.179233
0.319855	0.574389	0.111258	0.179109
0.319870	0.572842	0.111858	0.179977
0.319868	0.569938	0.114181	0.178065
0.319933	0.569690	0.114864	0.180710
0.320019	0.568169	0.115489	0.178124
0.319819	0.565092	0.116395	0.178434
0.319933	0.565922	0.116193	0.177944
0.319805	0.563993	0.119708	0.177961
0.320006	0.561799	0.120433	0.181833
0.319834	0.558531	0.123144	0.178733
0.319977	0.557006	0.125010	0.181809
0.319727	0.555822	0.127439	0.179490
0.320054	0.554196	0.129849	0.180607
0.319510	0.553002	0.130139	0.179356
0.321927	0.551326	0.133872	0.179931
0.325323	0.548489	0.133304	0.180564
0.324694	0.548457	0.133552	0.180161
0.325038	0.549170	0.134479	0.180146
0.324816	0.547160	0.133461	0.177805
0.325050	0.545880	0.134347	0.180963
0.324907	0.546060	0.135702	0.179125
0.324966	0.544750	0.135952	0.179754
0.324989	0.543569	0.137221	0.179215
0.324938	0.542935	0.138540	0.179705
0.324981	0.542235	0.139616	0.180709
0.324879	0.539630	0.140712	0.179608
0.325066	0.539727	0.140925	0.181873
0.324861	0.537248	0.143279	0.179960
0.325105	0.535853	0.140452	0.179833
0.324792	0.534846	0.142388	0.181488
0.325381	0.535917	0.144032	0.181184
0.322777	0.536532	0.144549	0.179147
0.319636	0.532888	0.145193	0.179672
0.320112	0.535553	0.145616	0.179639
0.319761	0.534434	0.146638	0.180163
0.320059	0.534986	0.146058	0.180324
0.319816	0.534983	0.145813	0.180595
0.319948	0.534673	0.146044	0.181670
0.319836	0.534443	0.145068	0.179226
0.319980	0.533693	0.143027	0.179737
0.319834	0.532835	0.143595	0.181925
0.319992	0.531552	0.141855	0.179861
0.319850	0.530954	0.141434	0.180030
0.319960	0.530445	0.141498	0.180262
0.319806	0.531609	0.140458	0.180656
0.320063	0.532261	0.139947	0.178367
0.319782	0.534553	0.138643	0.181310
0.319987	0.534240	0.137525	0.179744
0.319806	0.531984	0.137042	0.179625
0.320072	0.534907	0.135622	0.179774
0.319725	0.533999	0.135584	0.179506
0.320226	0.536420	0.134851	0.179284
0.317444	0.538558	0.133807	0.178818
0.314510	0.537929	0.133456	0.178483
0.315164	0.538058	0.132591	0.179373
0.314755	0.538169	0.134180	0.178909
0.315046	0.540332	0.131528	0.180463
0.314872	0.540329	0.133974	0.180232
0.314991	0.541378	0.131340	0.180432
0.314843	0.541388	0.130877	0.178728
0.314956	0.544456	0.130032	0.180092
0.314874	0.544534	0.129504	0.180549
0.314931	0.543402	0.130135	0.178748
0.314911	0.545453	0.130087	0.180054
0.314908	0.545660	0.130023	0.178806
0.314982	0.544808	0.129754	0.180888
0.314858	0.546283	0.131379	0.179231
0.315296	0.545504	0.131522	0.180191
0.319627	0.545340	0.132384	0.180334
0.319968	0.542909	0.134293	0.179710
0.319858	0.544047	0.133234	0.179130
0.319978	0.543245	0.134006	0.179465
0.319919	0.542283	0.135317	0.180293
0.319916	0.540896	0.135063	0.179769
0.319850	0.539179	0.135437	0.179489
0.319993	0.540194	0.136312	0.178975
0.319879	0.538213	0.139488	0.181146
0.319876	0.536833	0.139721	0.179784
0.319918	0.535560	0.141775	0.180396
0.320028	0.536470	0.141720	0.180988
0.319910	0.535125	0.142333	0.179621
0.319850	0.536388	0.143718	0.179990
0.319894	0.534048	0.142704	0.180934
0.319911	0.535542	0.143947	0.180714
0.319848	0.534152	0.144160	0.179960
0.319869	0.533069	0.145423	0.181200
0.319957	0.536109	0.144287	0.180051
0.319841	0.535276	0.144867	0.181229
0.319901	0.538108	0.142532	0.178607
0.319840	0.537398	0.142493	0.178910
0.319952	0.539200	0.141616	0.180696
0.319899	0.541055	0.140202	0.179294
0.319875	0.543774	0.138507	0.180773
0.319866	0.546309	0.135896	0.180264
0.320026	0.546688	0.134066	0.180566
0.319272	0.548209	0.133674	0.180404
0.314991	0.546601	0.133462	0.181162
0.315040	0.549608	0.131698	0.180352
0.314847	0.549506	0.131496	0.178930
0.315020	0.549821	0.132896	0.180374
0.314886	0.549924	0.132863	0.179968
0.315163	0.549593	0.133133	0.179804
0.314087	0.550068	0.132549	0.179049
0.309934	0.548871	0.133933	0.178950
0.309894	0.548785	0.132129	0.177599
0.309779	0.546837	0.133240	0.180422
0.309991	0.547755	0.133349	0.181860
0.309827	0.545195	0.135086	0.178768
0.309948	0.546433	0.134900	0.181839
0.309834	0.543866	0.138044	0.179766
0.309962	0.545625	0.139067	0.179709
0.309880	0.542263	0.139135	0.179254
0.310003	0.542173	0.140696	0.180243
0.309786	0.543267	0.141448	0.179372
0.310007	0.541706	0.140501	0.177716
0.309782	0.542745	0.139437	0.179599
0.310071	0.540142	0.143833	0.179753
0.309587	0.538713	0.141417	0.180334
0.313196	0.534615	0.144135	0.178590
0.315303	0.534400	0.144070	0.178511
0.314752	0.533108	0.145167	0.180374
0.315055	0.530500	0.148082	0.180810
0.314881	0.530388	0.147951	0.179358
0.315021	0.527410	0.149868	0.179112
0.314863	0.527937	0.148317	0.180145
0.315004	0.525046	0.150379	0.180045
0.314933	0.522984	0.152288	0.180297
0.315041	0.522535	0.151365	0.179217
0.314982	0.519953	0.152701	0.179170
0.315030	0.519272	0.153849	0.179898
0.314799	0.515355	0.153630	0.179306
0.315029	0.513643	0.154749	0.180584
0.314910	0.514738	0.155359	0.179789
0.315006	0.510194	0.155437	0.179114
0.314871	0.509014	0.158273	0.179330
0.315070	0.507698	0.160331	0.179150
0.314828	0.504722	0.159916	0.180092
0.315192	0.504279	0.163467	0.179628
0.313625	0.502182	0.163788	0.179907
0.309632	0.500809	0.165268	0.179426
0.310066	0.500650	0.166020	0.181058
0.309812	0.500815	0.165066	0.180305
0.310049	0.501998	0.162912	0.181000
0.309771	0.504542	0.162880	0.178995
0.310026	0.507860	0.161280	0.179164
0.309784	0.509572	0.158673	0.179737
0.310179	0.512096	0.157371	0.180977
0.306046	0.515091	0.152166	0.180515
0.304484	0.518766	0.151247	0.179248
0.304995	0.522026	0.146712	0.179236
0.304695	0.525081	0.145708	0.179050
0.305015	0.528528	0.139771	0.179461
0.304645	0.530780	0.136469	0.178302
0.305083	0.532888	0.133148	0.179792
0.301005	0.537812	0.130815	0.178939
0.299441	0.539123	0.128731	0.178629
0.300047	0.541196	0.124983	0.180225
0.299549	0.543626	0.124330	0.178865
0.300151	0.544941	0.123739	0.179973
0.298297	0.545667	0.122151	0.179237
0.294454	0.549736	0.119865	0.179749
0.294949	0.550004	0.118753	0.180391
0.294621	0.552446	0.117282	0.180227
0.294858	0.554335	0.115294	0.180267
0.294705	0.552342	0.115873	0.178263
0.294793	0.552235	0.115113	0.180164
0.294607	0.553618	0.112701	0.178796
0.294752	0.550336	0.113801	0.178650
0.294674	0.551397	0.114010	0.179091
0.294922	0.551427	0.113653	0.178417
0.294342	0.552939	0.113010	0.180044
0.296302	0.552699	0.111378	0.179542
0.300022	0.554307	0.111400	0.177621
0.299478	0.553158	0.110773	0.178966
0.300034	0.554058	0.110148	0.180916
0.299530	0.555550	0.112034	0.177134
0.303862	0.554021	0.110880	0.179867
0.304859	0.555025	0.109918	0.178454
0.304895	0.554797	0.108622	0.178464
0.304748	0.554549	0.108813	0.178941
0.308827	0.554213	0.108591	0.177824
0.310097	0.555638	0.107032	0.178317
0.309725	0.555888	0.105637	0.179553
0.309994	0.556538	0.102835	0.179893
0.309777	0.560399	0.102901	0.178676
0.309914	0.564213	0.101184	0.178407
0.309911	0.565332	0.098625	0.179466
0.309918	0.567052	0.098319	0.179150
0.313910	0.571664	0.095830	0.178578
0.315270	0.574504	0.095356	0.178099
0.314693	0.576902	0.090673	0.181038
0.315164	0.578074	0.091696	0.180134
0.314757	0.582227	0.090749	0.179842
0.315094	0.584380	0.088861	0.178820
0.314665	0.587443	0.088136	0.180561
0.315159	0.587427	0.087264	0.178989
0.314444	0.588573	0.086906	0.178312
0.316824	0.589011	0.085438	0.180369
0.320276	0.589985	0.087801	0.178753
0.319683	0.588518	0.087264	0.179618
0.319990	0.587991	0.088526	0.179888
0.319733	0.589580	0.088649	0.179441
0.320024	0.587572	0.088764	0.178335
0.319765	0.586405	0.090427	0.179900
0.320057	0.583887	0.090753	0.179903
0.324163	0.582163	0.092716	0.179319
0.325261	0.581738	0.093211	0.182076
0.324812	0.578298	0.093948	0.180264
0.325189	0.579134	0.095588	0.179403
0.329180	0.577285	0.097083	0.180220
0.330403	0.578597	0.098317	0.178530
0.329831	0.577306	0.100076	0.180944
0.334423	0.576957	0.098624	0.180898
0.334338	0.580404	0.099748	0.181259
0.336850	0.578571	0.099121	0.179426
0.340093	0.579347	0.097627	0.180368
0.339806	0.580207	0.098689	0.179509
0.344175	0.582530	0.095712	0.181860
0.345104	0.583191	0.094364	0.180200
0.344429	0.583914	0.093928	0.179660
0.347097	0.584969	0.092953	0.179539
0.350306	0.586062	0.092401	0.180081
0.349582	0.584451	0.092647	0.180725
0.350089	0.583301	0.092532	0.179312
0.349740	0.582428	0.091999	0.180996
0.350004	0.581289	0.095017	0.181467
0.349925	0.581851	0.095334	0.181939
0.354539	0.579847	0.096456	0.180007
0.354881	0.577852	0.096390	0.180517
0.354881	0.576662	0.095635	0.180508
0.354874	0.575264	0.097076	0.180720
0.355001	0.573640	0.098502	0.180422
0.354849	0.571530	0.100738	0.179793
0.354948	0.568844	0.102059	0.180691
0.355019	0.566738	0.105814	0.180644
0.359578	0.563104	0.108482	0.180876
0.359721	0.560617	0.111438	0.180213
0.360091	0.557139	0.113328	0.180151
0.359373	0.553355	0.115000	0.181231
0.362504	0.552439	0.116780	0.181567
0.365192	0.549163	0.118353	0.180733
0.365010	0.547686	0.121502	0.181101
0.364721	0.544740	0.122658	0.180547
0.367374	0.543310	0.123728	0.179918
0.370561	0.540421	0.128697	0.181664
0.369751	0.538630	0.130511	0.181576
0.370191	0.536681	0.130243	0.182049
0.369949	0.535814	0.134411	0.181548
0.370059	0.532510	0.134299	0.181094
0.369895	0.532429	0.133841	0.181481
0.370051	0.533715	0.132249	0.180517
0.369979	0.533201	0.133190	0.181670
0.370008	0.532999	0.133529	0.180632
0.370028	0.532571	0.132447	0.179560
0.369964	0.531857	0.131592	0.181859
0.370109	0.532974	0.131193	0.180893
0.369842	0.532201	0.129761	0.181630
0.370146	0.532797	0.132127	0.180379
0.369748	0.531477	0.130951	0.180022
0.370565	0.532755	0.129780	0.180422
0.367108	0.535090	0.130070	0.180238
0.364647	0.536365	0.127934	0.181375
0.364892	0.538959	0.124920	0.181027
0.365219	0.541744	0.123540	0.181276
0.362155	0.542731	0.122364	0.180674
0.359460	0.543566	0.118299	0.181246
0.360125	0.549517	0.118774	0.179500
0.359832	0.549391	0.115088	0.180632
0.359822	0.552432	0.113414	0.180842
0.360210	0.553479	0.113439	0.178644
0.357212	0.554697	0.112707	0.181273
0.354363	0.558556	0.111328	0.179510
0.355246	0.558890	0.110936	0.179568
0.354701	0.560327	0.107793	0.181102
0.355059	0.561710	0.104764	0.179462
0.354782	0.564658	0.104757	0.178865
0.355020	0.566166	0.102459	0.180901
0.354847	0.567514	0.100190	0.180106
0.354975	0.569968	0.098070	0.180209
0.354871	0.571410	0.097129	0.180125
0.354942	0.573931	0.094279	0.179382
0.354846	0.573484	0.091516	0.179546
0.354843	0.575803	0.091267	0.180158
0.354853	0.576366	0.087931	0.179975
0.354922	0.577223	0.087032	0.178491
0.354937	0.577823	0.087223	0.179472
0.354878	0.576652	0.086111	0.179125
0.355015	0.576728	0.085147	0.178944
0.354782	0.578507	0.082841	0.180523
0.355705	0.578762	0.084736	0.179413
0.359899	0.577775	0.083432	0.180250
0.359826	0.579358	0.082106	0.178940
0.359972	0.581341	0.079169	0.178722
0.359891	0.581637	0.079916	0.179891
0.359870	0.582604	0.077730	0.179697
0.359827	0.582914	0.077476	0.181172
0.359905	0.583073	0.077378	0.178406
0.359921	0.582908	0.074827	0.179824
0.359850	0.586773	0.076099	0.178110
0.359990	0.585212	0.073171	0.178268
0.359803	0.585963	0.073705	0.178902
0.359899	0.584603	0.073392	0.178366
0.359816	0.584452	0.072172	0.177976
0.359999	0.585410	0.071478	0.178360
0.359658	0.584399	0.071399	0.181626
0.360863	0.585468	0.071752	0.178080
0.365071	0.584252	0.070668	0.179982
0.364876	0.585271	0.071242	0.179198
0.365071	0.583852	0.071819	0.180730
0.364808	0.584531	0.074271	0.179926
0.365036	0.582858	0.074416	0.178550
0.364809	0.582663	0.075467	0.179888
0.365232	0.582017	0.076169	0.180356
0.364671	0.583832	0.076567	0.180457
0.368402	0.584325	0.077485	0.178417
0.370380	0.585370	0.077906	0.179668
0.369746	0.587339	0.078220	0.179464
0.370210	0.587448	0.079202	0.180288
0.369851	0.591929	0.078891	0.179722
0.370207	0.593271	0.080123	0.179730
0.369729	0.593475	0.081156	0.179318
0.373658	0.595299	0.081656	0.180808
0.375498	0.596530	0.082810	0.180481
0.374894	0.597792	0.084334	0.180641
0.375390	0.599240	0.083871	0.180062
0.374794	0.600525	0.086127	0.180079
0.378338	0.601629	0.087126	0.181910
0.380025	0.602948	0.086495	0.181598
0.379541	0.603007	0.085872	0.180289
0.379861	0.604192	0.085849	0.182244
0.379589	0.604516	0.086263	0.180730
0.379847	0.604750	0.086532	0.183099
0.379450	0.606776	0.086681	0.179971
0.383170	0.606281	0.087285	0.179566
0.384809	0.606192	0.087416	0.181966
0.384324	0.606674	0.087673	0.180059
0.384633	0.605203	0.087653	0.181367
0.384352	0.604853	0.090821	0.180586
0.384714	0.603112	0.090258	0.180559
0.384206	0.601761	0.091270	0.179060
0.388204	0.600397	0.091542	0.180701
0.389776	0.597812	0.093072	0.180432
0.389214	0.596232	0.094795	0.181717
0.389694	0.593412	0.094890	0.181307
0.389250	0.591582	0.096655	0.179381
0.393206	0.588644	0.098468	0.181681
0.394873	0.586921	0.100291	0.178976
0.394252	0.585669	0.102741	0.182796
0.394721	0.582407	0.105542	0.179476
0.394125	0.580336	0.109328	0.180614
0.396047	0.579282	0.109047	0.179585
0.399788	0.576505	0.110100	0.181839
0.399367	0.575618	0.110331	0.181246
0.399640	0.576066	0.113110	0.180617
0.399421	0.574138	0.111086	0.181224
0.399610	0.573082	0.112142	0.180490
0.399448	0.569580	0.113951	0.181525
0.399568	0.568536	0.113966	0.180448
0.399492	0.566401	0.113203	0.180146
0.399586	0.566339	0.115166	0.182509
0.399465	0.563681	0.117719	0.180448
0.399586	0.560359	0.117319	0.180731
0.399440	0.557480	0.119463	0.180105
0.399657	0.556787	0.121244	0.180685
0.399425	0.553624	0.124108	0.180279
0.399629	0.550249	0.124212	0.180914
0.399357	0.549302	0.124966	0.178929
0.399733	0.546419	0.126513	0.180404
0.395459	0.545046	0.127223	0.181989
0.394396	0.543734	0.127678	0.179838
0.394415	0.543187	0.128315	0.180423
0.394843	0.539468	0.131691	0.179922
0.392817	0.538017	0.131709	0.182018
0.389032	0.537405	0.133247	0.179436
0.389736	0.536258	0.133096	0.180739
0.389267	0.537910	0.135188	0.179883
0.389604	0.536618	0.135208	0.179932
0.389275	0.534797	0.135426	0.180095
0.389476	0.534771	0.137042	0.180819
0.385209	0.534891	0.137317	0.179918
0.384317	0.533071	0.137139	0.180391
0.384597	0.532336	0.140009	0.180774
0.384467	0.531650	0.138424	0.179418
0.384500	0.528442	0.139165	0.179319
0.380471	0.527407	0.137855	0.179484
0.379560	0.528491	0.136964	0.180138
0.379818	0.528129	0.135931	0.179945
0.375797	0.525754	0.136281	0.179943
0.374987	0.525988	0.137745	0.182066
0.375220	0.525783	0.137503	0.179608
0.375022	0.525558	0.138915	0.180015
0.370732	0.525565	0.138454	0.180396
0.369734	0.526134	0.138574	0.179799
0.370207	0.524968	0.138738	0.180972
0.369766	0.526336	0.136837	0.180252
0.365830	0.527323	0.137322	0.179526
0.364558	0.529286	0.137752	0.181992
0.365530	0.529580	0.137161	0.180584
0.362634	0.528091	0.138076	0.180427
0.359528	0.527362	0.138690	0.181269
0.360012	0.526618	0.141221	0.180803
0.359645	0.526094	0.140968	0.180476
0.355515	0.524194	0.142162	0.181546
0.354743	0.524010	0.144183	0.179798
0.355019	0.523227	0.144235	0.179759
0.354758	0.523098	0.146411	0.179447
0.350416	0.521577	0.148544	0.180996
0.349790	0.521704	0.149108	0.181109
0.349923	0.520756	0.149893	0.179804
0.349886	0.521189	0.150620	0.181441
0.349750	0.519789	0.151590	0.180398
0.350241	0.521313	0.150379	0.181714
0.347631	0.522352	0.148617	0.178579
0.344399	0.524738	0.148572	0.181412
0.345007	0.528931	0.145980	0.178873
0.344641	0.530765	0.144304	0.178237
0.344920	0.533684	0.140939	0.179360
0.344777	0.536805	0.138233	0.179991
0.344889	0.539657	0.135208	0.180685
0.344723	0.543495	0.131876	0.179069
0.344918	0.549113	0.130379	0.180336
0.344487	0.552265	0.125881	0.179370
0.340209	0.556250	0.121235	0.179223
0.339688	0.562096	0.115517	0.178000
0.339826	0.566268	0.112059	0.177727
0.339415	0.571615	0.108154	0.179284
0.334962	0.572529	0.105577	0.179565
0.334746	0.578322	0.102218	0.179028
0.334361	0.582771	0.097790	0.180278
0.330449	0.586652	0.096123	0.179283
0.329831	0.588581	0.093668	0.179467
0.330383	0.591742	0.088364	0.177809
0.327535	0.593762	0.087446	0.179580
0.324486	0.598438	0.082984	0.178013
0.325233	0.599806	0.078961	0.178876
0.324714	0.603184	0.077501	0.179668
0.325127	0.604366	0.075674	0.180532
0.324747	0.605749	0.074768	0.178404
0.325164	0.606783	0.072217	0.180061
0.324713	0.607149	0.072860	0.178791
0.325170	0.606985	0.073285	0.177347
0.324453	0.608434	0.072516	0.178929
0.327745	0.604636	0.071279	0.178914
0.330304	0.603804	0.070648	0.180258
0.329960	0.603535	0.072381	0.177866
0.329937	0.601848	0.071913	0.180413
0.332301	0.601044	0.072172	0.179957
0.335335	0.597479	0.072819	0.179628
0.333984	0.595772	0.073908	0.178825
0.337565	0.591680	0.077922	0.177653
0.340049	0.589620	0.079550	0.179911
0.339425	0.585251	0.082315	0.178447
0.340318	0.582928	0.085918	0.181003
0.344566	0.579368	0.087356	0.178317
0.344960	0.575635	0.089070	0.180413
0.344463	0.572238	0.089106	0.180049
0.347595	0.568791	0.092444	0.180855
0.350572	0.565529	0.093532	0.181575
0.349159	0.562252	0.095820	0.181259
0.352745	0.557653	0.098129	0.180637
0.355185	0.553710	0.100773	0.180579
0.354881	0.547992	0.103037	0.179859
0.354849	0.544798	0.107968	0.178900
0.355425	0.538673	0.110519	0.180903
0.359817	0.535270	0.112848	0.180716
0.359817	0.530770	0.117157	0.180247
0.359913	0.527201	0.120020	0.180362
0.359808	0.521166	0.125158	0.179634
0.359948	0.518150	0.125597	0.182657
0.359898	0.515548	0.128774	0.181790
0.359889	0.512170	0.129828	0.181644
0.359879	0.508551	0.132595	0.180858
0.359911	0.507151	0.136233	0.180601
0.359841	0.504667	0.138930	0.181687
0.359921	0.502613	0.139445	0.179737
0.359817	0.502874	0.142096	0.181156
0.360009	0.501301	0.141412	0.181385
0.359755	0.500730	0.142961	0.180719
0.360041	0.501773	0.145411	0.182528
0.359523	0.502382	0.144947	0.179723
0.362990	0.500990	0.145822	0.180779
0.365440	0.500192	0.144165	0.181050
0.364677	0.501164	0.146335	0.182385
0.365282	0.501646	0.146807	0.181115
0.364597	0.502767	0.146613	0.181765
0.365539	0.503877	0.147826	0.182142
0.361498	0.503995	0.145544	0.181453
0.359746	0.507360	0.148238	0.181352
0.359962	0.506498	0.146628	0.180704
0.359960	0.507620	0.145797	0.181818
0.359701	0.507636	0.144001	0.180303
0.360202	0.510233	0.144547	0.181205
0.356596	0.509254	0.145663	0.180099
0.354521	0.509590	0.144759	0.180263
0.354987	0.511542	0.145659	0.181273
0.354982	0.511635	0.146650	0.179926
0.354023	0.511960	0.146016	0.181099
0.349681	0.513934	0.146262	0.180230
0.350112	0.515435	0.144133	0.181557
0.349778	0.516091	0.145110	0.181243
0.349994	0.516780	0.143397	0.181622
0.349767	0.516564	0.144916	0.179896
0.349924	0.518502	0.144255	0.181027
0.349742	0.519766	0.142879	0.180113
0.349999	0.520391	0.143665	0.179417
0.349666	0.522033	0.141843	0.181751
0.350146	0.522689	0.142622	0.181428
0.348700	0.524789	0.142942	0.182304
0.344693	0.527280	0.141463	0.180409
0.344892	0.529685	0.139281	0.181187
0.344782	0.530312	0.137918	0.179492
0.344866	0.534207	0.138626	0.179933
0.344763	0.534662	0.137933	0.181164
0.344797	0.536957	0.135356	0.180531
0.345004	0.540644	0.135217	0.181639
0.343713	0.541321	0.135964	0.180521
0.339393	0.542997	0.136055	0.179910
0.340051	0.543585	0.133238	0.180470
0.339459	0.546072	0.134037	0.180917
0.340122	0.545956	0.134699	0.180500
0.335770	0.549744	0.133658	0.179149
0.334493	0.551689	0.134337	0.180427
0.334641	0.550657	0.133283	0.180316
0.334892	0.552471	0.134613	0.179639
0.331198	0.554097	0.134677	0.180382
0.329840	0.553979	0.134329	0.181437
0.330059	0.554987	0.134702	0.180017
0.330142	0.554430	0.134272	0.179064
0.328740	0.554745	0.133254	0.180368
0.324540	0.556244	0.133254	0.180141
0.325297	0.556365	0.133304	0.180963
0.324675	0.555494	0.135588	0.179809
0.325316	0.554878	0.135436	0.180770
0.323456	0.554168	0.135566	0.178085
0.319589	0.553170	0.137038	0.180734
0.320068	0.553644	0.137073	0.178846
0.319577	0.553127	0.138869	0.179036
0.320279	0.552620	0.138103	0.180668
0.318386	0.551664	0.138296	0.180272
0.314755	0.549510	0.140393	0.180381
0.315043	0.548595	0.142335	0.179194
0.314826	0.546957	0.140651	0.180873
0.314997	0.545689	0.142203	0.179650
0.314883	0.545707	0.144383	0.179977
0.314908	0.544264	0.145604	0.179227
0.314962	0.543703	0.144095	0.180721
0.314945	0.544529	0.145141	0.181174
0.314920	0.542745	0.146145	0.180183
0.314984	0.543225	0.145004	0.179415
0.314982	0.542194	0.144614	0.179377
0.314922	0.543488	0.144045	0.180086
0.314921	0.542102	0.146437	0.179350
0.314917	0.544086	0.145299	0.180640
0.315034	0.544762	0.145974	0.179875
0.314738	0.546444	0.146224	0.181714
0.315253	0.546120	0.146119	0.180576
0.313186	0.547141	0.145658	0.180576
0.309559	0.549479	0.144527	0.181950
0.310107	0.549133	0.143836	0.180882
0.309706	0.552019	0.142045	0.181402
0.310004	0.554096	0.140340	0.180718
0.309834	0.553331	0.139808	0.181037
0.309925	0.555550	0.138720	0.181684
0.309811	0.557146	0.139850	0.180853
0.309957	0.555113	0.139890	0.180997
0.309816	0.558000	0.140744	0.181147
0.310021	0.557770	0.140111	0.182262
0.309849	0.557941	0.141027	0.180285
0.309917	0.559088	0.139605	0.180126
0.309811	0.560736	0.138253	0.180651
0.309964	0.560261	0.139103	0.181394
0.309834	0.561211	0.137236	0.180551
0.309974	0.560358	0.138344	0.180883
0.309832	0.561078	0.137832	0.180491
0.310028	0.562137	0.139388	0.181661
0.309774	0.560445	0.138853	0.180738
0.310086	0.561417	0.140374	0.178996
0.309493	0.559388	0.140331	0.181255
0.311901	0.559205	0.140338	0.179975
0.315292	0.557742	0.141086	0.179395
0.314811	0.557780	0.140937	0.181245
0.315074	0.556028	0.140413	0.180700
0.314839	0.554535	0.141305	0.181405
0.314981	0.555446	0.140720	0.180467
0.314890	0.552431	0.141828	0.181260
0.315004	0.550630	0.143725	0.179091
0.314886	0.550672	0.142246	0.181210
0.314960	0.548700	0.145972	0.179613
0.314893	0.545562	0.144754	0.179747
0.314920	0.543872	0.146414	0.180092
0.314905	0.543132	0.147955	0.177829
0.314953	0.543028	0.148608	0.181909
0.314935	0.539966	0.149884	0.179983
0.315075	0.538150	0.151323	0.180789
0.319351	0.537139	0.149431	0.181347
0.320012	0.536177	0.152269	0.180928
0.319743	0.535880	0.153597	0.180901
0.319979	0.533493	0.154522	0.180161
0.319812	0.533007	0.155188	0.181674
0.319954	0.535776	0.156303	0.180082
0.319757	0.534443	0.154759	0.182454
0.320006	0.533760	0.155550	0.180287
0.319879	0.536031	0.154903	0.179524
0.320051	0.538088	0.153042	0.180574
0.319673	0.538628	0.154836	0.180762
0.320308	0.539766	0.154150	0.179444
0.317491	0.541004	0.152415	0.179771
0.314472	0.542156	0.153042	0.179821
0.315130	0.545001	0.150888	0.179720
0.314800	0.545092	0.150779	0.181162
0.315109	0.549207	0.148292	0.181302
0.314844	0.549868	0.148913	0.181502
0.315074	0.552541	0.145494	0.181605
0.314854	0.554280	0.143775	0.179296
0.315043	0.554016	0.142164	0.180933
0.314841	0.555827	0.141073	0.180129
0.315041	0.559056	0.140769	0.179881
0.314517	0.558740	0.139775	0.179654
0.310305	0.560881	0.137895	0.181140
0.309845	0.561014	0.135293	0.180165
0.309853	0.563917	0.134371	0.180213
0.309790	0.564569	0.132268	0.180087
0.309960	0.564907	0.132070	0.179940
0.309859	0.567434	0.129409	0.182143
0.309935	0.568387	0.127368	0.179896
0.309858	0.568368	0.127588	0.180843
0.310006	0.570397	0.127712	0.180631
0.309809	0.570548	0.124950	0.179846
0.309925	0.570603	0.126656	0.181496
0.309701	0.572204	0.125691	0.179653
0.310078	0.572073	0.125130	0.180788
0.309567	0.572486	0.125261	0.180909
0.312538	0.573277	0.124924	0.180086
0.315372	0.573343	0.124133	0.179923
0.314639	0.572924	0.124113	0.180916
0.315175	0.572355	0.122704	0.180322
0.314733	0.572880	0.121300	0.179407
0.315103	0.574161	0.122571	0.182023
0.314678	0.574366	0.122997	0.179035
0.315207	0.571823	0.120857	0.179994
0.314432	0.571254	0.122059	0.179694
0.317875	0.569705	0.121638	0.179425
0.320206	0.567442	0.122405	0.179912
0.319804	0.565843	0.122049	0.180258
0.320001	0.564609	0.124765	0.181307
0.319952	0.563152	0.126408	0.181189
0.319836	0.559532	0.125636	0.182739
0.320041	0.558472	0.127151	0.179227
0.319570	0.558855	0.128479	0.180842
0.322854	0.555554	0.131150	0.180733
0.325318	0.554183	0.131441	0.180793
0.324710	0.553942	0.134699	0.180061
0.325167	0.552194	0.135325	0.179923
0.324955	0.548996	0.135320	0.179569
0.324923	0.548273	0.138028	0.181205
0.324976	0.545688	0.140260	0.181725
0.324809	0.543565	0.142154	0.181512
0.325680	0.539374	0.144047	0.181167
0.330090	0.538807	0.144806	0.180310
0.329970	0.537225	0.144441	0.182408
0.330090	0.535446	0.147649	0.181644
0.329937	0.532500	0.148622	0.181513
0.330117	0.530855	0.148874	0.180036
0.330026	0.529692	0.151141	0.180990
0.330056	0.527927	0.152295	0.181739
0.329954	0.527586	0.152778	0.181437
0.330130	0.525080	0.154344	0.180770
0.329975	0.524306	0.156159	0.181011
0.329977	0.523491	0.154718	0.180868
0.330059	0.522690	0.157510	0.180348
0.329977	0.522011	0.158140	0.180564
0.330029	0.522083	0.156590	0.181027
0.330046	0.519434	0.158342	0.179698
0.329929	0.520119	0.158019	0.180465
0.330032	0.518309	0.159737	0.180871
0.329975	0.516400	0.160177	0.181768
0.330037	0.517672	0.160087	0.180419
0.329978	0.516922	0.161584	0.179955
0.330121	0.515882	0.162160	0.183024
0.330066	0.515325	0.161118	0.180121
0.329901	0.515527	0.162562	0.182105
0.330019	0.517343	0.163890	0.179485
0.330063	0.514324	0.162964	0.179287
0.330023	0.514826	0.163988	0.180193
0.330002	0.514145	0.163560	0.181512
0.330064	0.512595	0.165659	0.181028
0.329949	0.510809	0.168564	0.181209
0.330051	0.512494	0.166734	0.179504
0.330002	0.510910	0.168865	0.180159
0.330116	0.509356	0.171330	0.182207
0.329987	0.509785	0.171611	0.180508
0.330102	0.508563	0.171567	0.181397
0.329847	0.508203	0.171004	0.181043
0.330284	0.508436	0.172987	0.179862
0.326491	0.507567	0.174773	0.181378
0.324576	0.508457	0.173660	0.180210
0.325160	0.509566	0.172718	0.180936
0.324873	0.508152	0.172247	0.180225
0.325094	0.508428	0.172505	0.180542
0.324905	0.509381	0.171418	0.180655
0.325032	0.511909	0.169775	0.181947
0.324839	0.511420	0.169624	0.178563
0.325055	0.510090	0.169877	0.180414
0.324793	0.510452	0.168109	0.181389
0.325174	0.510102	0.165426	0.181005
0.321282	0.511310	0.165649	0.180596
0.319560	0.511457	0.164650	0.179657
0.320117	0.509965	0.163452	0.181379
0.319697	0.511403	0.163445	0.180150
0.320205	0.510358	0.163671	0.179183
0.316292	0.511515	0.163884	0.178853
0.314708	0.509868	0.163573	0.180572
0.315191	0.510064	0.165685	0.180798
0.314721	0.509488	0.165972	0.180357
0.315276	0.507703	0.167055	0.180173
0.311414	0.508150	0.167759	0.179056
0.309513	0.505195	0.170351	0.179876
0.310108	0.504012	0.172094	0.180262
0.309687	0.502815	0.173594	0.180399
0.310127	0.501516	0.175487	0.180199
0.306055	0.500642	0.177409	0.180367
0.304511	0.499686	0.178234	0.181660
0.305035	0.497931	0.180509	0.181121
0.304644	0.498043	0.183173	0.178667
0.304949	0.496586	0.183743	0.180407
0.304666	0.496264	0.183919	0.180516
0.305148	0.498073	0.184400	0.179346
0.303252	0.497223	0.185897	0.179505
0.299434	0.498100	0.185336	0.181047
0.299998	0.497463	0.185047	0.180539
0.299609	0.499183	0.185930	0.181042
0.299820	0.500391	0.185264	0.181101
0.299667	0.500261	0.183786	0.181214
0.299879	0.502037	0.184314	0.181190
0.299542	0.503037	0.184463	0.180403
0.300012	0.503525	0.184168	0.180367
0.298178	0.504082	0.184573	0.180223
0.294385	0.504191	0.182287	0.181957
0.294977	0.506065	0.183454	0.180098
0.294508	0.505691	0.183548	0.181994
0.294873	0.506788	0.182235	0.181283
0.290549	0.506705	0.180787	0.179892
0.289621	0.507826	0.180942	0.178737
0.289661	0.509099	0.180341	0.180517
0.289746	0.510133	0.181129	0.180036
0.285641	0.508238	0.179593	0.180014
0.284357	0.508483	0.180023	0.181164
0.284719	0.509287	0.181206	0.179863
0.284502	0.508275	0.180930	0.180173
0.280759	0.509243	0.182157	0.180918
0.279666	0.508235	0.181743	0.181224
0.280122	0.507663	0.182827	0.180565
0.279761	0.508582	0.183771	0.178543
0.280001	0.508474	0.182667	0.180468
0.279839	0.509987	0.182895	0.180213
0.280085	0.509605	0.184098	0.181317
0.279717	0.509249	0.183096	0.180412
0.280336	0.511004	0.185697	0.180694
0.277931	0.508866	0.186900	0.179908
0.274545	0.507512	0.189979	0.179907
0.275159	0.507472	0.190678	0.179708
0.274793	0.507844	0.192534	0.179279
0.274966	0.508034	0.191608	0.181255
0.274747	0.507240	0.194272	0.179737
0.275023	0.505623	0.197606	0.181824
0.274723	0.507941	0.196666	0.180612
0.274967	0.505964	0.199745	0.180188
0.274640	0.507559	0.198409	0.180680
0.275304	0.505828	0.200100	0.180448
0.272847	0.506105	0.198758	0.180467
0.269380	0.506750	0.200621	0.180135
0.270186	0.507229	0.198479	0.179854
0.269594	0.507847	0.199379	0.179423
0.270332	0.506410	0.202799	0.179743
0.267845	0.506613	0.201530	0.179452
0.264487	0.506479	0.202622	0.179003
0.265060	0.506141	0.201850	0.180745
0.264680	0.505206	0.203108	0.179591
0.264777	0.503841	0.202812	0.179798
0.260060	0.505976	0.201747	0.180829
0.259958	0.504470	0.202236	0.180328
0.259517	0.504565	0.202749	0.180680
0.260324	0.504449	0.203683	0.179207
0.257437	0.505409	0.202044	0.181104
0.254618	0.504560	0.203286	0.180437
0.254885	0.505981	0.201560	0.179936
0.255064	0.505606	0.200492	0.181230
0.252650	0.507139	0.197863	0.180539
0.249270	0.509573	0.196843	0.181045
0.250097	0.511360	0.196201	0.180222
0.249523	0.515657	0.192875	0.179180
0.249993	0.517088	0.191108	0.180144
0.249407	0.520222	0.186436	0.179898
0.245262	0.522258	0.182575	0.179593
0.244503	0.525286	0.179238	0.179744
0.244763	0.528869	0.174904	0.181000
0.244635	0.531837	0.173770	0.179440
0.244830	0.533364	0.169956	0.180321
0.244571	0.534849	0.164452	0.181021
0.244768	0.536739	0.161780	0.179495
0.244672	0.539517	0.160230	0.179021
0.244634	0.542529	0.155799	0.179200
0.244758	0.543926	0.151844	0.179114
0.244367	0.546661	0.148824	0.179363
0.239964	0.549668	0.145416	0.180087
0.239498	0.550038	0.142107	0.179873
0.239627	0.549444	0.138801	0.179233
0.239681	0.551883	0.136964	0.179695
0.239528	0.552303	0.134990	0.179239
0.240095	0.552062	0.133197	0.179683
0.244414	0.555091	0.130345	0.179794
0.244636	0.553187	0.127158	0.178604
0.244758	0.553185	0.125478	0.177918
0.244599	0.551647	0.124511	0.179207
0.245196	0.551539	0.122793	0.179357
0.249502	0.551003	0.122846	0.178107
0.249780	0.550898	0.122268	0.178969
0.249760	0.549491	0.120730	0.179616
0.250180	0.547367	0.120184	0.178664
0.254831	0.547603	0.117442	0.179526
0.254431	0.547219	0.116492	0.178916
0.257569	0.546817	0.115272	0.180179
0.260131	0.545426	0.115918	0.179312
0.259899	0.545808	0.114382	0.178801
0.264969	0.542163	0.114115	0.178776
0.264393	0.542261	0.113859	0.178702
0.267663	0.541123	0.115494	0.178128
0.270395	0.538466	0.114182	0.179345
0.269347	0.538334	0.114629	0.180819
0.272589	0.537184	0.117433	0.181165
0.275351	0.534640	0.117725	0.180725
0.274584	0.533576	0.118021	0.179035
0.275593	0.531069	0.118280	0.179551
0.279725	0.530343	0.118471	0.180445
0.279944	0.527737	0.120601	0.180145
0.280299	0.524943	0.122123	0.180352
0.284760	0.525011	0.122446	0.179258
0.284427	0.521615	0.123286	0.179576
0.284974	0.521128	0.124337	0.179314
0.284098	0.518732	0.122338	0.179524
0.287863	0.517337	0.125369	0.179763
0.289922	0.517924	0.125206	0.178267
0.289759	0.516498	0.123561	0.180188
0.289402	0.513988	0.124969	0.178504
0.292687	0.513041	0.124672	0.179646
0.295204	0.512369	0.124080	0.179551
0.294625	0.511351	0.124436	0.180064
0.294680	0.510238	0.125149	0.180198
0.295360	0.507290	0.125422	0.179381
0.299747	0.508811	0.124214	0.177975
0.299638	0.506576	0.125971	0.178957
0.299840	0.503251	0.125959	0.178747
0.299746	0.502352	0.126928	0.180620
0.299762	0.500639	0.129136	0.179574
0.299802	0.499387	0.132304	0.179768
0.299390	0.496861	0.131912	0.179981
0.302894	0.495419	0.133138	0.179631
0.305242	0.493476	0.135188	0.179886
0.304501	0.492495	0.137001	0.178243
0.304917	0.489193	0.138093	0.178118
0.304625	0.487303	0.137963	0.179962
0.304912	0.485797	0.142006	0.181545
0.304686	0.485022	0.140803	0.180348
0.304887	0.483255	0.142322	0.178495
0.304760	0.481475	0.145725	0.179645
0.304873	0.480760	0.145096	0.180119
0.304755	0.479118	0.147244	0.179571
0.304784	0.480701	0.146632	0.180079
0.304769	0.479873	0.146524	0.178714
0.304824	0.480198	0.146470	0.179590
0.304764	0.484254	0.146660	0.180310
0.304854	0.485306	0.144455	0.179738
0.304811	0.487309	0.146959	0.178906
0.304890	0.487622	0.141853	0.179994
0.304759	0.492939	0.140388	0.179086
0.304886	0.495584	0.138421	0.178307
0.304723	0.497939	0.134994	0.178088
0.304869	0.500998	0.133195	0.178762
0.304812	0.507270	0.129568	0.179217
0.304831	0.508421	0.126870	0.179243
0.304768	0.512242	0.124025	0.178191
0.305001	0.516039	0.120896	0.179343
0.301318	0.521464	0.119721	0.178098
0.299266	0.525441	0.115193	0.178034
0.300096	0.527822	0.114884	0.177438
0.299356	0.532615	0.113587	0.179625
0.300149	0.537141	0.109522	0.177461
0.296016	0.541482	0.107464	0.179625
0.294548	0.545421	0.104123	0.177301
0.294728	0.550128	0.101808	0.178080
0.294829	0.553534	0.098614	0.178900
0.294543	0.557989	0.097896	0.178308
0.295079	0.561130	0.095758	0.180671
0.290790	0.565187	0.094198	0.178184
0.290619	0.568422	0.093472	0.178776
0.295147	0.570576	0.091470	0.179020
0.294417	0.575033	0.091860	0.178105
0.294937	0.575120	0.090807	0.178141
0.294567	0.578255	0.090622	0.178489
0.294877	0.581874	0.087425	0.179239
0.294452	0.581994	0.086607	0.177659
0.294932	0.585608	0.087628	0.179336
0.294325	0.588707	0.086319	0.178574
0.296077	0.589034	0.085995	0.179614
0.299970	0.589486	0.085447	0.180239
0.299545	0.592818	0.086523	0.179233
0.299973	0.592894	0.086548	0.180987
0.299320	0.593385	0.087719	0.178929
0.301200	0.594096	0.088194	0.177961
0.305114	0.595311	0.090276	0.178610
0.304553	0.593101	0.090826	0.180903
0.305050	0.593464	0.092685	0.178590
0.304423	0.593267	0.094249	0.178723
0.306301	0.593305	0.096117	0.179477
0.310213	0.591656	0.097221	0.180047
0.309563	0.592862	0.098650	0.179187
0.310140	0.588501	0.103534	0.180081
0.309661	0.588665	0.106692	0.179556
0.313966	0.585025	0.110527	0.178687
0.315158	0.581933	0.114698	0.180620
0.314873	0.578633	0.118082	0.180785
0.314895	0.576840	0.123459	0.180711
0.315093	0.575037	0.127661	0.182008
0.314715	0.570039	0.131952	0.179517
0.318751	0.564743	0.136402	0.181016
0.320131	0.562310	0.140497	0.179560
0.319746	0.558419	0.145129	0.181129
0.319984	0.554824	0.149683	0.179512
0.319870	0.551465	0.153760	0.180288
0.319893	0.548002	0.155457	0.181347
0.323961	0.543240	0.160836	0.180275
0.325194	0.539170	0.167217	0.181389
0.324762	0.534791	0.170350	0.180470
0.325048	0.530953	0.174343	0.181164
0.324872	0.529426	0.178689	0.180780
0.325043	0.525653	0.179939	0.181907
0.324892	0.524741	0.183373	0.181216
0.325041	0.523891	0.183978	0.181007
0.324823	0.523924	0.185449	0.182032
0.325120	0.523768	0.185825	0.181159
0.324861	0.525229	0.186258	0.180346
0.325080	0.524876	0.188304	0.180884
0.324728	0.523762	0.187516	0.181626
0.325302	0.525063	0.185284	0.180196
0.322955	0.528188	0.185759	0.180904
0.319450	0.528994	0.185814	0.180264
0.320100	0.531172	0.184963	0.180460
0.319676	0.532966	0.182968	0.181623
0.320016	0.533665	0.182638	0.180655
0.315387	0.536805	0.182291	0.179665
0.315138	0.537711	0.180827	0.179147
0.313154	0.539043	0.179653	0.180678
0.309200	0.540491	0.181144	0.180483
0.310619	0.541223	0.178665	0.180436
0.307521	0.542556	0.179692	0.179470
0.304675	0.544443	0.178583	0.180599
0.304782	0.545239	0.177003	0.181373
0.305178	0.545615	0.178849	0.180328
0.302757	0.545419	0.175270	0.179527
0.299283	0.545035	0.173494	0.180269
0.300070	0.544187	0.177475	0.180496
0.299619	0.544222	0.177719	0.180505
0.299841	0.544814	0.177359	0.179813
0.299685	0.541979	0.177981	0.180611
0.299848	0.540415	0.177171	0.179844
0.299628	0.541721	0.178180	0.181397
0.299829	0.539881	0.178497	0.179816
0.299697	0.537146	0.179175	0.181508
0.299824	0.537991	0.179352	0.180903
0.299740	0.536030	0.177006	0.180863
0.299702	0.537076	0.177555	0.180949
0.299668	0.535295	0.177174	0.181159
0.299745	0.532812	0.177445	0.180232
0.299703	0.531709	0.176814	0.181305
0.299730	0.532113	0.173923	0.180351
0.299702	0.531606	0.176833	0.179847
0.299748	0.529985	0.173904	0.180317
0.299782	0.529829	0.172767	0.180574
0.299751	0.528829	0.170938	0.181106
0.299711	0.528030	0.171194	0.180111
0.299777	0.527880	0.170698	0.180539
0.299683	0.526004	0.168444	0.180362
0.299746	0.524545	0.168396	0.179512
0.299799	0.527194	0.166881	0.180453
0.299693	0.526573	0.165512	0.179708
0.299800	0.524802	0.166399	0.180703
0.299402	0.522888	0.165661	0.178396
0.295051	0.523843	0.161863	0.180483
0.294676	0.523966	0.160614	0.180265
0.294788	0.523729	0.159740	0.179650
0.294719	0.522573	0.157954	0.181116
0.295060	0.522944	0.155280	0.178534
0.299350	0.524172	0.154868	0.179190
0.299760	0.526510	0.153380	0.179930
0.299740	0.526639	0.152399	0.179041
0.299804	0.527671	0.148415	0.180065
0.299703	0.529659	0.147030	0.177968
0.299767	0.530530	0.142225	0.178925
0.299833	0.531779	0.141311	0.179862
0.299728	0.532222	0.139445	0.178961
0.299755	0.534968	0.138510	0.178617
0.299775	0.535073	0.136266	0.180379
0.299835	0.535229	0.134004	0.179527
0.299764	0.537470	0.131226	0.180190
0.299816	0.538297	0.128254	0.180181
0.299800	0.539530	0.126821	0.179418
0.299787	0.540950	0.125194	0.179231
0.299543	0.538274	0.124457	0.178320
0.299979	0.541181	0.123093	0.177659
0.299389	0.541903	0.122307	0.178827
0.302537	0.541264	0.120350	0.181090
0.305239	0.542669	0.118748	0.179069
0.304528	0.543782	0.119338	0.178684
0.305014	0.545431	0.117462	0.181491
0.304617	0.545144	0.114464	0.180052
0.305097	0.546694	0.114198	0.179753
0.304479	0.548299	0.114728	0.178550
0.305108	0.549282	0.113766	0.180255
0.304295	0.551078	0.110290	0.177787
0.307776	0.551743	0.111317	0.179178
0.310123	0.551005	0.110546	0.178817
0.309817	0.549895	0.108853	0.180650
0.309809	0.552203	0.108510	0.180220
0.310645	0.551303	0.110344	0.180515
0.314887	0.552714	0.107031	0.180602
0.314989	0.553228	0.105652	0.178802
0.314852	0.552615	0.104721	0.179332
0.315692	0.553208	0.104617	0.180490
0.319777	0.552355	0.103409	0.179878
0.320016	0.550343	0.104191	0.178716
0.319600	0.548439	0.104121	0.179818
0.322927	0.548174	0.106492	0.181487
0.325342	0.545926	0.107671	0.179630
0.324849	0.543909	0.107814	0.181089
0.324859	0.544040	0.110213	0.178657
0.327783	0.542646	0.110388	0.179366
0.330842	0.540447	0.111554	0.179932
0.329370	0.537761	0.113449	0.179435
0.333235	0.536753	0.117051	0.180414
0.334711	0.535575	0.119655	0.180450
0.334740	0.532933	0.121907	0.180792
0.334516	0.532101	0.122485	0.180450
0.334911	0.529560	0.123441	0.180868
0.334360	0.526544	0.125871	0.179692
0.337982	0.526066	0.131250	0.180803
0.340009	0.520754	0.131407	0.179995
0.339594	0.522206	0.134966	0.179834
0.339832	0.517685	0.136074	0.182331
0.339640	0.516255	0.136625	0.179811
0.339809	0.513916	0.140186	0.179771
0.339731	0.512031	0.142449	0.180768
0.339603	0.510025	0.145510	0.180135
0.339905	0.507695	0.146868	0.179219
0.339365	0.507404	0.149602	0.181286
0.343134	0.507904	0.151132	0.181923
0.345197	0.507881	0.152545	0.179524
0.344631	0.508576	0.151942	0.181280
0.344861	0.508096	0.153548	0.179447
0.344753	0.507467	0.153946	0.181033
0.344832	0.508777	0.154136	0.179341
0.344774	0.506801	0.153966	0.179943
0.344788	0.508172	0.154537	0.181229
0.344856	0.508571	0.156017	0.179099
0.344700	0.508005	0.153404	0.181487
0.345164	0.507722	0.154515	0.180346
0.343715	0.508103	0.155396	0.179891
0.339573	0.508502	0.153865	0.181365
0.339807	0.507726	0.154295	0.181284
0.339703	0.507180	0.154476	0.181186
0.339805	0.505892	0.154199	0.181102
0.339962	0.505887	0.153453	0.180185
0.336379	0.504304	0.154951	0.181766
0.334261	0.505548	0.156491	0.180437
0.335079	0.505070	0.154981	0.180000
0.334360	0.504495	0.154268	0.182672
0.335073	0.504093	0.152948	0.179178
0.331240	0.503918	0.152009	0.181094
0.329820	0.503605	0.152370	0.181256
0.330229	0.503163	0.152849	0.181409
0.329949	0.502906	0.153484	0.180559
0.329987	0.501967	0.152674	0.178177
0.330034	0.500764	0.152281	0.180897
0.329994	0.500128	0.151575	0.179241
0.330185	0.496984	0.151180	0.180626
0.329925	0.498139	0.152301	0.179771
0.330096	0.499198	0.153824	0.181155
0.329925	0.496951	0.154308	0.179163
0.330136	0.496104	0.153853	0.180029
0.329787	0.497044	0.154971	0.179010
0.330345	0.496703	0.154160	0.180432
0.328563	0.495820	0.154097	0.179901
0.324696	0.496059	0.155681	0.178833
0.325016	0.497452	0.154387	0.181483
0.324868	0.497459	0.153867	0.180372
0.324979	0.496636	0.153815	0.181923
0.324940	0.499403	0.153502	0.182166
0.324912	0.499075	0.154046	0.180337
0.325012	0.499958	0.152759	0.179978
0.321053	0.501088	0.152573	0.179804
0.319589	0.501769	0.152066	0.181305
0.320052	0.500617	0.150325	0.179903
0.319836	0.502430	0.151450	0.180729
0.319933	0.501108	0.151371	0.180319
0.319844	0.504936	0.151148	0.179606
0.319888	0.503573	0.150299	0.181395
0.319901	0.503874	0.151345	0.179352
0.316028	0.505706	0.150469	0.182148
0.314577	0.503703	0.151212	0.179565
0.315096	0.506904	0.150507	0.181240
0.314788	0.506248	0.150898	0.180535
0.315094	0.507451	0.151136	0.180609
0.314732	0.506876	0.151279	0.180743
0.315135	0.507084	0.153413	0.180461
0.310850	0.508254	0.153428	0.181622
0.309642	0.508656	0.154958	0.179519
0.310034	0.508088	0.155295	0.179749
0.309732	0.508571	0.153936	0.178676
0.309967	0.509001	0.154571	0.179868
0.309814	0.508930	0.156848	0.180219
0.309969	0.509257	0.155758	0.180660
0.309826	0.510274	0.154535	0.180116
0.309884	0.512783	0.156336	0.179752
0.309830	0.513722	0.154693	0.179999
0.309883	0.515194	0.153859	0.180268
0.309849	0.519309	0.151761	0.180111
0.309923	0.521822	0.150212	0.180322
0.309797	0.525169	0.150904	0.179207
0.310042	0.528029	0.147941	0.181127
0.309697	0.531287	0.146565	0.180602
0.310057	0.534393	0.143330	0.181185
0.309617	0.539124	0.141241	0.181006
0.310308	0.542993	0.138114	0.182143
0.307860	0.548809	0.135622	0.180255
0.304412	0.552385	0.132705	0.181815
0.305073	0.557020	0.130741	0.181605
0.304683	0.561425	0.128078	0.181236
0.304905	0.565771	0.125164	0.180151
0.304671	0.569487	0.121136	0.178582
0.304877	0.573549	0.119513	0.179705
0.304759	0.577558	0.118244	0.180056
0.304797	0.579376	0.114623	0.181821
0.300411	0.583685	0.113538	0.179496
0.299624	0.587653	0.113184	0.180305
0.299954	0.589587	0.110530	0.180059
0.304052	0.592327	0.110943	0.179556
0.305020	0.595158	0.107899	0.180997
0.304636	0.597389	0.106834	0.179167
0.304863	0.599615	0.105607	0.180518
0.304768	0.601059	0.103722	0.180447
0.304857	0.604156	0.103844	0.181407
0.304708	0.603770	0.102637	0.181006
0.304859	0.603061	0.104020	0.179238
0.304809	0.604177	0.104518	0.179819
0.309449	0.604464	0.103064	0.179317
0.309825	0.603067	0.102884	0.178858
0.310056	0.602571	0.103855	0.179105
0.309563	0.602342	0.105908	0.180745
0.312211	0.602790	0.105840	0.180800
0.315416	0.602090	0.105073	0.180835
0.314617	0.601421	0.107239	0.181255
0.315334	0.601578	0.106806	0.181159
0.319227	0.600290	0.106875	0.181424
0.320199	0.601148	0.108765	0.178035
0.319604	0.601990	0.107514	0.181002
0.320381	0.601719	0.105652	0.179883
0.324197	0.601279	0.106412	0.180357
0.325389	0.600721	0.107318	0.180590
0.324415	0.599695	0.106557	0.179643
0.327570	0.598487	0.106739	0.180604
0.330230	0.597039	0.109287	0.180154
0.330146	0.594967	0.108563	0.179774
0.329720	0.593332	0.109703	0.181749
0.332162	0.591491	0.112029	0.181174
0.335123	0.589925	0.113973	0.181012
0.334532	0.588661	0.113580	0.181751
0.334808	0.588047	0.114989	0.180458
0.334524	0.587995	0.116594	0.180215
0.334708	0.588036	0.114621	0.182018
0.335006	0.590015	0.112812	0.180611
0.339387	0.588554	0.113529	0.180654
0.339777	0.591060	0.113152	0.181338
0.339684	0.593441	0.112831	0.180322
0.339791	0.594989	0.112857	0.178912
0.339634	0.595884	0.111783	0.181865
0.340241	0.597915	0.107488	0.180007
0.344460	0.598708	0.108426	0.180212
0.344958	0.600807	0.107832	0.180566
0.344649	0.600031	0.104989	0.181903
0.344942	0.600530	0.104573	0.182537
0.344674	0.602681	0.103740	0.180310
0.345129	0.602395	0.105197	0.180257
0.344226	0.601619	0.104945	0.182351
0.347750	0.601463	0.104514	0.181443
0.350027	0.601879	0.104369	0.181858
0.350132	0.599537	0.106274	0.181477
0.347069	0.596895	0.106521	0.181426
0.344873	0.595577	0.107342	0.180463
0.349940	0.594181	0.107176	0.180079
0.349701	0.593114	0.108033	0.180238
0.349977	0.591294	0.108066	0.181375
0.349865	0.589512	0.108117	0.180666
0.349785	0.587438	0.108601	0.181756
0.350431	0.586570	0.109638	0.181513
0.354754	0.584490	0.108901	0.180413
0.354835	0.582351	0.108864	0.182230
0.354793	0.580490	0.108813	0.180303
0.355426	0.578337	0.109577	0.183231
0.359846	0.576353	0.110915	0.180082
0.359709	0.576595	0.110020	0.179312
0.360062	0.574008	0.112098	0.181303
0.359637	0.573874	0.111749	0.180508
0.360559	0.574382	0.110841	0.182066
0.364845	0.571466	0.111272	0.180160
0.364945	0.571398	0.110089	0.180643
0.364872	0.569747	0.111267	0.181699
0.364960	0.568417	0.109913	0.180547
0.364958	0.569764	0.108738	0.182053
0.365095	0.566605	0.110780	0.180326
0.364965	0.566692	0.111817	0.181020
0.364965	0.566268	0.112858	0.181318
0.364991	0.566179	0.112406	0.180949
0.364928	0.566440	0.114821	0.181060
0.364968	0.566539	0.114748	0.181863
0.364961	0.566031	0.112189	0.179799
0.364978	0.566205	0.112622	0.181011
0.364867	0.566177	0.111495	0.182008
0.364960	0.566991	0.112292	0.182371
0.365074	0.567825	0.113018	0.183030
0.364950	0.567753	0.112066	0.181013
0.364907	0.567394	0.111436	0.181538
0.364966	0.566614	0.113262	0.181403
0.365036	0.567161	0.111494	0.181075
0.364955	0.567942	0.110406	0.179970
0.364967	0.566530	0.110631	0.181948
0.365019	0.568194	0.110045	0.181442
0.365030	0.567621	0.111497	0.179787
0.364921	0.568479	0.112172	0.180591
0.364908	0.567855	0.112080	0.180565
0.364914	0.566379	0.111103	0.181354
0.365040	0.566210	0.113718	0.179749
0.364792	0.564112	0.113965	0.182215
0.365046	0.565826	0.113426	0.181275
0.364807	0.563276	0.113065	0.180185
0.365313	0.563581	0.115073	0.180664
0.361513	0.560135	0.114770	0.180854
0.359573	0.561585	0.114777	0.182871
0.360041	0.560321	0.115513	0.180684
0.359801	0.559536	0.116307	0.181122
0.359905	0.560402	0.115730	0.181276
0.359914	0.559173	0.114857	0.179836
0.359867	0.558213	0.115131	0.180659
0.359951	0.557830	0.115829	0.181315
0.359826	0.559904	0.114310	0.180755
0.360093	0.558230	0.115951	0.181258
0.358732	0.557444	0.115700	0.180075
0.354657	0.557450	0.114560	0.180387
0.355040	0.557621	0.114275	0.181145
0.354763	0.557321	0.115876	0.181026
0.354946	0.557546	0.115451	0.179801
0.354749	0.555978	0.115509	0.181030
0.355057	0.555854	0.117331	0.179058
0.354715	0.555262	0.116531	0.181025
0.355046	0.555493	0.116087	0.180720
0.354718	0.554591	0.117110	0.179987
0.355227	0.555500	0.116320	0.180067
0.353606	0.554320	0.117351	0.181368
0.349719	0.554874	0.115910	0.180879
0.349941	0.554364	0.116499	0.180723
0.349771	0.552701	0.117319	0.180408
0.349899	0.552005	0.115691	0.179837
0.349885	0.551466	0.115920	0.180903
0.349772	0.550617	0.116226	0.179776
0.349888	0.550283	0.116321	0.181067
0.349748	0.550916	0.117301	0.180473
0.350148	0.548358	0.118358	0.180247
0.348525	0.546915	0.116652	0.181466
0.344580	0.546995	0.117974	0.178055
0.345004	0.546692	0.118989	0.179829
0.344662	0.547796	0.119779	0.179501
0.345020	0.546328	0.119263	0.181105
0.344704	0.544734	0.119441	0.181379
0.344976	0.545379	0.120323	0.182272
0.344662	0.545396	0.120858	0.181432
0.344961	0.543068	0.121159	0.180036
0.344660	0.543648	0.122119	0.179953
0.345094	0.542665	0.122789	0.180280
0.340740	0.543710	0.123553	0.179918
0.339572	0.545115	0.123027	0.181085
0.339753	0.542939	0.123628	0.180265
0.339799	0.544520	0.123518	0.179128
0.339525	0.544026	0.123821	0.180678
0.340172	0.546707	0.121293	0.180253
0.338120	0.544929	0.121638	0.180175
0.334368	0.547136	0.121862	0.180911
0.334836	0.546557	0.121285	0.180372
0.334604	0.548711	0.121897	0.180200
0.334689	0.549030	0.119373	0.179957
0.334642	0.549979	0.118795	0.180204
0.334772	0.553185	0.118853	0.181407
0.334619	0.556174	0.117526	0.180985
0.331084	0.557458	0.116439	0.179601
0.329639	0.559583	0.116260	0.179217
0.330296	0.564509	0.113973	0.182155
0.329731	0.565869	0.114557	0.179155
0.330201	0.569463	0.114517	0.180708
0.329727	0.570138	0.112605	0.181422
0.330432	0.571055	0.110722	0.181137
0.328218	0.574490	0.108783	0.180714
0.324750	0.574237	0.108001	0.179439
0.325080	0.576155	0.109131	0.180708
0.324861	0.581033	0.109166	0.180757
0.324893	0.579723	0.107270	0.180351
0.324975	0.581607	0.107618	0.179674
0.324681	0.580735	0.105593	0.178826
0.325295	0.581943	0.106841	0.180862
0.323082	0.581540	0.107652	0.179921
0.319471	0.582219	0.108062	0.180381
0.320127	0.580760	0.110541	0.179507
0.319718	0.579078	0.110653	0.179629
0.319962	0.579477	0.113152	0.178726
0.319736	0.576784	0.114867	0.180996
0.319994	0.574493	0.116148	0.179913
0.319822	0.575085	0.119408	0.180096
0.319997	0.572308	0.121290	0.179806
0.319845	0.571554	0.124648	0.180104
0.319884	0.568870	0.125316	0.180308
0.319796	0.565358	0.128762	0.179451
0.319919	0.565922	0.131381	0.181556
0.319901	0.563669	0.132908	0.179466
0.319868	0.561088	0.134807	0.180191
0.319870	0.556801	0.136172	0.181398
0.319909	0.556958	0.138418	0.181768
0.319814	0.555823	0.139757	0.181269
0.319940	0.553718	0.142292	0.180701
0.319863	0.552054	0.143134	0.179888
0.319885	0.550833	0.144687	0.180648
0.319790	0.547536	0.147567	0.180752
0.320007	0.545741	0.149497	0.181621
0.319869	0.545983	0.152892	0.180194
0.320043	0.546097	0.156103	0.181483
0.319830	0.542941	0.154069	0.181131
0.320016	0.543017	0.155438	0.180762
0.319679	0.540496	0.156230	0.180386
0.320082	0.539115	0.157521	0.180700
0.319590	0.538608	0.159120	0.179634
0.320377	0.535971	0.158231	0.179301
0.317507	0.536751	0.159355	0.180368
0.314714	0.533550	0.159048	0.181080
0.314908	0.534538	0.160613	0.179697
0.315189	0.530063	0.161119	0.179202
0.312703	0.527617	0.161815	0.180549
0.309383	0.527746	0.161519	0.179546
0.310196	0.527637	0.161343	0.178904
0.309558	0.526922	0.161458	0.179168
0.310034	0.525636	0.159228	0.179777
0.309700	0.525480	0.159179	0.180144
0.310033	0.525023	0.159261	0.181216
0.309447	0.525421	0.160137	0.181080
0.305320	0.525687	0.157248	0.180555
0.304572	0.529155	0.154871	0.180695
0.304906	0.532009	0.153967	0.180141
0.304663	0.534758	0.148825	0.180909
0.304994	0.536793	0.147437	0.180899
0.304561	0.539784	0.145016	0.180913
0.305256	0.540332	0.141937	0.180681
0.302135	0.543783	0.141429	0.180220
0.299385	0.545020	0.137131	0.180862
0.299998	0.548323	0.133910	0.180056
0.299532	0.550029	0.131837	0.180748
0.299989	0.551718	0.130457	0.181244
0.299237	0.554068	0.127717	0.179758
0.295039	0.555953	0.125515	0.179811
0.294670	0.557462	0.122816	0.179075
0.294698	0.558770	0.119741	0.180280
0.294719	0.560992	0.117930	0.178357
0.294732	0.561830	0.118440	0.179537
0.294739	0.563969	0.115285	0.179801
0.294763	0.566868	0.112496	0.180032
0.294804	0.571473	0.107316	0.178995
0.294747	0.575520	0.104733	0.178949
0.294755	0.578410	0.100151	0.178803
0.294629	0.584420	0.097625	0.179724
0.294764	0.589269	0.093131	0.178739
0.294581	0.592427	0.086913	0.179251
0.295270	0.595932	0.083397	0.178382
0.299417	0.600369	0.082103	0.178093
0.299883	0.603778	0.077758	0.180247
0.299562	0.607616	0.073829	0.178110
0.299947	0.610525	0.071137	0.180285
0.299242	0.612836	0.068064	0.179956
0.302584	0.614464	0.066669	0.180372
0.305194	0.618032	0.063948	0.179983
0.304640	0.620556	0.061920	0.178959
0.304890	0.621963	0.057243	0.179690
0.304779	0.622150	0.055550	0.179174
0.304698	0.623705	0.054176	0.180711
0.305389	0.626217	0.053134	0.178030
0.309839	0.624248	0.053032	0.180101
0.309860	0.624175	0.052953	0.180213
0.309826	0.623842	0.054470	0.179776
0.310498	0.625732	0.050486	0.180467
0.314876	0.622806	0.052167	0.178338
0.315375	0.621393	0.051587	0.179480
0.320190	0.621346	0.053372	0.180775
0.319331	0.618826	0.052834	0.180319
0.323246	0.616862	0.054570	0.179615
0.324908	0.615982	0.056013	0.179101
0.327836	0.615222	0.057661	0.179757
0.330418	0.611209	0.059201	0.180124
0.330334	0.609799	0.060521	0.180924
0.335066	0.606206	0.065245	0.180279
0.334092	0.602497	0.068187	0.181623
0.337964	0.600155	0.068755	0.181853
0.339880	0.596075	0.072544	0.182012
0.340281	0.594027	0.077746	0.180838
0.345084	0.592196	0.077366	0.179819
0.344341	0.588434	0.081282	0.180298
0.348227	0.586662	0.081809	0.180399
0.349960	0.583481	0.085625	0.180319
0.350565	0.579800	0.088321	0.180882
0.355193	0.577077	0.091788	0.181981
0.354481	0.573971	0.095061	0.182211
0.358154	0.568720	0.098294	0.179454
0.360291	0.566931	0.101150	0.181907
0.359467	0.563638	0.103418	0.181342
0.363285	0.560959	0.108358	0.182608
0.365381	0.561346	0.111222	0.182830
0.364635	0.557703	0.112857	0.182080
0.366012	0.556232	0.114266	0.182162
0.370177	0.554622	0.116061	0.180882
0.369791	0.554649	0.117930	0.182022
0.370237	0.554983	0.117767	0.180961
0.369667	0.553668	0.120520	0.180978
0.373456	0.552869	0.121321	0.181512
0.375368	0.552962	0.121534	0.183004
0.374991	0.553461	0.123272	0.181545
0.375093	0.554428	0.122987	0.182085
0.375130	0.554357	0.124637	0.182167
0.374940	0.552743	0.126574	0.181340
0.378307	0.553028	0.128096	0.184338
0.380124	0.553127	0.127656	0.181492
0.379476	0.555867	0.128113	0.182450
0.379872	0.555435	0.126577	0.181290
0.379601	0.558224	0.127342	0.182190
0.379791	0.558597	0.128898	0.182584
0.379697	0.558979	0.127409	0.182199
0.379721	0.561430	0.127168	0.180892
0.379691	0.561100	0.126335	0.182599
0.379760	0.561107	0.127547	0.183696
0.379619	0.562198	0.127099	0.182822
0.379738	0.561890	0.126820	0.181983
0.379713	0.564097	0.127683	0.180923
0.379683	0.564053	0.126510	0.181062
0.379692	0.567350	0.125704	0.181210
0.379709	0.567261	0.126455	0.181394
0.379709	0.567382	0.124386	0.181235
0.379748	0.568253	0.125361	0.180441
0.379761	0.569989	0.124074	0.183238
0.379680	0.572626	0.123406	0.182125
0.379664	0.572089	0.121987	0.181764
0.379683	0.574933	0.120033	0.181682
0.379830	0.576386	0.121191	0.181250
0.379605	0.578300	0.118707	0.182876
0.379793	0.578538	0.115598	0.181751
0.379521	0.581214	0.114767	0.181755
0.383278	0.581711	0.115042	0.180536
0.384720	0.582674	0.112756	0.183727
0.384297	0.584737	0.111329	0.181786
0.384542	0.586036	0.111417	0.181692
0.384419	0.586683	0.112015	0.181132
0.384578	0.585425	0.111636	0.180451
0.384498	0.585679	0.111099	0.181661
0.384513	0.583859	0.112920	0.182002
0.384465	0.584569	0.112219	0.182483
0.384503	0.582095	0.114854	0.180956
0.384483	0.579586	0.116339	0.183088
0.384482	0.580248	0.117790	0.181566
0.384511	0.576424	0.120288	0.181225
0.384459	0.576512	0.121252	0.181283
0.384479	0.574500	0.123564	0.181958
0.384448	0.572953	0.124279	0.182070
0.384528	0.570184	0.125498	0.182374
0.384399	0.569468	0.126523	0.183255
0.384559	0.566683	0.128999	0.181289
0.384370	0.563798	0.131705	0.181696
0.384640	0.562003	0.133207	0.180577
0.384399	0.556886	0.135564	0.180877
0.388431	0.554987	0.137518	0.182118
0.389724	0.552107	0.142061	0.182166
0.389313	0.548059	0.142033	0.181535
0.389559	0.546861	0.141963	0.181399
0.389450	0.544836	0.143658	0.182454
0.389461	0.542639	0.143729	0.181464
0.389468	0.537648	0.147147	0.181568
0.389402	0.537082	0.148381	0.182299
0.389394	0.535846	0.150865	0.181492
0.389425	0.533191	0.152484	0.181947
0.389522	0.531600	0.152506	0.181491
0.385299	0.527594	0.153233	0.182519
0.384380	0.526857	0.155018	0.182318
0.384569	0.523933	0.157583	0.181829
0.384420	0.522894	0.156650	0.181474
0.384527	0.520094	0.156099	0.182573
0.384457	0.517050	0.156357	0.182576
0.384418	0.517607	0.159151	0.181858
0.384383	0.515857	0.158778	0.180835
0.380473	0.512579	0.159277	0.181236
0.379570	0.510531	0.162991	0.181203
0.379739	0.509921	0.163351	0.180327
0.379748	0.507713	0.163550	0.182132
0.379588	0.506671	0.164151	0.182613
0.375853	0.507255	0.165580	0.181536
0.374715	0.507551	0.166713	0.183228
0.375595	0.507792	0.165305	0.182276
0.372992	0.509984	0.162892	0.181974
0.369642	0.509443	0.162940	0.181193
0.370265	0.511805	0.161556	0.181913
0.369943	0.514654	0.160597	0.182128
0.370013	0.518939	0.158605	0.181601
0.370077	0.518189	0.156841	0.181999
0.370032	0.521278	0.157867	0.182261
0.370081	0.524574	0.156091	0.181308
0.369964	0.528123	0.153971	0.180060
0.370111	0.528223	0.154747	0.180817
0.369834	0.531683	0.154401	0.181914
0.370404	0.533842	0.151428	0.181986
0.367853	0.535688	0.150688	0.182706
0.364522	0.536827	0.150627	0.181899
0.365248	0.539486	0.149970	0.181323
0.364813	0.538315	0.150113	0.182240
0.365090	0.541226	0.149988	0.182014
0.364924	0.543754	0.148194	0.182943
0.364988	0.544151	0.148648	0.181636
0.365026	0.545635	0.149488	0.181977
0.365036	0.545998	0.150202	0.182336
0.364953	0.545474	0.151844	0.181590
0.364993	0.544982	0.152905	0.182393
0.364985	0.545644	0.154163	0.184528
0.364956	0.547649	0.153526	0.182479
0.365034	0.548817	0.151877	0.183958
0.364947	0.549575	0.151959	0.181612
0.365010	0.550057	0.152535	0.181615
0.364847	0.549582	0.150343	0.183148
0.365315	0.550905	0.153078	0.182772
0.369534	0.554695	0.151616	0.180859
0.370211	0.552383	0.151563	0.181248
0.369871	0.551579	0.152929	0.181979
0.370294	0.552346	0.153964	0.182062
0.369571	0.552151	0.153913	0.183559
0.372548	0.552002	0.156850	0.183097
0.375542	0.550943	0.157669	0.181180
0.374790	0.551495	0.158805	0.182856
0.375248	0.549586	0.160330	0.182652
0.374978	0.550010	0.159255	0.181636
0.375213	0.547045	0.161796	0.182572
0.375003	0.548039	0.165224	0.182174
0.375190	0.543879	0.165567	0.180995
0.375060	0.542316	0.167298	0.182146
0.375095	0.541013	0.169187	0.182841
0.375094	0.540323	0.169588	0.183230
0.374672	0.539303	0.172030	0.181671
0.370200	0.537917	0.174131	0.182641
0.370069	0.539502	0.174998	0.182782
0.369948	0.538494	0.173787	0.182995
0.370173	0.539324	0.171834	0.183064
0.369492	0.539859	0.171028	0.183020
0.365348	0.541778	0.170434	0.183746
0.364805	0.542974	0.171638	0.182039
0.365190	0.542233	0.170117	0.181843
0.364815	0.545320	0.170082	0.181661
0.365360	0.546059	0.169222	0.181390
0.362276	0.548179	0.165319	0.182603
0.359364	0.549679	0.163595	0.182454
0.360274	0.553342	0.161495	0.181978
0.357168	0.554191	0.161604	0.181793
0.354301	0.556729	0.156149	0.181405
0.355622	0.558839	0.153904	0.182152
0.351700	0.561109	0.151156	0.180688
0.349916	0.564566	0.147969	0.181811
0.347167	0.565838	0.145298	0.180436
0.344395	0.569411	0.143228	0.181950
0.344577	0.572132	0.140076	0.181269
0.339447	0.573400	0.137326	0.180745
0.340180	0.575275	0.136818	0.181719
0.336716	0.576063	0.133742	0.179789
0.334223	0.579449	0.131929	0.180458
0.335262	0.581900	0.129126	0.180473
0.331792	0.585446	0.125708	0.181283
0.329763	0.585317	0.124373	0.180492
0.330091	0.589358	0.123471	0.179875
0.329891	0.593853	0.120210	0.181647
0.330022	0.593999	0.120183	0.181929
0.329955	0.598563	0.114815	0.181637
0.329925	0.599636	0.113630	0.180447
0.330115	0.604091	0.110707	0.182182
0.329727	0.605813	0.109617	0.183040
0.332858	0.607826	0.108609	0.181422
0.335064	0.608747	0.107204	0.180730
0.334452	0.611500	0.103573	0.181353
0.334913	0.613407	0.102010	0.180676
0.334355	0.616073	0.100060	0.182266
0.335609	0.616535	0.097161	0.182057
0.339755	0.616936	0.096870	0.181640
0.339706	0.619320	0.094106	0.181947
0.339682	0.620710	0.093761	0.179742
0.339713	0.622806	0.090494	0.182953
0.339755	0.622720	0.088190	0.180244
0.339765	0.623203	0.085901	0.181496
0.339826	0.623739	0.085953	0.180792
0.339580	0.626110	0.083859	0.180845
0.340610	0.626798	0.081253	0.181751
0.344978	0.625401	0.081978	0.180929
0.344601	0.623219	0.079206	0.180175
0.345049	0.623817	0.078390	0.178981
0.344591	0.623427	0.077928	0.181119
0.345118	0.623197	0.076067	0.180758
0.344306	0.622342	0.077069	0.181419
0.348293	0.621073	0.076699	0.179977
0.350068	0.619820	0.076171	0.180571
0.350048	0.619921	0.078281	0.179727
0.349556	0.616833	0.079247	0.181126
0.353281	0.614545	0.079749	0.179579
0.355212	0.614372	0.080181	0.181522
0.354788	0.612550	0.079613	0.181531
0.354822	0.612388	0.080529	0.180363
0.355806	0.611536	0.080991	0.180277
0.360121	0.610090	0.081787	0.179623
0.359682	0.609854	0.081875	0.180313
0.359979	0.607311	0.081129	0.180470
0.359867	0.604822	0.080786	0.179841
0.359802	0.605841	0.083108	0.180294
0.363406	0.601394	0.084029	0.179613
0.365459	0.599175	0.086297	0.181464
0.364521	0.596512	0.086313	0.180913
0.365325	0.595155	0.087624	0.182483
0.364433	0.592701	0.090226	0.180388
0.366393	0.591342	0.092695	0.180362
0.369906	0.588185	0.092557	0.182635
0.370145	0.586379	0.095531	0.179283
0.369691	0.585739	0.095917	0.182075
0.371383	0.586300	0.097099	0.181732
0.375254	0.584414	0.098194	0.180005
0.375020	0.584698	0.099205	0.182675
0.374952	0.584014	0.099323	0.180715
0.376140	0.583390	0.099079	0.180354
0.380083	0.582955	0.101835	0.180830
0.379425	0.584574	0.101380	0.181345
0.379956	0.584376	0.102738	0.182301
0.379447	0.582994	0.101650	0.180670
0.379890	0.585108	0.101836	0.182472
0.379318	0.584590	0.101598	0.181416
0.381005	0.583499	0.101435	0.181756
0.384712	0.586038	0.103718	0.181278
0.384363	0.584116	0.102797	0.182052
0.384528	0.584237	0.102526	0.180933
0.384439	0.586165	0.103199	0.181637
0.384568	0.584110	0.104083	0.181209
0.384311	0.582231	0.106534	0.180848
0.384615	0.584332	0.106002	0.181382
0.384354	0.582053	0.105779	0.181880
0.388337	0.583709	0.105579	0.183241
0.389783	0.581406	0.104995	0.182334
0.389322	0.583061	0.107311	0.183205
0.389549	0.584619	0.106121	0.181656
0.389324	0.581923	0.105751	0.182224
0.389529	0.581120	0.106163	0.181389
0.389381	0.581309	0.106712	0.182666
0.389620	0.581714	0.108374	0.182511
0.389331	0.579040	0.109346	0.181631
0.393577	0.581543	0.107291	0.182346
0.394761	0.580337	0.107789	0.181626
0.394437	0.580197	0.109769	0.181526
0.394576	0.579054	0.107654	0.179789
0.394497	0.578680	0.111035	0.182413
0.394571	0.578288	0.109094	0.181253
0.394452	0.579258	0.109525	0.181675
0.394469	0.579101	0.109289	0.183098
0.394493	0.578337	0.109818	0.181189
0.394512	0.579030	0.112007	0.181964
0.394547	0.578096	0.111227	0.182378
0.394579	0.578243	0.113991	0.182455
0.394409	0.577119	0.114130	0.181228
0.394556	0.574907	0.116636	0.181800
0.394567	0.576918	0.115705	0.180864
0.394522	0.576494	0.116602	0.181116
0.394434	0.575623	0.117257	0.182850
0.394448	0.574529	0.117168	0.181988
0.394568	0.575108	0.119243	0.182878
0.394548	0.575935	0.120111	0.180956
0.394467	0.575011	0.121486	0.183182
0.390241	0.575822	0.123130	0.182988
0.389183	0.574307	0.124054	0.182232
0.389531	0.573845	0.125638	0.181766
0.389303	0.572860	0.127571	0.181338
0.389588	0.570711	0.127804	0.182112
0.389189	0.570485	0.129773	0.181715
0.389845	0.567911	0.131483	0.181829
0.387572	0.569230	0.134715	0.181641
0.384010	0.568181	0.136011	0.181221
0.384810	0.568185	0.137085	0.183215
0.384206	0.568564	0.138973	0.182380
0.384913	0.566794	0.141121	0.183167
0.382573	0.567469	0.142348	0.180711
0.379300	0.565935	0.144411	0.182019
0.380082	0.565200	0.145807	0.181536
0.379371	0.565550	0.145822	0.182383
0.380083	0.563868	0.146996	0.181560
0.377823	0.566658	0.146896	0.182359
0.374696	0.566616	0.145797	0.182874
0.375209	0.567163	0.147504	0.183294
0.374924	0.567146	0.146436	0.183762
0.375243	0.567097	0.149518	0.182440
0.374773	0.568026	0.146954	0.181784
0.370745	0.567984	0.147750	0.182022
0.369672	0.567603	0.147071	0.181055
0.370464	0.567653	0.146301	0.183018
0.367772	0.566216	0.148213	0.182111
0.364398	0.566608	0.149255	0.181385
0.365485	0.566201	0.150460	0.181940
0.362588	0.565192	0.148918	0.182326
0.359460	0.563986	0.149073	0.181651
0.360167	0.561874	0.150875	0.181408
0.359388	0.560904	0.150675	0.181181
0.355662	0.560082	0.150216	0.180976
0.354469	0.559298	0.151762	0.182799
0.355495	0.559429	0.151967	0.181948
0.352316	0.557511	0.152992	0.181776
0.349597	0.557611	0.153192	0.181597
0.349931	0.557707	0.154087	0.180829
0.350179	0.554791	0.152755	0.181548
0.347441	0.553540	0.153189	0.181721
0.344318	0.554486	0.153171	0.182458
0.345123	0.551539	0.153233	0.180789
0.344664	0.552753	0.154789	0.181597
0.344665	0.550945	0.153903	0.181596
0.339982	0.550359	0.153437	0.181675
0.339826	0.550185	0.151665	0.181462
0.339545	0.549282	0.152565	0.181682
0.339847	0.547498	0.151818	0.181121
0.339546	0.546941	0.154052	0.181484
0.339954	0.545026	0.152854	0.181057
0.339486	0.545906	0.152357	0.180819
0.340250	0.543018	0.152219	0.181707
0.337076	0.543421	0.152402	0.180785
0.334302	0.543500	0.152446	0.181650
0.334867	0.542481	0.152323	0.180279
0.334617	0.541681	0.150752	0.180252
0.334879	0.539822	0.151636	0.180871
0.334226	0.540600	0.150676	0.180181
0.330113	0.538834	0.150289	0.181889
0.330113	0.537652	0.150316	0.181645
0.329835	0.537576	0.151300	0.182425
0.330391	0.536912	0.150152	0.180645
0.327333	0.535320	0.149188	0.181948
0.324555	0.534990	0.149106	0.180113
0.325084	0.535207	0.148451	0.182106
0.324853	0.537059	0.146711	0.180725
0.325019	0.535301	0.146930	0.180919
0.324958	0.536530	0.145662	0.181935
0.324447	0.535346	0.145534	0.179467
0.320016	0.536236	0.143440	0.181745
0.319972	0.537094	0.143869	0.179641
0.319837	0.536387	0.141783	0.183252
0.320028	0.536263	0.140403	0.181104
0.319822	0.535973	0.139803	0.180303
0.319920	0.536238	0.138492	0.182146
0.319746	0.537317	0.138997	0.180144
0.319992	0.536810	0.137044	0.181042
0.319821	0.536244	0.139092	0.179932
0.320053	0.535807	0.135412	0.181441
0.319210	0.536408	0.136862	0.181962
0.315069	0.536283	0.135109	0.181285
0.314977	0.534754	0.136306	0.180009
0.314862	0.534236	0.136466	0.180481
0.314946	0.533073	0.135493	0.180632
0.314866	0.531482	0.135915	0.180884
0.314957	0.530314	0.137317	0.180496
0.314893	0.531037	0.136654	0.180260
0.314956	0.531305	0.138220	0.181380
0.314915	0.530372	0.138177	0.181717
0.314903	0.529727	0.136525	0.178664
0.314874	0.529005	0.138779	0.181461
0.314930	0.529731	0.137657	0.180240
0.314895	0.528398	0.139655	0.180487
0.314898	0.529600	0.139252	0.181154
0.314891	0.530009	0.137619	0.180269
0.314915	0.529343	0.138010	0.180684
0.314910	0.528844	0.136656	0.180892
0.314921	0.530382	0.134510	0.179532
0.314910	0.530604	0.135479	0.180369
0.314881	0.530465	0.131574	0.180458
0.314885	0.530496	0.133420	0.181908
0.314948	0.531276	0.131575	0.180169
0.314969	0.530913	0.131248	0.181104
0.314946	0.531746	0.131874	0.181265
0.314940	0.532049	0.129773	0.179903
0.314930	0.530640	0.131451	0.180318
0.314876	0.531914	0.132220	0.181859
0.314969	0.530677	0.129852	0.179833
0.314940	0.531844	0.128907	0.181930
0.314985	0.530826	0.129918	0.180094
0.314877	0.530227	0.128393	0.181063
0.315070	0.531818	0.127828	0.180382
0.314784	0.530221	0.126612	0.180954
0.315025	0.531801	0.126478	0.179769
0.314626	0.531743	0.125736	0.181279
0.315967	0.533848	0.123155	0.181312
0.320116	0.534379	0.121361	0.179507
0.319830	0.537335	0.120808	0.181208
0.319989	0.539811	0.120973	0.178684
0.319879	0.539928	0.119067	0.181241
0.319845	0.542949	0.116855	0.180738
0.319864	0.544097	0.115073	0.181473
0.319904	0.545863	0.113835	0.179972
0.319950	0.548857	0.113159	0.180290
0.319841	0.550492	0.107793	0.179996
0.319935	0.552777	0.106526	0.180528
0.319865	0.553479	0.105074	0.182222
0.319989	0.556139	0.101744	0.179903
0.319550	0.558024	0.098958	0.179561
0.321154	0.560587	0.097640	0.179095
0.325212	0.562166	0.095513	0.181204
0.324797	0.563439	0.092085	0.179460
0.325002	0.565783	0.091158	0.179682
0.324859	0.566747	0.089838	0.181704
0.325103	0.568283	0.087745	0.179948
0.324826	0.570055	0.087094	0.180460
0.325079	0.571289	0.085528	0.180183
0.324938	0.572689	0.083127	0.179858
0.325032	0.575662	0.080098	0.179823
0.324866	0.574441	0.082183	0.180318
0.325071	0.574463	0.080460	0.180224
0.324752	0.576603	0.079632	0.179942
0.328681	0.577566	0.078669	0.181426
0.330345	0.578584	0.076812	0.179198
0.329747	0.580277	0.074874	0.180577
0.330381	0.579805	0.074780	0.180105
0.329652	0.579481	0.075058	0.179048
0.333733	0.578628	0.073435	0.179886
0.334815	0.577960	0.071934	0.178937
0.334693	0.577982	0.072251	0.181892
0.334573	0.577054	0.073016	0.179266
0.338562	0.575251	0.074345	0.181042
0.339915	0.573255	0.073407	0.179745
0.339683	0.572683	0.074942	0.181444
0.339627	0.570809	0.076577	0.179640
0.341146	0.568695	0.076868	0.179076
0.345263	0.567905	0.076848	0.180545
0.344514	0.566045	0.081532	0.179474
0.345111	0.564929	0.080005	0.180532
0.344442	0.563938	0.081866	0.180381
0.348668	0.564753	0.081618	0.181065
0.350110	0.565102	0.081510	0.179887
0.349780	0.565915	0.082691	0.180019
0.349923	0.565839	0.081839	0.179978
0.353733	0.566275	0.084133	0.180704
0.355296	0.566517	0.083836	0.181712
0.354680	0.567731	0.083673	0.180585
0.355197	0.567812	0.084501	0.181236
0.354464	0.566469	0.086444	0.181513
0.356616	0.566771	0.088195	0.182146
0.360240	0.567638	0.089441	0.179806
0.359671	0.568738	0.090253	0.181132
0.360066	0.566676	0.091798	0.181820
0.359777	0.567509	0.093859	0.180550
0.359945	0.567649	0.093742	0.180133
0.359816	0.568385	0.096463	0.180988
0.360145	0.567840	0.098711	0.181288
0.359520	0.567152	0.099012	0.180163
0.361656	0.565532	0.101713	0.180581
0.365436	0.566912	0.101227	0.181984
0.364702	0.564111	0.104439	0.180277
0.365234	0.563465	0.106194	0.181910
0.364699	0.561481	0.109508	0.180648
0.365274	0.562818	0.111204	0.180719
0.364414	0.561309	0.114162	0.180833
0.366983	0.559314	0.115276	0.180571
0.370242	0.556938	0.117767	0.182437
0.369988	0.555429	0.120649	0.181874
0.369994	0.553355	0.120431	0.182943
0.370097	0.554309	0.125948	0.181511
0.369660	0.552172	0.127374	0.182365
0.372120	0.550512	0.129174	0.180869
0.375466	0.551052	0.130353	0.182145
0.374868	0.548528	0.131804	0.181915
0.375242	0.547629	0.133287	0.181193
0.375000	0.547274	0.132584	0.181795
0.375072	0.547213	0.135673	0.180631
0.375093	0.547816	0.134924	0.181870
0.374981	0.546115	0.135095	0.180711
0.375202	0.545127	0.137335	0.182678
0.374926	0.543203	0.137822	0.179829
0.375501	0.542644	0.139841	0.181175
0.373012	0.542540	0.138287	0.181142
0.369670	0.544667	0.139947	0.181889
0.370232	0.543431	0.143041	0.181656
0.369895	0.543535	0.142016	0.180713
0.370102	0.543402	0.140138	0.182442
0.369877	0.544062	0.139744	0.181112
0.370192	0.542372	0.140546	0.182371
0.370043	0.544872	0.140239	0.181360
0.369813	0.546703	0.140199	0.181937
0.365519	0.544519	0.141431	0.182479
0.364894	0.546101	0.138312	0.181972
0.365098	0.545684	0.138312	0.181798
0.364936	0.545658	0.135822	0.181238
0.364948	0.548280	0.137528	0.182594
0.360214	0.548009	0.135937	0.181337
0.359933	0.549689	0.135679	0.182840
0.359633	0.549775	0.135224	0.180953
0.360379	0.549831	0.132636	0.181841
0.357439	0.551017	0.130656	0.182110
0.354602	0.549044	0.129852	0.181308
0.354871	0.551426	0.126741	0.182928
0.355164	0.551595	0.128109	0.180481
0.352609	0.550968	0.124770	0.182096
0.349380	0.551421	0.124538	0.179548
0.350180	0.551023	0.122391	0.181582
0.349741	0.549245	0.121169	0.180907
0.349618	0.549986	0.120851	0.180004
0.345083	0.550884	0.119853	0.179851
0.344849	0.550155	0.117760	0.179591
0.344772	0.549593	0.117244	0.181482
0.344943	0.548814	0.115829	0.179316
0.344412	0.548054	0.113995	0.180988
0.340126	0.545292	0.113454	0.179973
0.339598	0.545986	0.111069	0.181514
0.339811	0.546856	0.111603	0.179942
0.339701	0.544742	0.111273	0.180899
0.339765	0.545164	0.109891	0.181220
0.339743	0.544766	0.108797	0.180852
0.339788	0.542061	0.104583	0.181105
0.339758	0.541686	0.104063	0.179273
0.339768	0.540411	0.102973	0.180500
0.339767	0.540511	0.102845	0.179350
0.339736	0.539089	0.103594	0.179621
0.339797	0.536743	0.101571	0.180343
0.339738	0.534551	0.098816	0.179263
0.339658	0.534812	0.101521	0.180973
0.339757	0.532470	0.100551	0.179033
0.339768	0.533165	0.099111	0.180780
0.339698	0.532564	0.099327	0.181018
0.339673	0.532276	0.100604	0.181002
0.339814	0.533812	0.096611	0.179184
0.339766	0.532552	0.095298	0.180274
0.339782	0.533031	0.094334	0.180735
0.339656	0.532693	0.095242	0.179774
0.339741	0.533486	0.092864	0.179660
0.339770	0.530830	0.092755	0.179236
0.339732	0.532358	0.092270	0.181199
0.339763	0.531356	0.093020	0.179948
0.339760	0.530674	0.093277	0.180923
0.339681	0.530094	0.092642	0.181215
0.339830	0.528458	0.093705	0.181121
0.339638	0.527408	0.093186	0.180590
0.339899	0.523763	0.093554	0.180740
0.339026	0.524624	0.094866	0.179524
0.334740	0.523570	0.098303	0.179905
0.334735	0.521322	0.098978	0.180857
0.334597	0.521053	0.099291	0.180678
0.334736	0.521049	0.100291	0.179927
0.334640	0.520821	0.100970	0.180678
0.334780	0.519899	0.103226	0.179253
0.334676	0.521407	0.099718	0.180594
0.334741	0.522548	0.101575	0.179707
0.334646	0.523899	0.100737	0.180596
0.334683	0.524881	0.100212	0.180681
0.334691	0.526612	0.097877	0.181976
0.334706	0.525408	0.095504	0.181330
0.334644	0.526311	0.097867	0.179083
0.334725	0.527524	0.095646	0.180272
0.334626	0.529644	0.095961	0.180357
0.334703	0.530614	0.095469	0.180800
0.334583	0.529443	0.094716	0.180191
0.334701	0.531407	0.095067	0.182311
0.334630	0.532485	0.094335	0.180606
0.334762	0.533320	0.094122	0.180564
0.334664	0.532525	0.094161	0.179553
0.334731	0.535900	0.093409	0.179907
0.334567	0.538100	0.093906	0.179983
0.334893	0.538222	0.092250	0.180079
0.333800	0.539721	0.091468	0.181479
0.330046	0.541446	0.090902	0.180015
0.330087	0.543810	0.089887	0.180220
0.330064	0.544450	0.089779	0.179916
0.329945	0.546233	0.088989	0.178708
0.329989	0.547230	0.088649	0.180556
0.330059	0.548746	0.088134	0.180156
0.330088	0.551223	0.087205	0.180673
0.329811	0.550835	0.085538	0.179246
0.330235	0.550472	0.085604	0.180693
0.329696	0.553868	0.086622	0.180196
0.333196	0.554181	0.085536	0.179876
0.334941	0.557020	0.084776	0.181276
0.334573	0.557975	0.083477	0.179700
0.334627	0.558045	0.082198	0.180425
0.334803	0.560935	0.083964	0.180921
0.334504	0.561892	0.083186	0.181226
0.338245	0.561995	0.081825	0.178926
0.340064	0.563331	0.081524	0.180990
0.339654	0.564235	0.080743	0.180814
0.339751	0.565105	0.081736	0.181437
0.339721	0.562910	0.081075	0.181919
0.339740	0.565107	0.079922	0.180710
0.339861	0.566331	0.079887	0.180460
0.339487	0.564938	0.080493	0.179274
0.343334	0.565393	0.081851	0.182262
0.345071	0.565727	0.082035	0.179808
0.344706	0.566331	0.082131	0.180284
0.344842	0.564745	0.082419	0.181725
0.344866	0.564943	0.081901	0.183451
0.344758	0.563745	0.082810	0.181231
0.344953	0.563878	0.083374	0.180363
0.344596	0.563502	0.084158	0.182606
0.348556	0.560904	0.086577	0.180387
0.350079	0.560460	0.085675	0.181825
0.349817	0.560920	0.087829	0.180129
0.349726	0.556548	0.088985	0.181053
0.351123	0.557338	0.089787	0.182201
0.355302	0.556191	0.091714	0.181423
0.354518	0.554395	0.092965	0.181521
0.356327	0.553594	0.094470	0.180729
0.360300	0.553267	0.095761	0.181784
0.359395	0.551795	0.095028	0.180750
0.361455	0.551125	0.096471	0.180938
0.365098	0.551163	0.097876	0.182123
0.364813	0.549444	0.097486	0.181751
0.364908	0.549571	0.096194	0.182355
0.365020	0.549891	0.098517	0.182174
0.364666	0.550492	0.098382	0.183752
0.366537	0.548966	0.097392	0.182256
0.370183	0.549458	0.097426	0.181661
0.369870	0.549263	0.096506	0.181525
0.370042	0.550334	0.097378	0.181041
0.370044	0.549724	0.095843	0.181705
0.369693	0.549000	0.097812	0.181010
0.371657	0.548611	0.095801	0.182454
0.375332	0.547757	0.095704	0.180926
0.374852	0.547144	0.094399	0.181874
0.375243	0.546827	0.095977	0.180275
0.375034	0.545774	0.095642	0.182394
0.375077	0.544068	0.094358	0.180775
0.375225	0.543024	0.096471	0.180284
0.374864	0.541269	0.097094	0.181265
0.376561	0.540768	0.098552	0.181089
0.380083	0.538443	0.099480	0.182147
0.379464	0.537880	0.098299	0.180362
0.379856	0.535176	0.099478	0.181948
0.379548	0.533226	0.099401	0.181933
0.379830	0.530980	0.101301	0.182673
0.379673	0.530013	0.103446	0.181655
0.379768	0.526557	0.105568	0.181720
0.379568	0.526104	0.105563	0.181319
0.379847	0.522668	0.109218	0.179857
0.379590	0.521435	0.110728	0.181958
0.383614	0.521018	0.110292	0.182081
0.384612	0.518575	0.110255	0.181910
0.384396	0.519799	0.112330	0.182660
0.384607	0.516634	0.111865	0.181157
0.384455	0.518832	0.112524	0.180898
0.384529	0.518852	0.113268	0.181201
0.384503	0.519447	0.113040	0.182288
0.384468	0.520884	0.113673	0.181187
0.384518	0.520360	0.112462	0.181864
0.384548	0.521728	0.113859	0.182546
0.384429	0.522671	0.111386	0.181557
0.384488	0.524131	0.110753	0.182914
0.384460	0.523021	0.113296	0.181820
0.384514	0.523437	0.110895	0.181498
0.384558	0.524515	0.111741	0.182093
0.384437	0.523832	0.111490	0.180436
0.384465	0.524694	0.112058	0.181441
0.384463	0.523466	0.114120	0.181862
0.384391	0.522646	0.113058	0.181518
0.380442	0.521282	0.115072	0.182081
0.379536	0.521907	0.114646	0.181828
0.379762	0.520344	0.113914	0.180635
0.379563	0.518507	0.113751	0.182086
0.379702	0.517270	0.116331	0.181471
0.375685	0.517175	0.115458	0.180632
0.375066	0.516348	0.115310	0.182032
0.375151	0.517101	0.115221	0.181112
0.375027	0.518422	0.114656	0.181603
0.375126	0.520228	0.112907	0.180012
0.375091	0.523007	0.111022	0.181307
0.375179	0.523728	0.110357	0.180268
0.375146	0.528565	0.107958	0.180978
0.375133	0.531839	0.106918	0.181526
0.374983	0.532694	0.103126	0.180054
0.375170	0.533594	0.101550	0.180198
0.375080	0.536980	0.099604	0.181625
0.375158	0.538489	0.097745	0.180716
0.375093	0.540060	0.096348	0.179994
0.375188	0.540945	0.096410	0.180694
0.375036	0.541780	0.095024	0.180600
0.375257	0.540114	0.093185	0.182272
0.374899	0.539956	0.094200	0.181483
0.375537	0.539585	0.095740	0.181732
0.372738	0.540468	0.095102	0.181047
0.369622	0.538303	0.093827	0.181193
0.370314	0.537807	0.093962	0.181422
0.369874	0.537300	0.094435	0.180645
0.370162	0.535474	0.094651	0.181293
0.369934	0.535827	0.094677	0.180997
0.370163	0.533008	0.098764	0.181399
0.369982	0.532151	0.098379	0.181744
0.370024	0.529274	0.101706	0.181468
0.369895	0.528041	0.103270	0.182584
0.370104	0.525558	0.104223	0.182013
0.370236	0.523165	0.105335	0.182131
0.374839	0.521992	0.107695	0.182091
0.374973	0.520329	0.108439	0.183040
0.375327	0.519059	0.112293	0.181759
0.374699	0.515862	0.114579	0.182627
0.377472	0.514829	0.115502	0.181261
0.380024	0.515000	0.115930	0.182345
0.379494	0.511475	0.117569	0.181367
0.379837	0.509951	0.118912	0.181676
0.379612	0.509187	0.121971	0.181443
0.379817	0.508079	0.123768	0.180082
0.379737	0.506911	0.124405	0.181091
0.379793	0.505818	0.127614	0.179370
0.379609	0.502747	0.126955	0.183286
0.379737	0.501984	0.129204	0.181018
0.379645	0.499749	0.132502	0.182192
0.379729	0.498640	0.133282	0.182635
0.379674	0.497690	0.136176	0.180848
0.379739	0.497698	0.136434	0.180827
0.379727	0.499970	0.134827	0.181380
0.379718	0.499810	0.135340	0.182582
0.379708	0.503471	0.132297	0.181304
0.379698	0.505527	0.131215	0.181281
0.379674	0.507176	0.129521	0.182472
0.379595	0.513700	0.125306	0.181221
0.379672	0.514673	0.122212	0.182538
0.379714	0.518673	0.121005	0.181620
0.379726	0.522427	0.119484	0.183170
0.379598	0.525673	0.116067	0.181734
0.379817	0.529934	0.114435	0.181784
0.379190	0.532554	0.111685	0.182031
0.375131	0.537014	0.109304	0.182833
0.375105	0.539777	0.106981	0.180587
0.374983	0.542864	0.107526	0.179866
0.375198	0.546440	0.105487	0.181709
0.374449	0.547001	0.104920	0.180939
0.370171	0.549560	0.105250	0.181766
0.370125	0.549356	0.105766	0.183582
0.370039	0.550659	0.106173	0.180923
0.370032	0.552903	0.106044	0.181764
0.370057	0.555718	0.106493	0.181032
0.370046	0.558820	0.105896	0.182737
0.370038	0.559613	0.104440	0.181363
0.369985	0.564846	0.101773	0.180460
0.370103	0.564700	0.102864	0.180859
0.369849	0.568566	0.099910	0.181662
0.370099	0.571427	0.100892	0.181984
0.369940	0.572968	0.098621	0.182587
0.370148	0.573218	0.098831	0.182296
0.369765	0.574919	0.099677	0.180055
0.370900	0.576199	0.099154	0.183300
0.375081	0.575933	0.100000	0.181521
0.375125	0.578788	0.101788	0.182433
0.375109	0.577621	0.102318	0.180835
0.375239	0.577682	0.103914	0.183212
0.374965	0.576299	0.104141	0.183168
0.375821	0.576788	0.106504	0.181828
0.379747	0.575226	0.107531	0.181427
0.379655	0.574282	0.108730	0.182110
0.379817	0.574881	0.110693	0.182564
0.379657	0.571597	0.112647	0.181630
0.379716	0.573175	0.114822	0.181582
0.379663	0.572441	0.115687	0.182215
0.379760	0.570755	0.118449	0.183316
0.379689	0.569886	0.120293	0.182334
0.379748	0.567423	0.122527	0.181587
0.379672	0.566339	0.125355	0.181244
0.379638	0.564823	0.127245	0.181629
0.379713	0.562711	0.128132	0.183157
0.379701	0.560183	0.131541	0.183419
0.379772	0.561522	0.132234	0.183390
0.379800	0.556383	0.131579	0.182210
0.379689	0.558359	0.134188	0.182613
0.379732	0.558185	0.134546	0.181714
0.379644	0.558559	0.132903	0.182432
0.379757	0.557905	0.135246	0.182369
0.379652	0.556897	0.135838	0.182817
0.379846	0.557338	0.134358	0.182412
0.379580	0.557435	0.133839	0.181779
0.379983	0.558383	0.133227	0.184554
0.378614	0.558743	0.132363	0.182983
0.374917	0.560213	0.132243	0.182346
0.375182	0.560273	0.131574	0.183522
0.375070	0.560687	0.131923	0.181939
0.375228	0.561124	0.130711	0.183340
0.375074	0.562844	0.129017	0.180300
0.375167	0.563967	0.128553	0.182622
0.375121	0.563937	0.126309	0.183081
0.375090	0.564834	0.124889	0.181416
0.375096	0.565996	0.123840	0.182296
0.375139	0.565205	0.121381	0.184253
0.375059	0.566769	0.120363	0.181939
0.375069	0.567203	0.120500	0.181543
0.375121	0.566127	0.117709	0.183101
0.375162	0.567914	0.117003	0.181989
0.375059	0.567552	0.116994	0.182437
0.375113	0.567629	0.114837	0.180733
0.375075	0.566711	0.113501	0.182417
0.375141	0.566271	0.114792	0.182546
0.375061	0.566006	0.114382	0.182931
0.375194	0.567333	0.113283	0.183677
0.374892	0.566156	0.112422	0.182205
0.378332	0.565075	0.112093	0.182379
0.380084	0.564669	0.111094	0.181738
0.379514	0.563988	0.112822	0.183639
0.379955	0.562545	0.113851	0.181089
0.379420	0.562161	0.113526	0.181545
0.383512	0.561007	0.114187	0.180928
0.384674	0.557657	0.117519	0.182043
0.384432	0.557091	0.118100	0.180760
0.384493	0.555619	0.118299	0.178966
0.384636	0.555027	0.118884	0.181298
0.384349	0.553932	0.120750	0.181063
0.388323	0.550901	0.123187	0.182566
0.389787	0.551119	0.121723	0.181618
0.389255	0.548262	0.123356	0.181988
0.389550	0.546055	0.124293	0.183762
0.389407	0.544239	0.128988	0.182272
0.389393	0.542126	0.127904	0.182895
0.389416	0.541244	0.131854	0.183057
0.389452	0.537907	0.133872	0.182558
0.389466	0.536613	0.134119	0.181591
0.389384	0.533609	0.133536	0.182272
0.389527	0.531745	0.135475	0.183632
0.389440	0.530923	0.138675	0.181808
0.389541	0.529809	0.138584	0.182772
0.389401	0.529003	0.139063	0.182137
0.389573	0.527035	0.142170	0.182272
0.389364	0.524951	0.142775	0.179963
0.389664	0.525684	0.144030	0.181160
0.385242	0.522865	0.144060	0.182282
0.384494	0.522370	0.144674	0.181296
0.384458	0.521353	0.144871	0.181824
0.384776	0.520470	0.144895	0.181875
0.382776	0.522047	0.145595	0.182458
0.379367	0.520164	0.146237	0.180606
0.379867	0.519621	0.148004	0.180752
0.379551	0.519000	0.146882	0.180721
0.376016	0.518935	0.150345	0.182146
0.374853	0.519944	0.149900	0.182577
0.375190	0.519990	0.149461	0.180892
0.370740	0.518444	0.149708	0.182547
0.369875	0.519228	0.149839	0.181268
0.370121	0.517925	0.150660	0.181224
0.365653	0.518775	0.150628	0.181551
0.365170	0.517671	0.151830	0.181935
0.363181	0.518188	0.150915	0.181531
0.359290	0.518955	0.150640	0.181690
0.360270	0.519631	0.150418	0.182618
0.355208	0.517785	0.147958	0.181159
0.355340	0.518013	0.148486	0.181334
0.352697	0.518637	0.148689	0.181370
0.349545	0.519442	0.149340	0.180914
0.350062	0.519366	0.151181	0.181890
0.349599	0.519152	0.149052	0.181448
0.345483	0.519230	0.150266	0.180329
0.344631	0.520070	0.150408	0.181437
0.345002	0.518627	0.149203	0.182869
0.344632	0.519036	0.147692	0.181977
0.340460	0.517588	0.147968	0.182458
0.339624	0.517771	0.148849	0.181973
0.339817	0.517370	0.148262	0.181040
0.339519	0.516055	0.147570	0.181478
0.335401	0.515453	0.147564	0.180839
0.334521	0.514030	0.146061	0.182066
0.334918	0.513843	0.145888	0.181161
0.334382	0.511853	0.145954	0.181884
0.330582	0.509702	0.147326	0.181461
0.329791	0.508777	0.147484	0.182007
0.330206	0.506767	0.148820	0.182316
0.329654	0.504356	0.150178	0.180183
0.325584	0.503511	0.148923	0.181116
0.324557	0.501305	0.151289	0.181132
0.325454	0.502113	0.150766	0.183321
0.322663	0.500437	0.151834	0.180371
0.319452	0.498791	0.151305	0.181928
0.320107	0.499830	0.153141	0.179472
0.319753	0.497899	0.152133	0.180932
0.319790	0.496165	0.151785	0.181030
0.315149	0.496176	0.152202	0.181870
0.314943	0.496070	0.153063	0.181712
0.314764	0.495234	0.153671	0.182334
0.315293	0.493399	0.153891	0.180852
0.312532	0.494090	0.155937	0.180346
0.309446	0.494498	0.154373	0.180518
0.310224	0.494587	0.152833	0.179099
0.309584	0.492345	0.153481	0.180947
0.310417	0.491178	0.154188	0.181720
0.307293	0.492203	0.155774	0.181190
0.304456	0.492101	0.154498	0.181218
0.304964	0.491188	0.156648	0.180428
0.304700	0.492504	0.154444	0.182038
0.304552	0.493230	0.155431	0.181561
0.299845	0.493076	0.156329	0.181949
0.299873	0.494241	0.155794	0.180919
0.299455	0.497333	0.154909	0.180760
0.300273	0.500723	0.153575	0.181145
0.296987	0.501608	0.154155	0.180159
0.294436	0.504101	0.152456	0.179096
0.294841	0.507088	0.151860	0.180124
0.294696	0.508694	0.150558	0.181377
0.294622	0.511423	0.149349	0.179158
0.295049	0.513322	0.147303	0.180402
0.292137	0.516430	0.146990	0.180448
0.289296	0.516430	0.146273	0.180430
0.289928	0.518277	0.145618	0.181302
0.289430	0.520711	0.143721	0.179702
0.289945	0.522063	0.143467	0.180125
0.289123	0.523191	0.142327	0.180383
0.284873	0.525089	0.140913	0.181553
0.284824	0.525917	0.142127	0.179734
0.284530	0.525301	0.142424	0.178689
0.284990	0.528760	0.139686	0.181329
0.282012	0.530127	0.142219	0.179073
0.279435	0.531556	0.141427	0.181038
0.280295	0.530013	0.141882	0.181010
0.279213	0.532064	0.142763	0.180387
0.275143	0.530617	0.142812	0.181152
0.274829	0.528384	0.143233	0.181127
0.274931	0.529874	0.145239	0.181117
0.274822	0.532368	0.145245	0.179857
0.274932	0.534081	0.143072	0.181434
0.274809	0.534410	0.141795	0.181076
0.274907	0.537464	0.140242	0.180391
0.274925	0.539630	0.139825	0.181630
0.274905	0.539367	0.138904	0.181843
0.274912	0.543086	0.137619	0.180977
0.274901	0.545311	0.134700	0.180700
0.274902	0.549060	0.131802	0.179203
0.274954	0.550188	0.130189	0.180695
0.274833	0.552267	0.128066	0.178667
0.274946	0.554178	0.125850	0.179873
0.274940	0.556415	0.122014	0.180803
0.274910	0.560109	0.119862	0.178484
0.274949	0.560339	0.115746	0.181414
0.274920	0.564013	0.114940	0.179590
0.274964	0.565187	0.113503	0.179247
0.274903	0.567477	0.112147	0.179590
0.274924	0.568910	0.109602	0.180958
0.274916	0.569327	0.106640	0.180265
0.274916	0.572025	0.105442	0.179059
0.274885	0.571481	0.104868	0.178686
0.274991	0.571789	0.103772	0.179370
0.274793	0.573351	0.101192	0.179659
0.274969	0.574156	0.099834	0.178286
0.274757	0.574589	0.099684	0.180403
0.275801	0.576006	0.098567	0.180913
0.279996	0.575231	0.098185	0.180052
0.279807	0.575633	0.097862	0.181469
0.280016	0.577947	0.095290	0.178877
0.279707	0.578016	0.095425	0.180673
0.282835	0.578731	0.094485	0.180054
0.285265	0.577149	0.093871	0.179719
0.283968	0.580051	0.092392	0.181427
0.288154	0.579476	0.091238	0.179142
0.289589	0.579202	0.091788	0.180561
0.292982	0.580983	0.090767	0.179459
0.294964	0.580866	0.089412	0.179798
0.295522	0.579606	0.089244	0.179704
0.300170	0.578285	0.088913	0.181765
0.299289	0.580124	0.088348	0.182143
0.303316	0.578543	0.088623	0.178741
0.305221	0.577547	0.086258	0.180966
0.304369	0.576202	0.087049	0.180716
0.308334	0.575598	0.085055	0.180483
0.310309	0.577152	0.086884	0.179951
0.309589	0.574790	0.084699	0.181374
0.313348	0.572843	0.085726	0.181479
0.315429	0.570174	0.086495	0.180759
0.314399	0.569605	0.088174	0.181279
0.318669	0.566316	0.090763	0.180092
0.319822	0.567658	0.090065	0.181824
0.321079	0.566815	0.091998	0.180007
0.325189	0.566116	0.090357	0.181521
0.324897	0.565911	0.090698	0.180371
0.324948	0.567412	0.089945	0.180397
0.328370	0.565408	0.089989	0.180902
0.330547	0.565061	0.091677	0.182007
0.329419	0.563446	0.092613	0.181203
0.331374	0.564233	0.094399	0.180964
0.334923	0.564291	0.094495	0.181264
0.334542	0.562888	0.096304	0.179921
0.338266	0.562216	0.098205	0.180423
0.340280	0.560011	0.098777	0.181456
0.339183	0.561207	0.099214	0.179975
0.341215	0.558635	0.100383	0.182207
0.344927	0.557671	0.102687	0.181804
0.344797	0.558297	0.103479	0.180214
0.344751	0.557337	0.104819	0.181973
0.348512	0.556723	0.105092	0.182848
0.350227	0.558745	0.105635	0.182219
0.349603	0.555930	0.107504	0.182774
0.350166	0.556753	0.108473	0.181501
0.349574	0.556301	0.109209	0.181447
0.351429	0.555582	0.110437	0.181725
0.355169	0.555469	0.110928	0.180550
0.354704	0.553540	0.112524	0.181535
0.355041	0.552598	0.113583	0.182616
0.354787	0.551934	0.116533	0.181457
0.354996	0.552494	0.117138	0.180772
0.354721	0.550985	0.118506	0.182747
0.358789	0.553906	0.120300	0.180961
0.360076	0.551341	0.118794	0.182622
0.359792	0.550805	0.117915	0.181400
0.359915	0.551493	0.120345	0.181056
0.359727	0.550023	0.119639	0.182086
0.359936	0.549566	0.120130	0.180695
0.359940	0.548937	0.120813	0.183374
0.359800	0.546523	0.122088	0.182881
0.359968	0.547636	0.122064	0.180342
0.359798	0.547741	0.122740	0.181770
0.359982	0.546627	0.123974	0.179669
0.359776	0.547055	0.122161	0.183602
0.364000	0.546569	0.121753	0.181166
0.365256	0.546979	0.121724	0.180473
0.364840	0.548050	0.121279	0.180720
0.364990	0.548442	0.117429	0.180435
0.364988	0.547926	0.117739	0.181478
0.365019	0.548993	0.117705	0.182330
0.364912	0.550009	0.118313	0.182916
0.365031	0.548827	0.117962	0.180307
0.364930	0.547582	0.116409	0.182571
0.365021	0.548534	0.117016	0.181501
0.364951	0.548428	0.117061	0.182452
0.364962	0.547121	0.116038	0.181848
0.364868	0.545858	0.117343	0.183205
0.364938	0.545180	0.117031	0.182854
0.365070	0.542914	0.119250	0.180616
0.364963	0.543973	0.118383	0.182008
0.365004	0.541322	0.119141	0.181799
0.364946	0.539384	0.120058	0.183058
0.364972	0.538049	0.120569	0.181632
0.364975	0.534720	0.123135	0.181134
0.365001	0.533669	0.123283	0.182592
0.365012	0.529717	0.124286	0.181794
0.364938	0.528826	0.126878	0.181983
0.365032	0.526911	0.128534	0.182063
0.364961	0.522944	0.128564	0.181226
0.365004	0.523544	0.132519	0.182334
0.364995	0.520075	0.133733	0.182289
0.365047	0.519100	0.134828	0.180863
0.364970	0.516761	0.134222	0.181355
0.364985	0.515992	0.134237	0.182158
0.365091	0.516268	0.136770	0.180418
0.369333	0.516209	0.136648	0.182886
0.370211	0.515937	0.138232	0.181276
0.369914	0.515032	0.137265	0.182214
0.370128	0.514948	0.136296	0.180757
0.369945	0.514662	0.135672	0.182200
0.370033	0.513416	0.133982	0.182344
0.370038	0.515702	0.133427	0.182430
0.369978	0.515032	0.132899	0.183262
0.370012	0.515867	0.130563	0.181816
0.369886	0.517272	0.131084	0.183168
0.369978	0.516004	0.129186	0.180703
0.370020	0.516210	0.127619	0.182682
0.369752	0.518872	0.128150	0.181884
0.365444	0.520074	0.124927	0.183144
0.364847	0.520448	0.123591	0.181816
0.364996	0.521360	0.120846	0.182113
0.364887	0.524070	0.119060	0.182037
0.365025	0.524347	0.117429	0.183047
0.364948	0.524891	0.115040	0.182080
0.364968	0.526326	0.113786	0.181982
0.364922	0.527904	0.111574	0.180964
0.365088	0.530140	0.110634	0.180636
0.364976	0.529963	0.108245	0.181082
0.364936	0.535127	0.105400	0.181048
0.364962	0.535517	0.102877	0.181405
0.364980	0.538227	0.099574	0.181657
0.364924	0.540401	0.098416	0.181988
0.364971	0.541129	0.095051	0.181317
0.365005	0.541443	0.094592	0.181162
0.365005	0.543439	0.094548	0.180820
0.364902	0.543815	0.091399	0.181269
0.365017	0.545431	0.092044	0.181558
0.364924	0.545718	0.090818	0.180465
0.365042	0.545898	0.089405	0.180190
0.364810	0.546449	0.090862	0.182185
0.365200	0.546823	0.088425	0.179931
0.364537	0.545584	0.088005	0.180386
0.367634	0.546704	0.088435	0.179799
0.370491	0.545131	0.086901	0.180572
0.369793	0.548352	0.086617	0.182474
0.370153	0.545671	0.087337	0.180528
0.369831	0.546480	0.086629	0.179080
0.370112	0.545404	0.086981	0.182004
0.369928	0.545605	0.084887	0.180466
0.370151	0.545510	0.086938	0.181458
0.369954	0.544831	0.087861	0.180743
0.370118	0.541673	0.086679	0.180546
0.369982	0.541616	0.088306	0.181271
0.370103	0.539248	0.088027	0.183451
0.369821	0.537934	0.091345	0.179459
0.370617	0.539331	0.093928	0.181454
0.374914	0.535822	0.094651	0.179891
0.375079	0.535624	0.095073	0.182532
0.375080	0.532910	0.096904	0.181820
0.375029	0.530983	0.096522	0.180970
0.375086	0.530530	0.096799	0.182516
0.375121	0.528645	0.099765	0.181283
0.375080	0.527209	0.098852	0.180522
0.375011	0.524942	0.101769	0.180690
0.375072	0.524290	0.102970	0.183017
0.375121	0.523057	0.105319	0.182653
0.375136	0.521490	0.108362	0.183767
0.375096	0.520337	0.109942	0.181833
0.375128	0.520495	0.109933	0.182161
0.375143	0.518663	0.109289	0.180928
0.375123	0.521232	0.109619	0.181884
0.375072	0.523291	0.109604	0.181286
0.375180	0.523130	0.108827	0.181055
0.375145	0.526433	0.107591	0.182360
0.375101	0.529820	0.107253	0.181680
0.375109	0.529800	0.107384	0.182879
0.375106	0.531467	0.105848	0.182184
0.375024	0.533732	0.104166	0.182091
0.375148	0.535460	0.105334	0.182921
0.375085	0.537582	0.104451	0.180698
0.375247	0.539372	0.105533	0.183126
0.375066	0.541666	0.104870	0.181010
0.375182	0.543626	0.104500	0.182013
0.375010	0.543376	0.103312	0.183156
0.375345	0.546364	0.102984	0.180472
0.374247	0.547996	0.101965	0.181033
0.370017	0.551416	0.103199	0.181362
0.370057	0.551174	0.101979	0.181833
0.370027	0.551157	0.102886	0.180901
0.370018	0.552885	0.104141	0.181433
0.370098	0.553760	0.104574	0.180605
0.369961	0.554185	0.106652	0.181695
0.370073	0.553912	0.105025	0.181131
0.369965	0.553145	0.106720	0.182587
0.370200	0.553089	0.106600	0.181261
0.369702	0.554213	0.107176	0.180463
0.373383	0.553331	0.108495	0.180813
0.375540	0.553168	0.110712	0.180716
0.374825	0.552489	0.110679	0.182239
0.375304	0.550073	0.113162	0.181710
0.374886	0.550048	0.114948	0.181218
0.375370	0.548191	0.117241	0.181610
0.374750	0.544774	0.118517	0.182940
0.378239	0.543917	0.122072	0.181991
0.380126	0.541326	0.123190	0.180961
0.379525	0.539178	0.126512	0.183025
0.379827	0.537867	0.130319	0.181407
0.379637	0.533893	0.131927	0.181558
0.379798	0.532559	0.138643	0.181927
0.379604	0.529112	0.138929	0.182938
0.379792	0.527266	0.141652	0.182275
0.379538	0.525315	0.145064	0.181714
0.379846	0.522531	0.148376	0.182549
0.379470	0.519607	0.149633	0.180224
0.380002	0.517009	0.151581	0.183156
0.376404	0.514816	0.154347	0.180522
0.374891	0.514391	0.156858	0.182320
0.375228	0.512073	0.157689	0.183098
0.375077	0.510392	0.159189	0.180934
0.374987	0.511142	0.160065	0.182815
0.375219	0.508516	0.161269	0.181702
0.373969	0.507864	0.161952	0.181709
0.369707	0.507959	0.163414	0.181969
0.370498	0.507274	0.161129	0.182489
0.368716	0.508010	0.161865	0.180572
0.364664	0.507876	0.160215	0.182534
0.365459	0.510000	0.159597	0.182425
0.363541	0.509060	0.157432	0.181161
0.359835	0.511471	0.156422	0.180323
0.358838	0.513208	0.154000	0.180580
0.354294	0.515458	0.152333	0.181466
0.355505	0.518667	0.149266	0.181616
0.350733	0.519016	0.147595	0.181964
0.350019	0.520836	0.145955	0.181972
0.348403	0.523279	0.142467	0.180850
0.344775	0.525380	0.138767	0.181764
0.343680	0.524311	0.137975	0.181702
0.339071	0.527251	0.134642	0.181298
0.340386	0.528780	0.132722	0.181755
0.338157	0.530483	0.132294	0.181582
0.334578	0.530393	0.128976	0.180418
0.334635	0.530363	0.128480	0.180838
0.334655	0.532011	0.127326	0.181195
0.334604	0.533248	0.124269	0.180845
0.334706	0.534842	0.122834	0.182789
0.334620	0.534590	0.121931	0.181928
0.334788	0.535838	0.119681	0.180907
0.334632	0.536881	0.117497	0.182122
0.334859	0.537015	0.117405	0.181090
0.334551	0.536424	0.116546	0.181249
0.334861	0.535519	0.116604	0.180931
0.334321	0.536428	0.116052	0.181908
0.336319	0.534663	0.115886	0.180995
0.340028	0.535107	0.114133	0.180214
0.339702	0.535620	0.117145	0.181902
0.339758	0.535021	0.115164	0.181580
0.343690	0.534434	0.112326	0.180805
0.345095	0.535528	0.112477	0.180120
0.344630	0.535489	0.110509	0.179788
0.344856	0.535614	0.112272	0.180576
0.348709	0.534672	0.112782	0.181114
0.350196	0.535230	0.109525	0.179982
0.349525	0.535450	0.110402	0.181384
0.350172	0.535657	0.109577	0.180873
0.349439	0.535971	0.111205	0.181623
0.351700	0.535293	0.110542	0.180384
0.355238	0.535986	0.110080	0.181952
0.354802	0.535280	0.111381	0.180954
0.354981	0.532929	0.112036	0.180609
0.354868	0.532079	0.111032	0.181825
0.354930	0.532783	0.110473	0.181268
0.354936	0.534679	0.108896	0.181302
0.354957	0.531750	0.108218	0.180688
0.354869	0.533788	0.108452	0.181634
0.354948	0.534295	0.108649	0.180397
0.354909	0.532956	0.109931	0.181456
0.354958	0.532087	0.107517	0.180864
0.354953	0.531526	0.109139	0.181835
0.359106	0.531093	0.109967	0.182553
0.360094	0.529595	0.110985	0.181075
0.359827	0.527767	0.110065	0.181572
0.360013	0.526601	0.112485	0.181205
0.359904	0.525605	0.113006	0.182425
0.359918	0.524325	0.114499	0.181862
0.359904	0.523620	0.114844	0.181595
0.364289	0.521119	0.116576	0.182234
0.365085	0.519702	0.118969	0.181665
0.364919	0.519271	0.120970	0.182102
0.365030	0.516075	0.123036	0.181155
0.365029	0.514748	0.123927	0.182324
0.365001	0.512402	0.125128	0.181276
0.364986	0.509593	0.127010	0.181730
0.365006	0.509590	0.129156	0.182591
0.365182	0.505249	0.131337	0.181367
0.369426	0.505195	0.133917	0.181362
0.370181	0.502750	0.134198	0.181377
0.369921	0.501025	0.138873	0.181884
0.370103	0.499617	0.140140	0.180754
0.369968	0.498903	0.144432	0.182650
0.370077	0.495743	0.144354	0.182745
0.370040	0.493982	0.147432	0.182623
0.370057	0.494066	0.147739	0.181746
0.370040	0.492820	0.148899	0.180901
0.370034	0.492341	0.148738	0.183364
0.370087	0.493595	0.149426	0.182529
0.370029	0.491804	0.149182	0.181345
0.370058	0.492615	0.149830	0.181646
0.370074	0.493214	0.150365	0.182774
0.370077	0.491867	0.149796	0.182810
0.370074	0.491415	0.151470	0.182053
0.370102	0.492548	0.148431	0.182856
0.369783	0.493126	0.149461	0.181338
0.365449	0.492784	0.147867	0.181750
0.364921	0.491787	0.148567	0.182438
0.365011	0.492947	0.148292	0.181655
0.364933	0.491138	0.147964	0.182217
0.364785	0.491183	0.147746	0.181299
0.360161	0.491666	0.149052	0.182749
0.360033	0.490632	0.146803	0.181771
0.359659	0.492397	0.146881	0.182184
0.360332	0.491419	0.146817	0.181545
0.357403	0.490703	0.146489	0.181715
0.354603	0.491400	0.147355	0.180470
0.355121	0.490813	0.144708	0.181402
0.354861	0.490457	0.145344	0.182097
0.354608	0.490903	0.143318	0.181758
0.350155	0.490383	0.142537	0.182517
0.349928	0.492395	0.143972	0.181300
0.349832	0.490973	0.141436	0.182578
0.349896	0.490418	0.141349	0.180922
0.349916	0.491046	0.139477	0.183119
0.349929	0.489895	0.136531	0.180213
0.349878	0.489763	0.138632	0.181397
0.349861	0.490446	0.135741	0.181897
0.350018	0.487503	0.136137	0.181313
0.349373	0.487343	0.135063	0.183034
0.345101	0.486094	0.134516	0.179994
0.344847	0.485412	0.134172	0.182216
0.344873	0.482479	0.134707	0.180550
0.344839	0.479584	0.133373	0.180383
0.344869	0.479233	0.134667	0.180789
0.344901	0.479974	0.135529	0.181274
0.344833	0.477707	0.133699	0.182418
0.344729	0.478848	0.134632	0.179524
0.344844	0.477899	0.132795	0.181047
0.344724	0.479617	0.130442	0.180534
0.344920	0.478490	0.130041	0.182607
0.344726	0.478865	0.131863	0.181763
0.344938	0.480152	0.130400	0.181255
0.344681	0.479879	0.131261	0.181193
0.345001	0.480726	0.131640	0.180389
0.344536	0.480298	0.129618	0.182204
0.345291	0.481561	0.128419	0.181134
0.341830	0.481230	0.128226	0.180298
0.339417	0.482495	0.128280	0.181002
0.339844	0.483684	0.127177	0.181798
0.339654	0.485581	0.125738	0.181104
0.339821	0.487173	0.124395	0.180203
0.339781	0.488280	0.123034	0.181727
0.339805	0.488384	0.121037	0.181551
0.339810	0.490867	0.121343	0.181166
0.339551	0.490570	0.121735	0.180362
0.340136	0.490694	0.121476	0.179902
0.336714	0.490138	0.121999	0.180635
0.334274	0.489286	0.122956	0.180565
0.334928	0.488424	0.124145	0.181424
0.334473	0.489354	0.123807	0.180733
0.334826	0.488772	0.124441	0.181716
0.334640	0.488664	0.127102	0.180631
0.334792	0.486263	0.125107	0.181156
0.334689	0.486795	0.127053	0.179797
0.334730	0.485195	0.129261	0.180475
0.334600	0.483685	0.130373	0.180461
0.334789	0.482197	0.130521	0.181642
0.334705	0.482392	0.132644	0.181661
0.334728	0.479027	0.135882	0.180208
0.334661	0.477846	0.137914	0.180554
0.334688	0.476572	0.139933	0.178827
0.334609	0.474786	0.141086	0.181588
0.334723	0.473398	0.142393	0.180561
0.334622	0.472235	0.142805	0.180675
0.334803	0.472603	0.143363	0.180629
0.334655	0.469904	0.146444	0.180884
0.334769	0.468079	0.144194	0.181646
0.334591	0.465704	0.144714	0.179281
0.334852	0.467240	0.146137	0.180455
0.334387	0.464030	0.148954	0.181801
0.335781	0.464331	0.148587	0.180779
0.339805	0.464469	0.149108	0.180840
0.339720	0.461195	0.152240	0.181121
0.339738	0.460113	0.153245	0.181028
0.339676	0.457688	0.153507	0.181332
0.339726	0.456178	0.153537	0.180729
0.339870	0.454450	0.156354	0.181209
0.339666	0.452707	0.157744	0.181344
0.340022	0.451843	0.158073	0.180159
0.338622	0.450566	0.160706	0.181223
0.334478	0.449865	0.159948	0.181464
0.334853	0.450243	0.160523	0.181550
0.334522	0.449500	0.159132	0.182752
0.334739	0.450056	0.159563	0.180794
0.334619	0.451968	0.157569	0.183271
0.334809	0.452047	0.157967	0.180913
0.334680	0.453530	0.158196	0.181567
0.334753	0.457826	0.156447	0.181908
0.334690	0.458612	0.155394	0.181408
0.334728	0.461260	0.153250	0.180795
0.334676	0.464050	0.151645	0.181478
0.334739	0.467899	0.149191	0.181563
0.334609	0.470634	0.149192	0.180688
0.334802	0.472402	0.147891	0.182603
0.334655	0.477980	0.146442	0.182686
0.334868	0.481800	0.145337	0.179862
0.334536	0.486080	0.141842	0.180595
0.335017	0.490002	0.141944	0.182214
0.331312	0.493339	0.140180	0.183324
0.329800	0.496251	0.138231	0.182157
0.330174	0.501052	0.136674	0.181730
0.329965	0.504097	0.136354	0.183182
0.330106	0.507280	0.134793	0.183066
0.329942	0.511423	0.133141	0.180876
0.330043	0.514267	0.134111	0.181690
0.330048	0.517745	0.132882	0.181665
0.329975	0.520874	0.131378	0.181169
0.330132	0.525469	0.128226	0.181447
0.330000	0.526167	0.129096	0.182633
0.330148	0.528849	0.127380	0.180852
0.329933	0.531731	0.125557	0.181952
0.330210	0.533300	0.123914	0.181466
0.329689	0.535514	0.123845	0.181726
0.331473	0.537241	0.124330	0.181826
0.334862	0.538740	0.123025	0.181799
0.334645	0.540705	0.124196	0.181538
0.334531	0.543253	0.120231	0.183307
0.336100	0.545622	0.121843	0.181989
0.340221	0.547651	0.119586	0.181712
0.339333	0.550079	0.119698	0.181111
0.340047	0.550985	0.119739	0.182711
0.339474	0.552649	0.117469	0.183069
0.343885	0.556493	0.117717	0.181567
0.344856	0.556763	0.117563	0.182112
0.344928	0.559061	0.117623	0.181026
0.344562	0.560998	0.114669	0.181422
0.346448	0.562285	0.115240	0.181945
0.350260	0.563712	0.113604	0.182310
0.349679	0.563505	0.114080	0.182588
0.349985	0.565953	0.114380	0.183399
0.349753	0.565859	0.112837	0.183152
0.350066	0.566553	0.114251	0.180932
0.349727	0.569189	0.114469	0.182333
0.349965	0.569802	0.115268	0.182282
0.349894	0.568483	0.114929	0.182848
0.354014	0.571124	0.116391	0.182022
0.355147	0.570696	0.115093	0.182383
0.354734	0.572392	0.116104	0.181903
0.355062	0.570034	0.116972	0.182179
0.354803	0.569586	0.115520	0.183003
0.355011	0.569061	0.117333	0.181066
0.354726	0.568568	0.119800	0.182081
0.355188	0.568136	0.119373	0.179482
0.354508	0.567514	0.120183	0.182172
0.356747	0.568085	0.122826	0.182574
0.360259	0.566594	0.122758	0.181870
0.359687	0.566431	0.122039	0.183267
0.359945	0.566174	0.121585	0.180760
0.359757	0.563964	0.123683	0.182500
0.359967	0.564704	0.125433	0.182041
0.359814	0.564371	0.127505	0.182686
0.359905	0.563306	0.125889	0.183434
0.359886	0.561376	0.127548	0.183480
0.359948	0.560486	0.127698	0.182393
0.359855	0.559175	0.126179	0.182351
0.359890	0.557755	0.128208	0.183007
0.359884	0.556946	0.129519	0.182448
0.359880	0.554684	0.130004	0.182381
0.359815	0.553565	0.128386	0.183039
0.359807	0.551232	0.130229	0.183998
0.359882	0.549981	0.130404	0.182889
0.359944	0.549651	0.132264	0.182019
0.359891	0.548053	0.130893	0.181537
0.359905	0.545736	0.132339	0.181395
0.359857	0.546305	0.130422	0.183922
0.359876	0.543984	0.133596	0.183213
0.359874	0.544262	0.134282	0.182589
0.359920	0.542107	0.134972	0.181945
0.359793	0.540938	0.133233	0.184090
0.359859	0.539321	0.133961	0.183584
0.359891	0.537095	0.135051	0.181885
0.359831	0.535991	0.134456	0.182143
0.359896	0.535247	0.135858	0.182044
0.359929	0.535619	0.135845	0.181466
0.359921	0.533299	0.135813	0.181625
0.359914	0.532016	0.135358	0.181738
0.359849	0.531904	0.136435	0.181578
0.359928	0.532894	0.137643	0.181933
0.359842	0.530463	0.136565	0.181715
0.359919	0.533171	0.135835	0.181702
0.359872	0.530123	0.135723	0.182274
0.359872	0.531183	0.135155	0.180768
0.359852	0.531315	0.134598	0.181620
0.359814	0.529820	0.136067	0.181630
0.359866	0.528710	0.135640	0.180991
0.359990	0.530589	0.135350	0.180398
0.359839	0.529099	0.135343	0.180332
0.359943	0.529622	0.134644	0.180701
0.359893	0.529190	0.135589	0.182221
0.359580	0.528030	0.133076	0.182812
0.355246	0.528759	0.135751	0.181426
0.354962	0.528546	0.134487	0.180516
0.354795	0.527347	0.133880	0.182328
0.354996	0.525906	0.134559	0.182167
0.354716	0.526155	0.135016	0.181942
0.355342	0.524798	0.135613	0.182189
0.352302	0.524639	0.136618	0.182608
0.349440	0.522459	0.138231	0.183144
0.350088	0.524874	0.138347	0.182735
0.349741	0.522919	0.135981	0.181659
0.350037	0.524818	0.135509	0.181255
0.349781	0.523591	0.134466	0.182135
0.350007	0.523553	0.135899	0.181467
0.349791	0.524005	0.135165	0.182403
0.349915	0.522563	0.134794	0.181839
0.349855	0.523853	0.135798	0.183976
0.349898	0.521804	0.136275	0.181724
0.349782	0.521189	0.135807	0.183185
0.349969	0.522246	0.136281	0.183263
0.349846	0.522888	0.136677	0.182374
0.349862	0.522335	0.137539	0.182672
0.349824	0.522049	0.138698	0.182004
0.349914	0.522137	0.139868	0.181773
0.349793	0.520401	0.138848	0.181967
0.350031	0.522272	0.140257	0.183017
0.349302	0.522553	0.140591	0.182135
0.344992	0.521405	0.141368	0.183347
0.344849	0.520047	0.143842	0.181660
0.344749	0.520947	0.142898	0.183474
0.344902	0.520536	0.145223	0.180481
0.344863	0.521408	0.145490	0.181140
0.344830	0.521612	0.147892	0.182241
0.344805	0.522411	0.147426	0.182464
0.344824	0.520876	0.147912	0.182601
0.344777	0.520425	0.151221	0.182254
0.344780	0.522411	0.152888	0.182693
0.344849	0.520869	0.153547	0.182437
0.344873	0.521288	0.154577	0.182257
0.344824	0.523188	0.157152	0.183058
0.344790	0.521663	0.157762	0.183948
0.344827	0.521835	0.157693	0.182128
0.344912	0.521557	0.161064	0.183261
0.344755	0.523036	0.160108	0.183152
0.344961	0.522878	0.159955	0.182854
0.344772	0.521484	0.162286	0.182665
0.344925	0.522027	0.161378	0.183524
0.344621	0.523101	0.161735	0.183762
0.345223	0.520689	0.161193	0.182662
0.341551	0.522916	0.160809	0.182019
0.339388	0.522527	0.161477	0.183181
0.339883	0.521969	0.161492	0.180506
0.339657	0.521133	0.161554	0.183522
0.339814	0.518919	0.162564	0.182232
0.339772	0.519492	0.161751	0.183607
0.339659	0.517757	0.162749	0.181621
0.340023	0.515882	0.163388	0.182916
0.336560	0.515647	0.162944	0.182449
0.334271	0.515933	0.164494	0.182140
0.335066	0.514958	0.162821	0.183057
0.334385	0.514905	0.163583	0.182617
0.335042	0.512355	0.164377	0.183404
0.333613	0.511790	0.163952	0.182311
0.330155	0.511415	0.164516	0.182288
0.329984	0.512402	0.165434	0.181943
0.330095	0.511174	0.165975	0.182512
0.329920	0.509993	0.164332	0.182562
0.330271	0.510248	0.165125	0.182304
0.328913	0.510015	0.163665	0.181154
0.324864	0.511009	0.163941	0.181511
0.325024	0.509327	0.163521	0.182368
0.324999	0.510675	0.163583	0.180674
0.324888	0.509150	0.162200	0.181907
0.325019	0.511421	0.162952	0.182542
0.324783	0.512307	0.162922	0.181998
0.325263	0.514550	0.161980	0.182017
0.321454	0.515728	0.161018	0.181439
0.319626	0.516815	0.157622	0.183451
0.320044	0.517138	0.157022	0.179635
0.319839	0.519507	0.156037	0.181989
0.319955	0.523486	0.155000	0.183390
0.319915	0.524250	0.151636	0.181873
0.319807	0.528538	0.149705	0.181390
0.320122	0.530232	0.149599	0.181729
0.316357	0.531908	0.147157	0.180731
0.314557	0.535509	0.144398	0.181032
0.315232	0.536205	0.143195	0.182599
0.314752	0.537543	0.141414	0.181087
0.315201	0.539780	0.139786	0.181661
0.314636	0.542475	0.136253	0.181650
0.315306	0.543021	0.136243	0.180817
0.313610	0.545881	0.133977	0.182985
0.309735	0.547299	0.132577	0.181201
0.310042	0.546044	0.130468	0.181290
0.309856	0.549469	0.130142	0.181905
0.309845	0.549762	0.128834	0.180653
0.309909	0.550866	0.126082	0.181744
0.309933	0.551480	0.125810	0.179319
0.309864	0.554309	0.123694	0.180944
0.309901	0.554034	0.123198	0.181238
0.309890	0.554941	0.121620	0.180844
0.309983	0.556723	0.118938	0.180096
0.309835	0.558738	0.120174	0.180873
0.309978	0.559054	0.117682	0.180179
0.309722	0.561060	0.115177	0.181800
0.313662	0.561438	0.115569	0.180774
0.315188	0.560455	0.114412	0.181620
0.314793	0.561288	0.114425	0.182013
0.315113	0.560650	0.112470	0.180569
0.314808	0.560202	0.113746	0.181408
0.315046	0.560147	0.112709	0.183083
0.314799	0.561333	0.113098	0.181142
0.315172	0.562127	0.112578	0.180342
0.314646	0.561110	0.111316	0.181294
0.318835	0.562322	0.112358	0.182363
0.320100	0.560453	0.110683	0.181305
0.319731	0.561753	0.111887	0.181568
0.319940	0.563625	0.110294	0.181063
0.319972	0.561167	0.112081	0.182286
0.319955	0.562247	0.112853	0.181068
0.319817	0.561395	0.114042	0.182851
0.319968	0.560845	0.114434	0.182038
0.319863	0.559387	0.115393	0.182350
0.319955	0.559121	0.115290	0.183381
0.319763	0.559856	0.115519	0.182093
0.323780	0.559128	0.115644	0.183314
0.325268	0.558410	0.115978	0.181053
0.324674	0.557181	0.118290	0.182236
0.325214	0.557951	0.119112	0.181427
0.324550	0.557115	0.119517	0.181384
0.326772	0.556758	0.122636	0.182090
0.330362	0.555360	0.121351	0.181146
0.329896	0.554667	0.123976	0.182474
0.330095	0.556990	0.124941	0.181426
0.329886	0.554131	0.124316	0.181535
0.330107	0.552527	0.128562	0.181843
0.330021	0.553023	0.129259	0.182454
0.330058	0.553242	0.131552	0.181562
0.329957	0.553919	0.130477	0.182363
0.329974	0.553064	0.132425	0.181775
0.329953	0.551238	0.131228	0.181012
0.330054	0.552449	0.131521	0.182692
0.329979	0.550402	0.133040	0.180409
0.330033	0.550427	0.132634	0.180305
0.330057	0.548825	0.133516	0.182992
0.329904	0.550160	0.133560	0.182914
0.330052	0.549200	0.133050	0.181898
0.330073	0.548300	0.134085	0.182288
0.330007	0.550170	0.133744	0.182875
0.330073	0.549610	0.132574	0.180987
0.330044	0.547350	0.133561	0.182522
0.330034	0.545870	0.131674	0.181095
0.330043	0.546020	0.133669	0.180874
0.330018	0.546190	0.133506	0.182432
0.329975	0.543912	0.132535	0.181618
0.329948	0.543959	0.133610	0.182950
0.329982	0.543444	0.132391	0.180874
0.330059	0.543147	0.131794	0.183984
0.329949	0.542124	0.133727	0.182612
0.330043	0.540243	0.133292	0.182692
0.330008	0.541019	0.131378	0.181720
0.330071	0.540516	0.133972	0.182488
0.329953	0.541340	0.133075	0.181795
0.330062	0.539439	0.132879	0.180757
0.329846	0.538736	0.132980	0.181132
0.330179	0.539611	0.131962	0.181407
0.329756	0.540478	0.131186	0.181266
0.330453	0.539317	0.131922	0.181218
0.327743	0.539576	0.130897	0.182626
0.324531	0.542238	0.128239	0.181499
0.325157	0.538647	0.128617	0.181919
0.324824	0.540272	0.128242	0.182791
0.325098	0.539123	0.129264	0.182940
0.324844	0.539476	0.129456	0.181615
0.325034	0.538581	0.131566	0.179783
0.324833	0.537947	0.130689	0.180981
0.324990	0.537880	0.131498	0.181722
0.324915	0.535438	0.131763	0.180668
0.324986	0.535078	0.131769	0.181373
0.324911	0.536278	0.130703	0.182239
0.324913	0.534036	0.131857	0.182443
0.324890	0.533579	0.133161	0.181384
0.325055	0.531671	0.133222	0.181721
0.324906	0.531650	0.132515	0.180864
0.324966	0.531990	0.134975	0.182011
0.324958	0.532005	0.132999	0.181681
0.324953	0.529856	0.135302	0.181322
0.324897	0.529048	0.134588	0.180396
0.324926	0.528786	0.136168	0.180550
0.324922	0.529127	0.136478	0.182672
0.324982	0.529135	0.135312	0.181535
0.324942	0.528258	0.137908	0.180818
0.324975	0.526594	0.137872	0.181439
0.324943	0.527193	0.138084	0.181066
0.324932	0.525932	0.140102	0.182414
0.324940	0.525922	0.139681	0.180978
0.324970	0.525600	0.139558	0.180383
0.324970	0.525182	0.141407	0.179906
0.324942	0.526031	0.141951	0.181622
0.324964	0.526179	0.142438	0.182399
0.324947	0.528100	0.140259	0.181996
0.325056	0.529513	0.140645	0.182096
0.324922	0.528761	0.140295	0.180803
0.324999	0.530755	0.138799	0.180645
0.324922	0.532948	0.137424	0.181335
0.325105	0.534758	0.136078	0.181397
0.324373	0.538041	0.135457	0.181701
0.320140	0.538631	0.131802	0.181284
0.319972	0.542263	0.130620	0.180067
0.319905	0.542134	0.128918	0.181541
0.319898	0.544315	0.126072	0.181075
0.319888	0.546601	0.124765	0.180972
0.319880	0.549108	0.122640	0.181865
0.319964	0.552680	0.122673	0.181139
0.319911	0.553707	0.120253	0.181443
0.319901	0.556611	0.117048	0.179718
0.319914	0.556595	0.117058	0.181433
0.319932	0.559516	0.115761	0.180570
0.319883	0.561312	0.114268	0.180770
0.319904	0.563533	0.113093	0.181735
0.319975	0.563188	0.112763	0.181134
0.319876	0.566010	0.111232	0.181514
0.319962	0.567775	0.110572	0.181418
0.319842	0.568195	0.110768	0.181616
0.320034	0.569638	0.109047	0.180065
0.319775	0.570503	0.109112	0.180149
0.320519	0.568606	0.109923	0.181712
0.324818	0.567785	0.110878	0.181136
0.324979	0.568168	0.109879	0.181635
0.324999	0.567848	0.113122	0.181759
0.324782	0.567016	0.113385	0.181775
0.325731	0.564841	0.116225	0.179380
0.330038	0.565577	0.116291	0.180134
0.329810	0.563044	0.117633	0.180120
0.330222	0.563049	0.118409	0.181035
0.329602	0.561566	0.117259	0.181595
0.332907	0.561909	0.120650	0.180921
0.335060	0.561100	0.120506	0.181347
0.334424	0.560686	0.120789	0.180386
0.334824	0.558886	0.121413	0.180219
0.334543	0.558904	0.121922	0.181246
0.334826	0.556766	0.122803	0.182356
0.334443	0.556925	0.122996	0.181096
0.335596	0.553840	0.122190	0.182762
0.339782	0.555081	0.123009	0.180938
0.339620	0.553503	0.124256	0.180031
0.339836	0.551274	0.124786	0.181184
0.339648	0.550926	0.123563	0.182061
0.339894	0.550357	0.125301	0.182968
0.339477	0.551063	0.125089	0.180844
0.340654	0.548045	0.125414	0.182250
0.344788	0.547463	0.124509	0.181872
0.344820	0.547950	0.124894	0.180735
0.344851	0.548324	0.125733	0.182214
0.344847	0.543818	0.126413	0.181273
0.344800	0.543022	0.129721	0.182940
0.344911	0.541885	0.129067	0.181603
0.344726	0.541466	0.129044	0.182439
0.344984	0.539593	0.131592	0.181914
0.344608	0.537035	0.132723	0.182249
0.345912	0.538372	0.130926	0.181829
0.350020	0.534093	0.135100	0.180485
0.349788	0.534241	0.134143	0.182056
0.349982	0.532474	0.136021	0.182458
0.349745	0.532298	0.138451	0.181436
0.350008	0.531700	0.138805	0.181431
0.349795	0.530508	0.138740	0.182508
0.350005	0.529680	0.140559	0.182618
0.349854	0.528409	0.142812	0.181379
0.349940	0.527718	0.141988	0.182437
0.349763	0.528955	0.144149	0.181273
0.349925	0.526596	0.143490	0.180621
0.349747	0.526624	0.142805	0.182959
0.350044	0.527200	0.144293	0.182447
0.349570	0.529218	0.144485	0.180482
0.353588	0.527851	0.143566	0.181208
0.355232	0.527721	0.142962	0.182318
0.354766	0.528693	0.143485	0.182548
0.355022	0.528355	0.143823	0.183773
0.354804	0.529642	0.143054	0.181156
0.354941	0.529349	0.143294	0.182078
0.354830	0.529635	0.143498	0.181446
0.354987	0.530104	0.143975	0.181325
0.354912	0.531397	0.143650	0.181613
0.354951	0.531395	0.143347	0.181474
0.354902	0.532490	0.141946	0.182650
0.354909	0.534118	0.142122	0.181150
0.354899	0.534016	0.142234	0.181991
0.354920	0.533101	0.140221	0.181593
0.354961	0.532982	0.141641	0.182274
0.354837	0.535016	0.141926	0.182403
0.355045	0.533131	0.142622	0.183177
0.351177	0.533720	0.142493	0.183737
0.349520	0.534867	0.143802	0.181850
0.350054	0.535264	0.144604	0.183170
0.349668	0.533634	0.143413	0.180546
0.350044	0.535371	0.142706	0.183187
0.349410	0.533616	0.145081	0.182480
0.351384	0.533271	0.144121	0.182730
0.355150	0.534747	0.141815	0.182972
0.354795	0.537353	0.142393	0.181154
0.355039	0.539437	0.142149	0.183076
0.354909	0.539339	0.139498	0.180329
0.355007	0.540844	0.139242	0.183018
0.354911	0.540878	0.138845	0.182011
0.354936	0.540328	0.139163	0.182762
0.354864	0.542679	0.138297	0.182343
0.354907	0.543901	0.137310	0.182931
0.354887	0.545975	0.134786	0.182840
0.354891	0.544831	0.136003	0.182975
0.354981	0.548324	0.133520	0.184926
0.354899	0.549250	0.130934	0.181933
0.354872	0.550697	0.130186	0.181732
0.354976	0.551122	0.128287	0.181548
0.354849	0.554192	0.127191	0.184331
0.354889	0.554459	0.127337	0.181709
0.354957	0.553197	0.125479	0.182088
0.354844	0.556972	0.123381	0.180968
0.354846	0.556245	0.122662	0.183207
0.354918	0.556585	0.122250	0.182399
0.354950	0.557390	0.123719	0.180972
0.354892	0.557308	0.123497	0.183944
0.354871	0.555697	0.124322	0.182048
0.354930	0.556131	0.124879	0.183454
0.354859	0.555742	0.123564	0.181649
0.354912	0.553708	0.122651	0.181637
0.354911	0.554742	0.122484	0.180228
0.354840	0.554202	0.121633	0.182548
0.354904	0.555190	0.123243	0.181947
0.354852	0.553511	0.123202	0.179848
0.354918	0.552182	0.123512	0.181591
0.354853	0.553044	0.124441	0.182866
0.354932	0.551269	0.124677	0.182643
0.354997	0.549836	0.126705	0.182495
0.359160	0.547061	0.126811	0.182320
0.360013	0.548206	0.128442	0.181744
0.359702	0.547037	0.129709	0.182427
0.359944	0.546374	0.130088	0.182834
0.359777	0.546552	0.130687	0.183599
0.359939	0.542417	0.132408	0.181904
0.359814	0.540200	0.135194	0.181324
0.359992	0.539317	0.137643	0.181865
0.359740	0.537141	0.137669	0.182533
0.359998	0.535983	0.139732	0.181467
0.359792	0.536505	0.140532	0.182296
0.360088	0.533794	0.141496	0.180612
0.359619	0.531806	0.142689	0.184057
0.360286	0.531134	0.145892	0.180886
0.357705	0.530232	0.147267	0.182118
0.354583	0.528812	0.147202	0.182672
0.355068	0.526482	0.150635	0.182464
0.354819	0.525583	0.152186	0.182027
0.354930	0.524609	0.155358	0.182799
0.354820	0.522141	0.154155	0.182371
0.354835	0.522149	0.156644	0.181986
0.354928	0.519550	0.158860	0.182132
0.354817	0.518413	0.157667	0.182683
0.355109	0.516848	0.160789	0.181974
0.354646	0.516677	0.161038	0.183454
0.355380	0.517259	0.161972	0.183068
0.352513	0.515903	0.160692	0.182460
0.349556	0.517393	0.160914	0.181390
0.349955	0.515862	0.160454	0.181418
0.349999	0.517533	0.159608	0.182185
0.349689	0.518732	0.159622	0.181963
0.350324	0.520565	0.156979	0.182004
0.347333	0.521413	0.157965	0.181774
0.344566	0.524090	0.155799	0.182142
0.344824	0.525589	0.154640	0.183275
0.345134	0.528098	0.154453	0.182492
0.342343	0.528474	0.150132	0.182286
0.339343	0.531276	0.149398	0.181215
0.339842	0.536394	0.147538	0.182003
0.339933	0.538573	0.143184	0.182700
0.337373	0.540194	0.141463	0.181418
0.334136	0.544111	0.141379	0.182698
0.335125	0.545002	0.139213	0.182445
0.334151	0.549725	0.136963	0.179700
0.330505	0.550632	0.135450	0.183061
0.329820	0.553460	0.133618	0.180818
0.330090	0.556011	0.132797	0.182023
0.330068	0.558700	0.130131	0.181930
0.329664	0.559730	0.129749	0.182098
0.325150	0.562211	0.128133	0.181835
0.325000	0.563580	0.127401	0.181256
0.324876	0.565003	0.127799	0.182161
0.325025	0.567305	0.127462	0.180436
0.324869	0.569698	0.127549	0.182900
0.325054	0.570447	0.126505	0.182152
0.324853	0.570129	0.125651	0.183905
0.324965	0.572423	0.126093	0.181727
0.324809	0.573394	0.126654	0.181976
0.325065	0.573864	0.126278	0.182627
0.324888	0.576398	0.126599	0.182345
0.325125	0.577648	0.126112	0.180436
0.324548	0.578901	0.126153	0.180298
0.327826	0.579224	0.125004	0.180946
0.330486	0.581554	0.124469	0.181652
0.329787	0.581932	0.123150	0.181399
0.330101	0.582709	0.122710	0.180541
0.329878	0.583514	0.120919	0.179782
0.330110	0.585413	0.120869	0.182255
0.329988	0.586444	0.120352	0.181908
0.330102	0.586729	0.118692	0.182053
0.329977	0.586829	0.118832	0.182333
0.330136	0.586070	0.119047	0.182029
0.329938	0.588793	0.119642	0.181705
0.330092	0.587535	0.120310	0.180688
0.329914	0.585244	0.119881	0.181920
0.330103	0.585490	0.120052	0.181640
0.329943	0.584023	0.120843	0.183057
0.330140	0.582112	0.121275	0.181295
0.329894	0.582381	0.123904	0.182519
0.330243	0.581222	0.123851	0.181324
0.329736	0.577776	0.123143	0.181453
0.330518	0.578240	0.122644	0.181537
0.326906	0.574598	0.124927	0.181389
0.324695	0.571262	0.123454	0.184278
0.324999	0.571784	0.123467	0.181872
0.325535	0.570603	0.125117	0.182942
0.330047	0.568169	0.123348	0.182606
0.329864	0.569351	0.125500	0.181189
0.330195	0.567294	0.124741	0.183445
0.329940	0.567392	0.124455	0.181828
0.330115	0.566165	0.123719	0.181320
0.329964	0.567409	0.123200	0.182311
0.329974	0.567487	0.121915	0.183252
0.329983	0.566482	0.122886	0.182058
0.329953	0.565993	0.120773	0.180971
0.330027	0.566129	0.119393	0.181892
0.330027	0.564284	0.120513	0.181819
0.330000	0.562746	0.119937	0.183414
0.329955	0.566139	0.119617	0.181986
0.330154	0.565171	0.120152	0.183062
0.329748	0.566323	0.120986	0.182054
0.330931	0.564277	0.119238	0.181764
0.334788	0.563589	0.119616	0.182657
0.334582	0.562989	0.120183	0.181801
0.334647	0.562729	0.119234	0.182557
0.334685	0.562331	0.118875	0.182576
0.334698	0.561868	0.120313	0.182259
0.334740	0.563323	0.120784	0.181768
0.334634	0.561660	0.120803	0.182776
0.334764	0.560551	0.119244	0.181800
0.334605	0.561654	0.119545	0.183299
0.334770	0.559422	0.119943	0.180101
0.334550	0.560336	0.118558	0.182047
0.334913	0.559163	0.121022	0.181702
0.334374	0.560597	0.120538	0.181289
0.338192	0.559896	0.120191	0.182395
0.340063	0.559466	0.119754	0.182371
0.339555	0.558594	0.120893	0.183837
0.339795	0.559523	0.121712	0.182093
0.339750	0.558393	0.119833	0.182528
0.339827	0.560100	0.118738	0.181991
0.339718	0.560629	0.118333	0.181615
0.339691	0.562162	0.116900	0.182269
0.339778	0.564392	0.115568	0.181913
0.339653	0.563128	0.115312	0.181979
0.339859	0.564200	0.113010	0.181671
0.339672	0.565617	0.111347	0.181289
0.340018	0.567191	0.109572	0.181136
0.338477	0.567077	0.108699	0.183508
0.334512	0.569411	0.107180	0.181957
0.334907	0.570548	0.105017	0.181055
0.334572	0.571559	0.104582	0.182111
0.334738	0.572266	0.102088	0.182729
0.334646	0.573192	0.100559	0.182403
0.334799	0.576470	0.099976	0.181542
0.334704	0.576320	0.097909	0.181367
0.334739	0.577147	0.098198	0.179937
0.334626	0.580587	0.095669	0.180990
0.334657	0.580207	0.092198	0.182700
0.334706	0.581271	0.092758	0.181537
0.334700	0.583783	0.089210	0.181463
0.334605	0.584140	0.086518	0.180228
0.334774	0.586495	0.085312	0.180992
0.334644	0.584680	0.084853	0.181943
0.334679	0.585725	0.083156	0.181592
0.334741	0.586768	0.081994	0.181299
0.334720	0.586336	0.082190	0.181898
0.334639	0.587313	0.081569	0.180941
0.334684	0.587880	0.080694	0.181136
0.334754	0.587761	0.080045	0.182747
0.334660	0.587432	0.079531	0.181794
0.334741	0.589168	0.079391	0.182403
0.334652	0.589950	0.078622	0.180448
0.334768	0.589354	0.078776	0.180044
0.334686	0.588387	0.077312	0.180998
0.334784	0.587518	0.076724	0.181206
0.334596	0.587475	0.077624	0.181929
0.334750	0.587474	0.078368	0.182427
0.334683	0.587305	0.077985	0.181379
0.334834	0.586425	0.080206	0.180805
0.334637	0.585856	0.080798	0.181654
0.334829	0.583959	0.082754	0.181593
0.334414	0.582355	0.085400	0.181104
0.336250	0.581545	0.085765	0.182054
0.339948	0.578432	0.088334	0.181238
0.339676	0.577596	0.090667	0.181862
0.339776	0.577250	0.092429	0.180560
0.339731	0.574685	0.094098	0.180830
0.339644	0.572834	0.096558	0.181043
0.339836	0.572694	0.097116	0.182105
0.339365	0.573789	0.101168	0.181563
0.341578	0.571183	0.101835	0.181518
0.345120	0.569601	0.102464	0.181687
0.344759	0.567931	0.107838	0.182088
0.344876	0.563928	0.110171	0.181528
0.344902	0.561145	0.112915	0.182764
0.344483	0.560642	0.115460	0.181640
0.346618	0.558544	0.119684	0.180916
0.350274	0.555274	0.122217	0.183578
0.349647	0.553663	0.124224	0.181596
0.350020	0.552328	0.128754	0.182288
0.349776	0.549321	0.130799	0.181572
0.349954	0.546170	0.133693	0.182989
0.349801	0.544863	0.134807	0.182210
0.349898	0.542897	0.136617	0.182373
0.349878	0.540838	0.140229	0.182801
0.349847	0.538921	0.141946	0.183372
0.349837	0.537243	0.144020	0.181527
0.349855	0.534733	0.147167	0.184074
0.349896	0.532684	0.148069	0.182152
0.349787	0.532237	0.149791	0.184000
0.349921	0.529595	0.151296	0.182751
0.349750	0.527766	0.153493	0.182523
0.350017	0.525558	0.155067	0.182429
0.349612	0.522797	0.155683	0.182370
0.350296	0.523161	0.156510	0.183542
0.347769	0.521678	0.159621	0.182800
0.344442	0.522009	0.162196	0.182846
0.345055	0.520641	0.161900	0.181354
0.344629	0.519445	0.161691	0.184003
0.344893	0.519416	0.163296	0.182796
0.344736	0.519787	0.164228	0.184345
0.344922	0.519142	0.163593	0.183004
0.344743	0.520488	0.162958	0.182838
0.344851	0.521420	0.164239	0.184652
0.344750	0.518438	0.164651	0.184452
0.344792	0.520092	0.162391	0.183578
0.340456	0.519424	0.164219	0.182607
0.339603	0.518831	0.163108	0.183408
0.339880	0.519029	0.163751	0.183074
0.339721	0.519642	0.161631	0.182277
0.339722	0.520204	0.162720	0.183171
0.339781	0.519043	0.161519	0.183321
0.339595	0.517042	0.161082	0.183954
0.335122	0.518671	0.163217	0.183909
0.334597	0.516453	0.162875	0.183175
0.334686	0.518018	0.162581	0.183522
0.334676	0.517478	0.162794	0.183627
0.334670	0.517620	0.161776	0.181981
0.334743	0.517522	0.162318	0.182805
0.334699	0.516591	0.162514	0.182001
0.334790	0.515265	0.160423	0.182241
0.334611	0.515948	0.161502	0.182958
0.334789	0.514379	0.163102	0.182775
0.334591	0.513536	0.162637	0.184000
0.334831	0.511129	0.163973	0.182061
0.334504	0.511873	0.165152	0.183181
0.335075	0.511415	0.165428	0.182350
0.332286	0.510740	0.167154	0.183775
0.329630	0.509225	0.166304	0.182061
0.330195	0.508364	0.167635	0.182643
0.329950	0.507685	0.168307	0.183076
0.330064	0.508491	0.169392	0.182052
0.330090	0.507437	0.169422	0.182111
0.329899	0.508587	0.168944	0.181388
0.330315	0.507417	0.167426	0.182693
0.327428	0.506838	0.168505	0.181925
0.324414	0.508383	0.169323	0.182954
0.325211	0.505888	0.168718	0.182700
0.324797	0.504070	0.168452	0.182454
0.325221	0.505882	0.169768	0.183349
0.324673	0.505341	0.167936	0.182185
0.325337	0.505130	0.168509	0.183089
0.322233	0.506027	0.168313	0.183837
0.319375	0.507186	0.167846	0.183122
0.320239	0.507945	0.167014	0.183018
0.319440	0.509470	0.164541	0.183225
0.320493	0.510686	0.164573	0.183142
0.317004	0.512320	0.163400	0.182968
0.314668	0.514406	0.159201	0.182211
0.314881	0.515480	0.156763	0.181263
0.315164	0.519187	0.155000	0.182537
0.312256	0.520452	0.153270	0.182217
0.309234	0.521960	0.152692	0.182014
0.310389	0.523168	0.149055	0.181730
0.308913	0.525142	0.148935	0.181617
0.305282	0.526838	0.144740	0.181870
0.304530	0.527150	0.144772	0.181137
0.305307	0.528523	0.142684	0.181997
0.301862	0.530914	0.142241	0.182174
0.299368	0.530263	0.142035	0.181508
0.299904	0.531735	0.139081	0.182192
0.299836	0.528979	0.136964	0.182153
0.299165	0.529944	0.136392	0.182264
0.294767	0.529717	0.136331	0.180643
0.294885	0.529680	0.136605	0.181923
0.294653	0.528630	0.135356	0.182888
0.294802	0.525697	0.134545	0.182544
0.294671	0.528209	0.134159	0.182572
0.294777	0.527920	0.133542	0.181860
0.294703	0.525579	0.132826	0.182061
0.294784	0.524961	0.131907	0.182534
0.294755	0.526903	0.132507	0.181826
0.294752	0.524451	0.129710	0.181932
0.294724	0.524509	0.130350	0.182710
0.294728	0.523530	0.129227	0.179970
0.294782	0.524294	0.127107	0.182071
0.294744	0.524199	0.128310	0.180586
0.294730	0.524395	0.126054	0.181731
0.294760	0.526258	0.123618	0.183256
0.294742	0.525752	0.123083	0.180833
0.294813	0.527559	0.122893	0.183109
0.294743	0.529412	0.121119	0.182018
0.294734	0.532223	0.120000	0.180822
0.294680	0.533233	0.118377	0.180316
0.294708	0.535413	0.114331	0.181770
0.294765	0.536334	0.113267	0.180050
0.294714	0.537876	0.112291	0.180537
0.294748	0.539441	0.109653	0.180669
0.294729	0.538643	0.108363	0.181155
0.294753	0.538635	0.106469	0.182969
0.294720	0.540214	0.107419	0.181340
0.294799	0.538949	0.105240	0.181239
0.294675	0.539719	0.104918	0.182475
0.294742	0.539225	0.104737	0.181578
0.294655	0.538895	0.104691	0.181786
0.294849	0.538471	0.105641	0.181037
0.294597	0.536923	0.105775	0.182275
0.294987	0.536002	0.103634	0.181013
0.294299	0.537504	0.106542	0.180759
0.298339	0.535553	0.106151	0.181293
0.299929	0.533698	0.105272	0.182695
0.299701	0.533461	0.106582	0.182344
0.299463	0.534033	0.106303	0.181413
0.303181	0.533702	0.106697	0.183098
0.304974	0.532578	0.107874	0.181122
0.305658	0.531441	0.106695	0.182288
0.310399	0.532390	0.107044	0.181499
0.309345	0.532695	0.107055	0.182136
0.311249	0.531798	0.107735	0.182151
0.314984	0.529334	0.107339	0.181582
0.314762	0.529682	0.107028	0.183108
0.315957	0.528752	0.107682	0.182120
0.320309	0.529888	0.108154	0.183104
0.319445	0.526137	0.108735	0.181738
0.321296	0.524232	0.109445	0.181758
0.325050	0.525540	0.108606	0.180297
0.325045	0.524692	0.109817	0.181821
0.324779	0.525025	0.108854	0.182125
0.328534	0.524042	0.108456	0.182004
0.330446	0.523160	0.110366	0.181959
0.329758	0.521850	0.110728	0.180626
0.330184	0.521908	0.113704	0.183029
0.329692	0.521027	0.113806	0.180823
0.333496	0.520130	0.111809	0.181844
0.334979	0.520540	0.114677	0.181135
0.334504	0.518786	0.116726	0.183535
0.334923	0.518243	0.117742	0.182724
0.334370	0.516721	0.120101	0.181647
0.338616	0.515469	0.119759	0.181601
0.339891	0.515768	0.122937	0.181166
0.339714	0.516245	0.123583	0.182881
0.339568	0.514091	0.125559	0.181437
0.343552	0.510773	0.130229	0.182648
0.345145	0.509317	0.131323	0.182683
0.344626	0.508666	0.135123	0.181994
0.344854	0.508567	0.137416	0.183147
0.344853	0.507209	0.138815	0.180466
0.344674	0.507700	0.140404	0.184287
0.348711	0.509229	0.141636	0.180934
0.350145	0.509402	0.143249	0.181773
0.349766	0.510446	0.145278	0.182781
0.350000	0.512292	0.145055	0.183311
0.349686	0.515076	0.143931	0.183667
0.349978	0.516899	0.144615	0.181536
0.349731	0.518600	0.144747	0.183289
0.349915	0.522096	0.145416	0.182680
0.349839	0.520541	0.145842	0.183277
0.349879	0.523411	0.147380	0.182001
0.349820	0.524102	0.147741	0.182919
0.349936	0.525896	0.147968	0.183376
0.349807	0.526812	0.147392	0.183084
0.349869	0.530864	0.148623	0.184152
0.349924	0.533702	0.147610	0.183053
0.349862	0.534971	0.149151	0.183265
0.349918	0.537859	0.149072	0.182211
0.349800	0.539113	0.147802	0.184356
0.349978	0.539853	0.148887	0.182249
0.349865	0.541321	0.149296	0.183750
0.349935	0.543452	0.149063	0.184431
0.345730	0.544132	0.151220	0.182826
0.344570	0.547837	0.149307	0.182073
0.344984	0.547587	0.148720	0.182039
0.344719	0.549940	0.150734	0.183991
0.344881	0.551809	0.149782	0.182615
0.344797	0.552435	0.151071	0.182757
0.344910	0.553833	0.150985	0.182227
0.344686	0.556341	0.151981	0.182620
0.344953	0.557905	0.150637	0.183455
0.344753	0.558554	0.149884	0.183270
0.344918	0.560898	0.147437	0.182839
0.344681	0.561835	0.149415	0.183183
0.345035	0.562907	0.148859	0.183045
0.344593	0.563057	0.151744	0.182881
0.345276	0.563190	0.151006	0.183497
0.342864	0.567263	0.148345	0.183248
0.339454	0.566529	0.149781	0.183141
0.339825	0.567136	0.146382	0.184976
0.339801	0.566816	0.147609	0.182087
0.339590	0.569740	0.144733	0.184424
0.340095	0.571446	0.144856	0.182533
0.337734	0.572865	0.141996	0.182455
0.334294	0.572564	0.141750	0.182175
0.334995	0.572854	0.140468	0.183134
0.334420	0.572671	0.136384	0.182062
0.334859	0.574499	0.135356	0.182742
0.334499	0.577480	0.132180	0.181878
0.334729	0.577160	0.130243	0.181315
0.334587	0.579184	0.126822	0.184043
0.334593	0.581960	0.124523	0.181686
0.330372	0.583775	0.120411	0.182638
0.329990	0.585083	0.119552	0.183182
0.330056	0.585819	0.117058	0.182100
0.330064	0.588216	0.113256	0.182393
0.329954	0.590060	0.112365	0.181770
0.329943	0.590900	0.108364	0.181855
0.330011	0.592551	0.107989	0.181930
0.329980	0.594325	0.105350	0.182984
0.330021	0.595632	0.101605	0.181491
0.329982	0.596723	0.103340	0.182662
0.330012	0.595853	0.100360	0.184291
0.329982	0.596161	0.101581	0.182660
0.329933	0.598594	0.100093	0.182397
0.330039	0.598895	0.099870	0.182346
0.330024	0.598469	0.096699	0.181116
0.330068	0.599242	0.097320	0.181637
0.329942	0.600538	0.095661	0.182914
0.330180	0.600290	0.094662	0.182734
0.329707	0.601030	0.093426	0.182380
0.332151	0.600598	0.092510	0.181530
0.335239	0.601019	0.092466	0.182771
0.334101	0.601541	0.090179	0.181780
0.337266	0.600498	0.089487	0.182452
0.340039	0.597847	0.090421	0.184176
0.339701	0.599194	0.089451	0.182120
0.344363	0.596963	0.088283	0.180646
0.344789	0.598335	0.089531	0.183478
0.345218	0.597356	0.088831	0.181882
0.349479	0.596239	0.088960	0.182596
0.349923	0.595839	0.089144	0.182158
0.349821	0.595758	0.088060	0.182016
0.349852	0.594511	0.089380	0.182463
0.350033	0.592897	0.086809	0.182415
0.354413	0.592286	0.087832	0.181342
0.354854	0.591329	0.091073	0.182762
0.354965	0.590454	0.089762	0.181040
0.354759	0.588756	0.092189	0.183171
0.355086	0.587627	0.092201	0.181979
0.354556	0.586197	0.094101	0.183226
0.357494	0.584230	0.094082	0.182861
0.360380	0.583838	0.094336	0.181885
0.359497	0.581497	0.096259	0.183498
0.360225	0.578136	0.096494	0.182220
0.359580	0.575101	0.100248	0.181700
0.360133	0.574667	0.099976	0.182764
0.359368	0.571219	0.102163	0.181774
0.362758	0.569287	0.102465	0.185130
0.365342	0.568054	0.104252	0.183619
0.364750	0.566154	0.106570	0.182741
0.365045	0.563365	0.106830	0.181858
0.364930	0.561775	0.108550	0.182329
0.364983	0.562899	0.108789	0.183478
0.364967	0.558860	0.108901	0.182291
0.364871	0.560402	0.107634	0.182423
0.365518	0.558086	0.108879	0.182757
0.369890	0.556964	0.109753	0.183247
0.369961	0.555885	0.109710	0.181289
0.370109	0.554068	0.109079	0.183636
0.369948	0.553396	0.109630	0.183617
0.370068	0.553817	0.110295	0.182068
0.370014	0.550863	0.111095	0.183136
0.370068	0.551590	0.111328	0.182051
0.369948	0.550969	0.112014	0.183037
0.370186	0.549479	0.111392	0.182947
0.370005	0.549188	0.108865	0.183844
0.370204	0.546858	0.111417	0.184361
0.369880	0.544980	0.112971	0.183008
0.370492	0.545018	0.110824	0.182121
0.366885	0.543167	0.114844	0.181422
0.364593	0.540836	0.115459	0.183393
0.365150	0.537808	0.117529	0.182992
0.364812	0.536647	0.118961	0.182374
0.364972	0.533437	0.119696	0.181112
0.364942	0.530596	0.122332	0.181872
0.364988	0.528412	0.123596	0.182571
0.364899	0.526845	0.123738	0.182078
0.364927	0.526572	0.124009	0.183627
0.364955	0.524118	0.127177	0.182385
0.364931	0.526275	0.126896	0.183663
0.364976	0.526781	0.128533	0.182836
0.364911	0.526256	0.128163	0.182039
0.365005	0.525419	0.130202	0.184018
0.364829	0.524892	0.130301	0.184837
0.365032	0.525537	0.130857	0.182936
0.364718	0.525421	0.132367	0.182285
0.365360	0.526285	0.132394	0.182291
0.361561	0.524022	0.131228	0.182335
0.359550	0.525682	0.133908	0.183133
0.360054	0.525477	0.133098	0.183708
0.359791	0.524110	0.134375	0.184424
0.359931	0.525707	0.135002	0.183653
0.360030	0.525260	0.134230	0.182452
0.358904	0.526881	0.134403	0.183900
0.354606	0.524589	0.135576	0.181830
0.355154	0.526046	0.134944	0.182750
0.354603	0.526746	0.135059	0.181073
0.355307	0.525630	0.133119	0.182405
0.351444	0.526438	0.133293	0.181141
0.349543	0.526384	0.131293	0.183603
0.350088	0.528228	0.133248	0.183798
0.349736	0.529490	0.131696	0.181389
0.350111	0.530292	0.130842	0.183098
0.348765	0.529685	0.132101	0.180725
0.344532	0.529869	0.131339	0.184664
0.345060	0.531644	0.130426	0.183532
0.344504	0.532357	0.130561	0.182202
0.345295	0.533719	0.128479	0.181754
0.343504	0.536320	0.128241	0.180653
0.339821	0.538050	0.126807	0.183202
0.339692	0.539978	0.124292	0.181312
0.339995	0.543626	0.122042	0.181824
0.336114	0.547458	0.118936	0.182066
0.334439	0.549175	0.117781	0.182523
0.334754	0.552330	0.114797	0.181322
0.334857	0.556569	0.111187	0.182602
0.333580	0.559183	0.106794	0.180772
0.329689	0.561510	0.105414	0.180316
0.330239	0.562440	0.103753	0.180949
0.329964	0.564919	0.100944	0.182700
0.330105	0.565801	0.095994	0.182121
0.329987	0.567440	0.095580	0.180491
0.330116	0.569446	0.093561	0.182447
0.329967	0.568844	0.090485	0.180319
0.330098	0.570560	0.088224	0.180818
0.330049	0.569571	0.088154	0.181008
0.330022	0.570248	0.085444	0.181968
0.330072	0.572343	0.083038	0.182080
0.330062	0.569931	0.081227	0.181543
0.329992	0.572263	0.081263	0.183236
0.330024	0.572536	0.080592	0.181392
0.330046	0.570913	0.079568	0.180576
0.329866	0.571739	0.078451	0.181598
0.333580	0.570178	0.079841	0.181387
0.335060	0.570926	0.077418	0.181332
0.334375	0.571715	0.078246	0.181061
0.334962	0.567822	0.077589	0.182259
0.334413	0.569059	0.077756	0.181498
0.338697	0.569008	0.076966	0.183372
0.340010	0.568740	0.076002	0.181146
0.339770	0.569187	0.075139	0.180966
0.339737	0.569603	0.074132	0.181008
0.343702	0.571174	0.074240	0.182420
0.345032	0.569854	0.072913	0.180810
0.344661	0.567901	0.074004	0.180321
0.344910	0.569727	0.074289	0.181494
0.344726	0.569665	0.073106	0.181563
0.344844	0.567704	0.074597	0.182746
0.344841	0.570456	0.073220	0.181657
0.344823	0.569832	0.071537	0.182376
0.344842	0.569533	0.072397	0.181416
0.344820	0.569732	0.070581	0.182816
0.344879	0.572402	0.069976	0.182686
0.344772	0.570894	0.070055	0.181214
0.344856	0.571828	0.068267	0.182594
0.344789	0.571490	0.066773	0.181454
0.348977	0.572912	0.066349	0.181677
0.350083	0.573426	0.066964	0.182706
0.349772	0.573073	0.067269	0.181841
0.349934	0.573780	0.066360	0.181561
0.349934	0.574632	0.065356	0.181330
0.349849	0.576265	0.064720	0.181545
0.349889	0.575717	0.064204	0.181588
0.349851	0.577200	0.064407	0.182398
0.349964	0.576221	0.063506	0.182988
0.349800	0.577313	0.063694	0.181636
0.350066	0.576963	0.062313	0.183196
0.349442	0.579173	0.064349	0.180114
0.351681	0.581057	0.063517	0.180954
0.355371	0.579278	0.060094	0.182599
0.354573	0.582114	0.060341	0.181849
0.355249	0.582143	0.060286	0.181855
0.354381	0.584275	0.057417	0.182503
0.356945	0.585219	0.057950	0.181690
0.360209	0.586117	0.058347	0.180406
0.359655	0.586399	0.057028	0.182028
0.360061	0.586395	0.057043	0.182638
0.359945	0.588374	0.056331	0.182755
0.364258	0.589765	0.056481	0.180779
0.365143	0.589061	0.055337	0.183419
0.364977	0.589360	0.054301	0.182598
0.364961	0.590169	0.055207	0.183069
0.364909	0.592045	0.056914	0.181423
0.364975	0.591436	0.058291	0.182353
0.364992	0.592284	0.057990	0.182731
0.369307	0.591729	0.059261	0.181972
0.370160	0.590130	0.059639	0.182336
0.369887	0.588487	0.060474	0.182351
0.370313	0.586298	0.063604	0.182727
0.374430	0.584866	0.065467	0.182495
0.375294	0.583605	0.067704	0.182408
0.375159	0.581100	0.069860	0.182432
0.379282	0.579521	0.074033	0.181909
0.379733	0.579646	0.075831	0.182606
0.379744	0.578596	0.079450	0.182800
0.379803	0.578248	0.078378	0.183003
0.384110	0.577512	0.080747	0.182953
0.384411	0.577947	0.083246	0.183697
0.384617	0.576960	0.086372	0.183892
0.384089	0.576278	0.088366	0.181261
0.386736	0.576438	0.086536	0.183698
0.389924	0.576134	0.088967	0.182645
0.389198	0.577525	0.088367	0.182482
0.389526	0.576637	0.089581	0.182935
0.389218	0.576672	0.091145	0.182181
0.389616	0.578553	0.093358	0.183141
0.389315	0.577036	0.093175	0.182810
0.389830	0.579070	0.095240	0.183156
0.394098	0.578855	0.093404	0.182799
0.394613	0.580980	0.094365	0.185041
0.394543	0.582648	0.093064	0.182676
0.394518	0.581983	0.091807	0.181947
0.394459	0.584265	0.093304	0.183469
0.394567	0.585725	0.090199	0.184620
0.394576	0.586816	0.089311	0.183035
0.394499	0.588611	0.088783	0.183465
0.394554	0.589434	0.087972	0.184281
0.394541	0.591468	0.087095	0.182457
0.394482	0.591950	0.083783	0.182881
0.394488	0.593885	0.084324	0.181952
0.394533	0.594018	0.085096	0.184827
0.394394	0.595370	0.082181	0.182573
0.394628	0.595588	0.082406	0.183518
0.394109	0.595182	0.079367	0.184290
0.389796	0.595748	0.080425	0.183495
0.389231	0.596356	0.078601	0.184842
0.389889	0.597044	0.078375	0.182543
0.394359	0.596212	0.078360	0.184693
0.394498	0.596405	0.078556	0.181634
0.394470	0.596071	0.078053	0.182562
0.394502	0.595939	0.079175	0.182006
0.394578	0.594848	0.081765	0.183128
0.394531	0.593470	0.081156	0.182861
0.394531	0.592723	0.081990	0.183627
0.394504	0.591502	0.080827	0.183530
0.394473	0.590625	0.081944	0.182618
0.394584	0.590936	0.081159	0.183386
0.394484	0.589936	0.082284	0.182673
0.394459	0.587069	0.084039	0.184070
0.394431	0.587378	0.084546	0.182955
0.394539	0.582804	0.086226	0.182130
0.394492	0.583076	0.087903	0.182824
0.394610	0.578661	0.088148	0.182890
0.394439	0.578710	0.089782	0.183018
0.394559	0.575694	0.091366	0.182796
0.394413	0.575659	0.093352	0.183882
0.394579	0.573434	0.092913	0.180319
0.394438	0.570088	0.095819	0.183465
0.394686	0.567522	0.098690	0.183193
0.394292	0.566421	0.098936	0.182945
0.394657	0.565015	0.102026	0.182646
0.394243	0.562510	0.102713	0.184739
0.394913	0.562133	0.104136	0.183970
0.391423	0.559018	0.108031	0.184356
0.389209	0.561731	0.108458	0.184237
0.389565	0.562166	0.109135	0.182919
0.389422	0.563564	0.109359	0.181775
0.389283	0.566948	0.107914	0.185101
0.389746	0.568636	0.107702	0.182592
0.386363	0.572196	0.104697	0.184114
0.384179	0.576544	0.105440	0.182435
0.384580	0.577061	0.101460	0.182891
0.384551	0.582925	0.100024	0.182958
0.383763	0.586933	0.099539	0.181707
0.379669	0.589451	0.096651	0.183502
0.379673	0.593104	0.096446	0.182249
0.379860	0.597383	0.093448	0.181611
0.376910	0.598024	0.091464	0.182547
0.374556	0.602571	0.089733	0.182617
0.375523	0.606867	0.085443	0.183529
0.374109	0.608761	0.085284	0.182726
0.370051	0.612899	0.082885	0.182826
0.370177	0.614865	0.081138	0.184099
0.366825	0.617982	0.078777	0.181568
0.364393	0.619767	0.078121	0.181711
0.365453	0.622309	0.077042	0.183077
0.361385	0.626320	0.075109	0.182057
0.359674	0.628929	0.072022	0.182343
0.359928	0.633316	0.071286	0.181910
0.359877	0.635326	0.071257	0.181443
0.359834	0.638960	0.069411	0.182790
0.359891	0.640320	0.067589	0.182997
0.359840	0.643402	0.066438	0.182985
0.359985	0.646539	0.065183	0.182682
0.359732	0.649225	0.061262	0.181578
0.360056	0.653238	0.061910	0.180760
0.359623	0.654944	0.061194	0.182835
0.363460	0.658465	0.058602	0.182049
0.365318	0.658439	0.059945	0.182712
0.364809	0.662511	0.059556	0.183538
0.365044	0.661834	0.058369	0.182559
0.364838	0.664744	0.056574	0.183425
0.364933	0.665495	0.057634	0.183285
0.364990	0.664844	0.056531	0.183087
0.364863	0.667398	0.057714	0.182207
0.365133	0.669493	0.057899	0.182834
0.364773	0.669520	0.057951	0.182254
0.368512	0.670067	0.058783	0.182288
0.370458	0.672269	0.058033	0.183621
0.369753	0.673627	0.058794	0.182096
0.370262	0.675228	0.058757	0.183448
0.369866	0.674258	0.057352	0.182844
0.370185	0.677219	0.056124	0.183458
0.369768	0.678410	0.055022	0.183227
0.373748	0.678992	0.054017	0.182612
0.375424	0.681496	0.054717	0.182794
0.374867	0.680077	0.053358	0.182899
0.375262	0.680027	0.052240	0.182667
0.374877	0.682247	0.051758	0.181829
0.378557	0.684138	0.050296	0.183981
0.379920	0.687498	0.051204	0.183101
0.379575	0.685477	0.046469	0.182591
0.379921	0.687221	0.046737	0.181412
0.379411	0.687036	0.045588	0.183612
0.380974	0.688892	0.046841	0.183342
0.384818	0.686528	0.048331	0.182592
0.384248	0.685142	0.047430	0.184122
0.384736	0.683447	0.048663	0.183102
0.384143	0.682665	0.048564	0.183786
0.385963	0.679969	0.049306	0.182267
0.389754	0.677138	0.050749	0.184164
0.389332	0.674808	0.049922	0.183381
0.389546	0.671764	0.053467	0.183535
0.389344	0.669564	0.052743	0.183628
0.393232	0.664655	0.055104	0.184068
0.395021	0.660652	0.055326	0.183037
0.394100	0.658318	0.058357	0.183339
0.398756	0.653667	0.059266	0.185650
0.399215	0.649005	0.059755	0.183688
0.401276	0.646921	0.062299	0.183106
0.404596	0.642145	0.064423	0.184287
0.406194	0.638579	0.066159	0.184579
0.409876	0.635081	0.068410	0.185019
0.410815	0.631991	0.070552	0.183416
0.415377	0.626660	0.072514	0.183875
0.414074	0.625001	0.073605	0.184523
0.419125	0.619638	0.074312	0.184499
0.419322	0.617096	0.077794	0.185249
0.421371	0.613282	0.077014	0.184570
0.424635	0.611289	0.080470	0.184449
0.424385	0.607238	0.082079	0.183415
0.428582	0.606126	0.082727	0.183979
0.430009	0.602801	0.085263	0.185054
0.428988	0.600666	0.085443	0.184203
0.431478	0.597020	0.087564	0.183291
0.434680	0.595061	0.087597	0.184089
0.434554	0.593225	0.089222	0.183649
0.434221	0.589791	0.090499	0.182093
0.436199	0.588651	0.089422	0.184954
0.439828	0.585082	0.091864	0.184340
0.439269	0.582769	0.093286	0.184561
0.439584	0.580383	0.096136	0.184356
0.439368	0.576021	0.095656	0.184848
0.439572	0.574633	0.097426	0.184158
0.439328	0.571915	0.097995	0.184924
0.439517	0.568163	0.099557	0.183882
0.439376	0.566781	0.102625	0.182935
0.439539	0.562855	0.102756	0.185898
0.439368	0.561044	0.104918	0.184553
0.439591	0.557335	0.105497	0.183831
0.439335	0.554152	0.107596	0.183811
0.439525	0.550278	0.109777	0.183509
0.439374	0.549842	0.111149	0.182843
0.439542	0.546699	0.113315	0.183389
0.439379	0.545773	0.115217	0.184544
0.439619	0.545010	0.117066	0.184015
0.439319	0.543504	0.119149	0.183593
0.439669	0.543382	0.119355	0.183475
0.439150	0.542303	0.118880	0.184488
0.439838	0.543645	0.121067	0.184328
0.437339	0.541768	0.121200	0.184712
0.434129	0.544707	0.121351	0.184253
0.434612	0.545230	0.120820	0.183718
0.434554	0.547009	0.118872	0.185292
0.434371	0.548380	0.118981	0.182571
0.434824	0.550304	0.118044	0.184085
0.432328	0.552411	0.117632	0.183805
0.429112	0.552854	0.117099	0.183228
0.429773	0.554707	0.114668	0.183399
0.429414	0.556016	0.116176	0.183661
0.429428	0.557483	0.112524	0.183770
0.424850	0.557344	0.112578	0.182816
0.424297	0.561664	0.114141	0.184603
0.424199	0.562345	0.113046	0.182698
0.420072	0.563690	0.112742	0.182790
0.419510	0.564887	0.111492	0.184043
0.415215	0.565008	0.112709	0.182724
0.414805	0.566350	0.111860	0.181494
0.412443	0.567414	0.112979	0.182214
0.409048	0.570180	0.111783	0.182632
0.409816	0.572000	0.111744	0.183391
0.404584	0.577214	0.109361	0.182856
0.405136	0.579249	0.106632	0.181157
0.402096	0.582870	0.105919	0.183248
0.399185	0.585091	0.102969	0.183753
0.399785	0.588191	0.102266	0.183879
0.399155	0.590316	0.101338	0.182552
0.394971	0.593009	0.100095	0.181743
0.394404	0.593686	0.097876	0.182949
0.394643	0.596370	0.098753	0.183643
0.394112	0.598403	0.095259	0.183810
0.389923	0.597445	0.095230	0.182324
0.389329	0.600224	0.096527	0.181890
0.389505	0.600341	0.096726	0.183091
0.389509	0.600868	0.096548	0.183832
0.389165	0.601577	0.097575	0.182544
0.384600	0.600652	0.097308	0.182399
0.384568	0.601047	0.095710	0.184239
0.384222	0.603228	0.096617	0.180115
0.384892	0.603835	0.097251	0.183750
0.382030	0.605141	0.096286	0.182281
0.379309	0.606381	0.093206	0.182895
0.379969	0.606295	0.093990	0.183534
0.379540	0.605944	0.094465	0.182601
0.379812	0.606291	0.092852	0.183713
0.379569	0.606444	0.093027	0.183805
0.379772	0.607847	0.091562	0.182498
0.379593	0.606501	0.092894	0.181705
0.379930	0.604899	0.093504	0.183252
0.379131	0.604565	0.092775	0.181145
0.375313	0.603900	0.094635	0.183208
0.375103	0.603002	0.093568	0.184822
0.375129	0.601635	0.094475	0.183124
0.375080	0.599702	0.095241	0.184104
0.375167	0.600303	0.096822	0.183138
0.375149	0.597400	0.094437	0.183671
0.375136	0.597927	0.097070	0.182430
0.375182	0.597132	0.098262	0.182749
0.375109	0.596701	0.098230	0.183146
0.375119	0.597800	0.100098	0.183446
0.375172	0.597662	0.099757	0.183009
0.375082	0.599163	0.101297	0.182968
0.375124	0.599080	0.101070	0.182754
0.375130	0.601277	0.101773	0.183380
0.375190	0.600691	0.099989	0.182770
0.375146	0.601801	0.100530	0.183607
0.375094	0.603719	0.101521	0.183042
0.375111	0.600436	0.101476	0.182462
0.375062	0.601317	0.102886	0.183336
0.375069	0.599576	0.103233	0.183456
0.375086	0.599108	0.103582	0.182700
0.375114	0.598473	0.103316	0.184119
0.375113	0.596892	0.101308	0.182884
0.375133	0.596468	0.104064	0.182838
0.375200	0.595088	0.106128	0.183874
0.375104	0.591814	0.110210	0.182500
0.375178	0.590342	0.112332	0.183894
0.375086	0.585295	0.115445	0.183096
0.375113	0.583032	0.117472	0.184912
0.375113	0.581850	0.119669	0.181377
0.375114	0.578115	0.121599	0.183901
0.375069	0.576349	0.123802	0.184139
0.375179	0.574106	0.124664	0.183778
0.375016	0.572117	0.127715	0.182900
0.375289	0.571133	0.130045	0.182250
0.374886	0.569915	0.129930	0.183796
0.375944	0.567442	0.132493	0.182361
0.379776	0.567666	0.132180	0.184563
0.379667	0.565749	0.132693	0.184794
0.379746	0.565364	0.133623	0.185224
0.379658	0.565986	0.132284	0.182807
0.379724	0.565339	0.134712	0.183920
0.379733	0.565937	0.134980	0.184238
0.379733	0.565808	0.134155	0.183599
0.379645	0.565420	0.134299	0.184097
0.379699	0.563482	0.134207	0.183311
0.379596	0.561905	0.134195	0.184628
0.379718	0.561714	0.135713	0.183366
0.379591	0.562179	0.135723	0.184065
0.379734	0.559949	0.135276	0.183087
0.379618	0.556737	0.137891	0.183911
0.379775	0.555579	0.140018	0.185447
0.379598	0.553023	0.141050	0.182749
0.379862	0.551520	0.143559	0.184214
0.379605	0.546876	0.144169	0.183770
0.380027	0.544713	0.146721	0.185440
0.376511	0.544004	0.149366	0.182889
0.374769	0.539429	0.151131	0.183196
0.375340	0.538094	0.153665	0.183456
0.375010	0.535006	0.153293	0.183579
0.375192	0.531477	0.156833	0.183421
0.375050	0.529045	0.158232	0.184214
0.375133	0.527690	0.160646	0.184020
0.375072	0.524966	0.160936	0.181949
0.375130	0.521924	0.163409	0.184065
0.375060	0.520221	0.163775	0.183912
0.375150	0.517543	0.166205	0.181863
0.375035	0.516022	0.167749	0.183505
0.375069	0.515465	0.168489	0.182470
0.375054	0.513096	0.167492	0.185362
0.374991	0.512286	0.169050	0.183554
0.375185	0.512318	0.167324	0.185542
0.374990	0.512524	0.168125	0.184216
0.375293	0.512715	0.166809	0.184227
0.371359	0.511644	0.167401	0.184143
0.369634	0.512425	0.166755	0.182389
0.370393	0.513083	0.165480	0.183406
0.368712	0.515578	0.164456	0.182445
0.364694	0.517599	0.163467	0.183329
0.365376	0.517402	0.163158	0.184721
0.363616	0.521040	0.157935	0.184460
0.359520	0.523242	0.157873	0.181236
0.360374	0.524786	0.155714	0.181904
0.358443	0.527413	0.153870	0.184189
0.354528	0.528713	0.151988	0.181583
0.355346	0.532842	0.147765	0.183088
0.350890	0.534901	0.145118	0.182756
0.349899	0.538253	0.141285	0.183574
0.348599	0.542056	0.138460	0.182072
0.344286	0.547445	0.135739	0.182767
0.345274	0.551326	0.131522	0.183035
0.340705	0.556508	0.127326	0.180706
0.339801	0.562879	0.125649	0.181947
0.339585	0.564601	0.119492	0.182254
0.340023	0.571020	0.114983	0.182113
0.338224	0.574136	0.111927	0.183128
0.334359	0.579717	0.106082	0.183401
0.334968	0.584525	0.101717	0.182034
0.334508	0.589101	0.098038	0.181328
0.334827	0.593988	0.093911	0.181438
0.334563	0.598506	0.088583	0.181249
0.334834	0.601825	0.083543	0.181704
0.334605	0.606351	0.079634	0.179938
0.334745	0.610024	0.073413	0.181370
0.334607	0.612631	0.069433	0.182065
0.334718	0.617736	0.064518	0.182086
0.334662	0.620990	0.062125	0.180750
0.334798	0.623768	0.055395	0.181701
0.334542	0.627371	0.051676	0.181533
0.334866	0.629163	0.047742	0.181507
0.334583	0.633149	0.042895	0.181568
0.334912	0.634640	0.041023	0.180260
0.334195	0.638380	0.038011	0.181905
0.336574	0.640307	0.032551	0.180238
0.339952	0.641730	0.031295	0.181950
0.339642	0.643524	0.027098	0.180614
0.339495	0.645812	0.024188	0.180121
0.341521	0.647724	0.020296	0.182063
0.345218	0.646992	0.017525	0.179990
0.344580	0.649407	0.015460	0.181127
0.345009	0.650041	0.013567	0.178981
0.348981	0.649444	0.012585	0.181112
0.349962	0.651267	0.010772	0.181458
0.351330	0.650014	0.009925	0.180968
0.355760	0.650222	0.008673	0.181434
0.354208	0.648722	0.008945	0.180968
0.359851	0.647237	0.007355	0.182814
0.359186	0.648578	0.008585	0.179558
0.362361	0.646620	0.007386	0.181979
0.364592	0.645167	0.009245	0.180453
0.367210	0.645003	0.009913	0.181545
0.369884	0.642943	0.011658	0.182009
0.372166	0.637519	0.013176	0.181408
0.375071	0.636296	0.016542	0.182492
0.376968	0.634351	0.017774	0.181302
0.379850	0.630801	0.021758	0.182171
0.381524	0.628000	0.021515	0.183177
0.384783	0.625533	0.025490	0.183246
0.386121	0.623934	0.028211	0.182157
0.390246	0.619531	0.028630	0.181848
0.389038	0.617887	0.030627	0.182771
0.394380	0.615251	0.034379	0.182821
0.394396	0.613505	0.038122	0.183261
0.399295	0.610322	0.039375	0.183677
0.399135	0.609310	0.042836	0.183137
0.401794	0.606953	0.045099	0.182345
0.405001	0.604702	0.046741	0.182893
0.404595	0.601706	0.049250	0.182261
0.409396	0.599123	0.052637	0.182381
0.409346	0.598612	0.054567	0.184643
0.411862	0.598131	0.055418	0.182871
0.415140	0.597386	0.059274	0.184391
0.414547	0.594810	0.061121	0.183746
0.419391	0.594455	0.060719	0.182989
0.419786	0.593903	0.063469	0.183954
0.424078	0.593969	0.064574	0.181963
0.424454	0.590336	0.065121	0.183761
0.429329	0.590114	0.068248	0.182760
0.429176	0.590040	0.069524	0.184876
0.432011	0.589567	0.070997	0.181667
0.434683	0.588006	0.073394	0.184271
0.434551	0.587540	0.074101	0.183025
0.434130	0.586122	0.075102	0.182716
0.436888	0.586350	0.077072	0.185278
0.439797	0.586105	0.076882	0.182368
0.439302	0.586310	0.080540	0.184399
0.439322	0.582264	0.080371	0.181887
0.441834	0.581164	0.082544	0.185105
0.445243	0.579232	0.083701	0.182973
0.444078	0.577651	0.084983	0.183694
0.445068	0.576212	0.087026	0.184550
0.443970	0.572689	0.089348	0.184267
0.447223	0.573083	0.089524	0.184100
0.449873	0.571816	0.091544	0.183934
0.449422	0.571201	0.091847	0.184456
0.449587	0.570212	0.095664	0.183107
0.449535	0.568929	0.095219	0.184257
0.449582	0.567020	0.097566	0.183854
0.449507	0.566559	0.098358	0.183310
0.449661	0.564047	0.099849	0.184168
0.449497	0.565930	0.101550	0.182117
0.449577	0.561571	0.101900	0.184624
0.449572	0.560500	0.102688	0.184243
0.449600	0.560614	0.104169	0.184733
0.449505	0.560050	0.104139	0.183887
0.449651	0.558996	0.104310	0.183836
0.449497	0.558027	0.104260	0.185257
0.449650	0.558974	0.103920	0.183588
0.449416	0.558584	0.105232	0.182230
0.449717	0.557985	0.106655	0.184004
0.449471	0.557120	0.106905	0.183846
0.449846	0.556761	0.107581	0.183549
0.448888	0.556692	0.108501	0.185155
0.444732	0.556682	0.109033	0.182663
0.444487	0.555175	0.109384	0.186382
0.444800	0.556300	0.109249	0.183557
0.444362	0.556916	0.111455	0.185081
0.445041	0.559083	0.111462	0.184991
0.441499	0.558941	0.110882	0.183266
0.439121	0.562766	0.109961	0.184647
0.439530	0.565781	0.109268	0.183621
0.439646	0.569502	0.107847	0.183939
0.436728	0.574475	0.106107	0.184618
0.433941	0.577912	0.103797	0.184653
0.434979	0.582263	0.101397	0.183835
0.433824	0.586926	0.099362	0.183102
0.430082	0.590480	0.096162	0.185016
0.429214	0.594916	0.093261	0.184338
0.429956	0.600383	0.090584	0.184732
0.426384	0.601820	0.091026	0.184553
0.423882	0.604901	0.089203	0.183585
0.424931	0.607937	0.085037	0.183367
0.421375	0.611010	0.086181	0.183813
0.419384	0.612736	0.083344	0.184228
0.420168	0.616672	0.080965	0.182286
0.416678	0.617603	0.081955	0.183365
0.414040	0.618080	0.082341	0.183770
0.415213	0.621506	0.083178	0.183490
0.411267	0.623840	0.082147	0.183245
0.409446	0.624123	0.080613	0.183201
0.409673	0.627671	0.078761	0.184421
0.409792	0.629621	0.078697	0.182369
0.408764	0.632224	0.077585	0.183423
0.404558	0.634936	0.077841	0.183380
0.404658	0.636575	0.075688	0.183587
0.404651	0.638122	0.075423	0.184113
0.404470	0.641262	0.072851	0.184771
0.405432	0.643231	0.073164	0.182713
0.409657	0.643592	0.071800	0.183390
0.409591	0.645845	0.070854	0.183931
0.409683	0.647037	0.070384	0.183177
0.409663	0.647722	0.070487	0.184694
0.409583	0.648210	0.069084	0.182593
0.409719	0.648105	0.068748	0.184129
0.409584	0.647429	0.068964	0.184360
0.409906	0.647275	0.068915	0.184163
0.409343	0.646779	0.071168	0.182333
0.413078	0.644342	0.069892	0.183601
0.415005	0.645148	0.071068	0.184868
0.414454	0.642923	0.070559	0.182647
0.414726	0.640044	0.072870	0.185307
0.414709	0.639954	0.071918	0.182869
0.414552	0.638840	0.073808	0.182521
0.414794	0.637416	0.075486	0.183345
0.414388	0.634311	0.076084	0.183534
0.415796	0.630870	0.075738	0.183979
0.419889	0.628900	0.077603	0.184816
0.419564	0.627473	0.077500	0.183252
0.419742	0.624623	0.079708	0.182003
0.419719	0.621023	0.081582	0.183025
0.419535	0.617008	0.082406	0.181801
0.422926	0.612816	0.082900	0.184836
0.424746	0.610541	0.085100	0.184093
0.424184	0.605376	0.088690	0.183817
0.424581	0.602018	0.089464	0.184063
0.424163	0.598766	0.093970	0.182782
0.424700	0.593328	0.095019	0.184763
0.424104	0.588349	0.097297	0.183573
0.425745	0.585627	0.099684	0.184451
0.429680	0.581252	0.101634	0.184227
0.429451	0.575917	0.106087	0.183629
0.429644	0.572516	0.107146	0.183911
0.429524	0.570169	0.110272	0.185091
0.429611	0.564514	0.111876	0.185492
0.429475	0.558864	0.117369	0.184836
0.429644	0.556776	0.117219	0.185225
0.429453	0.553069	0.119706	0.183061
0.429669	0.549342	0.123729	0.184672
0.429446	0.548925	0.125010	0.183738
0.429677	0.543962	0.126192	0.185129
0.429427	0.543321	0.129284	0.186126
0.429723	0.542094	0.130108	0.184268
0.429332	0.540339	0.131966	0.184756
0.429835	0.541052	0.130561	0.184117
0.429113	0.539940	0.130086	0.185351
0.431150	0.540844	0.130380	0.184118
0.434579	0.540343	0.130135	0.184579
0.434766	0.541131	0.129741	0.183708
0.433098	0.542058	0.129291	0.183747
0.429276	0.541163	0.127677	0.184462
0.429683	0.541947	0.125934	0.186181
0.429495	0.541804	0.125720	0.185819
0.429616	0.542639	0.126345	0.181850
0.429540	0.542982	0.125072	0.184629
0.425531	0.544081	0.124306	0.184709
0.424034	0.544406	0.121430	0.184429
0.424690	0.544096	0.121428	0.184608
0.420639	0.545425	0.122619	0.182087
0.419457	0.546060	0.118976	0.184243
0.419892	0.547502	0.119868	0.184460
0.415592	0.548365	0.117712	0.186406
0.414517	0.548199	0.118041	0.184535
0.414681	0.550112	0.117882	0.184308
0.414658	0.550720	0.116190	0.183483
0.410772	0.552783	0.116875	0.183968
0.409307	0.555848	0.114765	0.184409
0.409860	0.556256	0.113993	0.181432
0.409482	0.555716	0.112005	0.184452
0.409782	0.557850	0.111118	0.183846
0.409554	0.559492	0.110808	0.184118
0.409699	0.559918	0.111207	0.183195
0.409635	0.560725	0.111208	0.184728
0.409670	0.560244	0.112378	0.182062
0.409604	0.560417	0.111878	0.183876
0.409702	0.559456	0.112054	0.184208
0.405406	0.558912	0.112800	0.183180
0.404445	0.562959	0.113206	0.183787
0.404854	0.560782	0.116289	0.182309
0.404509	0.559796	0.116720	0.183497
0.404715	0.560059	0.116695	0.183745
0.400212	0.558950	0.119788	0.181844
0.399510	0.559314	0.120105	0.183965
0.399539	0.557040	0.124380	0.182657
0.399440	0.556417	0.122852	0.183771
0.395125	0.555709	0.124772	0.182130
0.394548	0.555582	0.125920	0.183439
0.394335	0.553027	0.126876	0.184524
0.394874	0.552987	0.128433	0.183043
0.392475	0.552913	0.126413	0.183357
0.389035	0.550899	0.127977	0.181850
0.389669	0.549705	0.128373	0.182814
0.389341	0.547843	0.129125	0.182891
0.389436	0.547405	0.129630	0.183535
0.385090	0.545481	0.130491	0.182790
0.384351	0.544982	0.130675	0.182617
0.384484	0.544862	0.130400	0.185187
0.380078	0.543018	0.130946	0.183053
0.379915	0.541478	0.130526	0.183500
0.377906	0.541621	0.131945	0.183626
0.374556	0.539945	0.130545	0.183737
0.375316	0.538815	0.132604	0.182686
0.370212	0.539588	0.132466	0.182785
0.370421	0.538387	0.131819	0.182465
0.367733	0.538762	0.131384	0.183386
0.364580	0.536931	0.131595	0.182594
0.365059	0.537337	0.131228	0.183664
0.360424	0.537251	0.131177	0.183151
0.359852	0.536240	0.131449	0.181487
0.359946	0.536458	0.132094	0.184763
0.359895	0.535840	0.133722	0.183057
0.359625	0.534365	0.132992	0.183192
0.355382	0.535455	0.133728	0.182588
0.354797	0.536169	0.134380	0.183469
0.354948	0.536618	0.132545	0.182417
0.354892	0.535330	0.133591	0.182858
0.354876	0.533140	0.132782	0.183866
0.354907	0.535083	0.131679	0.182449
0.354913	0.534873	0.132257	0.183674
0.354923	0.533937	0.133688	0.182576
0.354917	0.532128	0.133467	0.182825
0.354901	0.533665	0.133174	0.182205
0.354920	0.533544	0.130498	0.182150
0.354808	0.532134	0.133263	0.183004
0.354951	0.532243	0.132968	0.181245
0.354894	0.531779	0.131689	0.183023
0.354903	0.531137	0.132967	0.182177
0.354871	0.531736	0.131545	0.182999
0.355012	0.532153	0.131924	0.183486
0.354812	0.530301	0.133819	0.183383
0.355011	0.529636	0.132369	0.183277
0.354501	0.530769	0.131146	0.184509
0.350083	0.529924	0.130019	0.182465
0.349816	0.529307	0.133121	0.182576
0.349842	0.527076	0.129721	0.184095
0.349924	0.526871	0.131695	0.183117
0.349816	0.526614	0.130860	0.184158
0.349998	0.524826	0.132120	0.183172
0.349753	0.523037	0.132265	0.183147
0.350061	0.521805	0.133089	0.182360
0.349592	0.520108	0.134203	0.183127
0.350301	0.518734	0.135709	0.182366
0.347177	0.516786	0.136772	0.181776
0.344370	0.514900	0.137337	0.183545
0.345020	0.511802	0.138453	0.182202
0.344625	0.511218	0.139973	0.182473
0.344926	0.508811	0.141771	0.182660
0.344792	0.507125	0.142629	0.184052
0.344844	0.503818	0.145283	0.183711
0.344764	0.503410	0.146673	0.182789
0.344839	0.501927	0.148401	0.183325
0.344734	0.500288	0.151122	0.181724
0.344851	0.499369	0.152971	0.184236
0.344774	0.495828	0.152432	0.181943
0.344857	0.497785	0.154180	0.183626
0.344734	0.497929	0.153983	0.183408
0.344869	0.497031	0.154513	0.182676
0.344741	0.498671	0.152499	0.182696
0.344847	0.499215	0.153715	0.181864
0.344823	0.499617	0.151663	0.183638
0.344486	0.501434	0.151706	0.183816
0.339814	0.502757	0.151017	0.182168
0.339835	0.504013	0.151984	0.181695
0.339513	0.506792	0.149766	0.183121
0.340209	0.510733	0.147594	0.183170
0.336548	0.512137	0.145888	0.181102
0.334340	0.514430	0.145277	0.184025
0.334755	0.516618	0.142438	0.182128
0.334759	0.519515	0.140497	0.183231
0.334019	0.522311	0.140635	0.183663
0.330033	0.523784	0.138405	0.182807
0.330067	0.526618	0.135727	0.182936
0.330166	0.526428	0.135648	0.182215
0.327034	0.527955	0.133526	0.184092
0.324408	0.528282	0.134442	0.182865
0.325376	0.531372	0.131987	0.184073
0.324467	0.530833	0.131442	0.182549
0.325401	0.531776	0.130885	0.182577
0.321591	0.530473	0.130130	0.182449
0.319634	0.530502	0.132625	0.180916
0.319932	0.531358	0.132392	0.182562
0.319915	0.531278	0.131398	0.180242
0.319895	0.532432	0.131834	0.182672
0.319985	0.532082	0.131240	0.183821
0.319726	0.534200	0.130590	0.182242
0.320768	0.534911	0.131654	0.182742
0.325031	0.535184	0.130185	0.182849
0.324802	0.536726	0.130021	0.182485
0.325170	0.535323	0.129375	0.181764
0.324775	0.537016	0.128067	0.182320
0.325165	0.538220	0.128022	0.181664
0.324678	0.538230	0.127248	0.181883
0.325987	0.540963	0.125362	0.182561
0.330097	0.541095	0.124645	0.180547
0.329939	0.541003	0.123718	0.183750
0.330095	0.541378	0.122888	0.181198
0.329983	0.542874	0.122105	0.181741
0.330088	0.542460	0.122230	0.182106
0.330022	0.543031	0.121403	0.182294
0.330120	0.542119	0.121160	0.182003
0.329926	0.541167	0.122900	0.182931
0.330118	0.542138	0.123046	0.180440
0.329929	0.541034	0.123818	0.183406
0.330171	0.541099	0.122329	0.182838
0.329736	0.541293	0.123330	0.180814
0.331052	0.541383	0.123619	0.183820
0.334763	0.538163	0.123055	0.182953
0.334576	0.538317	0.122873	0.182921
0.334778	0.538565	0.122834	0.180757
0.334681	0.537602	0.122841	0.184149
0.334693	0.537827	0.124253	0.182957
0.334724	0.537313	0.126012	0.182660
0.334684	0.536206	0.123743	0.181909
0.334685	0.535713	0.126161	0.182057
0.334592	0.536574	0.125014	0.183341
0.334858	0.537417	0.126786	0.182736
0.334429	0.536654	0.126019	0.182883
0.335947	0.536781	0.123043	0.182380
0.339993	0.537478	0.124564	0.181456
0.339566	0.538449	0.124895	0.181531
0.339914	0.540503	0.123319	0.180765
0.339602	0.541625	0.122783	0.182019
0.339852	0.543370	0.123084	0.181289
0.339628	0.546320	0.122436	0.183721
0.339880	0.545822	0.121468	0.182826
0.339652	0.550047	0.121139	0.182290
0.339847	0.551948	0.119577	0.181712
0.339622	0.554944	0.118425	0.182916
0.339931	0.558093	0.117306	0.181615
0.339481	0.559342	0.116866	0.181364
0.340177	0.562096	0.113353	0.183024
0.338270	0.563598	0.112080	0.181989
0.334445	0.563962	0.109833	0.183716
0.334808	0.567745	0.110346	0.181672
0.334666	0.569706	0.107484	0.181863
0.334667	0.573941	0.104960	0.181092
0.338527	0.572675	0.101449	0.183393
0.340088	0.575220	0.099379	0.182985
0.339533	0.577980	0.098013	0.180559
0.339856	0.579034	0.096582	0.182067
0.339658	0.581528	0.093795	0.182849
0.339837	0.583414	0.091189	0.183146
0.339656	0.585108	0.088391	0.180725
0.339763	0.586594	0.086451	0.180713
0.339659	0.588005	0.085615	0.182470
0.339849	0.588050	0.084642	0.181864
0.339623	0.590044	0.082509	0.181040
0.343851	0.590670	0.080204	0.180703
0.345046	0.592179	0.078723	0.182391
0.344778	0.592830	0.078563	0.181808
0.344716	0.594293	0.076851	0.182313
0.346272	0.595170	0.074101	0.181409
0.350546	0.595986	0.073229	0.183235
0.349056	0.598081	0.072255	0.182721
0.351948	0.599526	0.068031	0.181146
0.354927	0.600617	0.067662	0.182462
0.355157	0.601361	0.067674	0.181152
0.354501	0.599145	0.064730	0.181659
0.356840	0.602736	0.065519	0.181481
0.360033	0.601210	0.061902	0.181848
0.359994	0.600615	0.061428	0.182161
0.359408	0.600512	0.061428	0.182499
0.361790	0.599201	0.063185	0.182103
0.365313	0.600015	0.061903	0.182017
0.364898	0.599645	0.061706	0.181104
0.364751	0.599482	0.062815	0.182290
0.366763	0.599831	0.061185	0.182726
0.370482	0.598810	0.060918	0.181948
0.369768	0.598911	0.062661	0.181753
0.370181	0.597731	0.063141	0.182712
0.369934	0.595663	0.063850	0.182573
0.370093	0.594912	0.065331	0.182722
0.370007	0.590928	0.066467	0.181025
0.370118	0.590710	0.068600	0.182933
0.374401	0.589098	0.071393	0.182657
0.375294	0.586200	0.073612	0.182990
0.375074	0.584376	0.073331	0.183463
0.375115	0.580076	0.075344	0.182894
0.375303	0.578363	0.075887	0.183669
0.374728	0.577031	0.078900	0.182889
0.377047	0.574848	0.077918	0.183585
0.380082	0.572645	0.078620	0.181865
0.379617	0.571196	0.079079	0.183197
0.379739	0.571097	0.079201	0.183543
0.379882	0.569876	0.080590	0.183304
0.379417	0.565280	0.080845	0.182873
0.381751	0.564775	0.083072	0.182161
0.385031	0.563824	0.085166	0.182939
0.384271	0.564064	0.084339	0.183449
0.384758	0.561571	0.084072	0.183638
0.384326	0.560093	0.083469	0.182262
0.384637	0.559647	0.085513	0.182804
0.384327	0.558110	0.084615	0.182214
0.384529	0.557519	0.085974	0.182182
0.384487	0.557342	0.085794	0.182308
0.384516	0.555701	0.086062	0.182295
0.384497	0.556925	0.086409	0.184462
0.384536	0.556699	0.086073	0.181850
0.384359	0.553818	0.087574	0.184177
0.384596	0.554832	0.088743	0.183378
0.384428	0.555778	0.089423	0.184028
0.384518	0.557417	0.087861	0.184148
0.384464	0.556749	0.087047	0.183930
0.384549	0.557450	0.086345	0.182974
0.384474	0.558710	0.089504	0.181783
0.384573	0.557875	0.087798	0.183142
0.384217	0.558174	0.087691	0.182212
0.380050	0.558109	0.089145	0.183704
0.379670	0.559483	0.086983	0.182640
0.379746	0.560203	0.089423	0.182569
0.379716	0.559936	0.090075	0.183289
0.379731	0.561023	0.088307	0.183311
0.379680	0.563285	0.089868	0.183165
0.379716	0.562969	0.090115	0.183414
0.379689	0.565410	0.088937	0.184540
0.379659	0.566900	0.088761	0.180681
0.379663	0.568488	0.090335	0.182800
0.379716	0.570133	0.087636	0.181968
0.379675	0.572649	0.088151	0.183558
0.379718	0.576627	0.087534	0.183578
0.379649	0.577156	0.087084	0.185490
0.379668	0.579398	0.084794	0.183317
0.379707	0.581740	0.085464	0.181370
0.379669	0.581729	0.085878	0.183277
0.379677	0.585210	0.086731	0.182960
0.379791	0.585639	0.085016	0.184275
0.379793	0.587458	0.085231	0.184043
0.379665	0.590063	0.086813	0.183253
0.379728	0.593666	0.087018	0.184544
0.379714	0.593764	0.088693	0.182153
0.379727	0.596633	0.088408	0.183624
0.379721	0.597515	0.087203	0.182449
0.379766	0.598727	0.088541	0.183196
0.379722	0.601054	0.089026	0.184976
0.379785	0.600449	0.088327	0.183767
0.379678	0.604193	0.088436	0.183325
0.379781	0.604810	0.088916	0.184119
0.379638	0.607517	0.088125	0.183785
0.379703	0.608051	0.088778	0.182298
0.379726	0.609456	0.087744	0.184266
0.379644	0.612107	0.087285	0.183389
0.379738	0.613620	0.087406	0.185390
0.379742	0.615422	0.087205	0.183094
0.379717	0.616456	0.085501	0.183575
0.379688	0.618049	0.087393	0.183310
0.379729	0.617906	0.087304	0.183708
0.379763	0.620054	0.086208	0.182334
0.379739	0.619895	0.087572	0.183269
0.379781	0.620959	0.087061	0.183535
0.379757	0.620095	0.089088	0.183173
0.379693	0.618608	0.089693	0.183148
0.379680	0.619255	0.089376	0.183530
0.379746	0.618910	0.092611	0.183989
0.379644	0.616901	0.091377	0.184166
0.379711	0.617299	0.093230	0.183215
0.379686	0.615092	0.093896	0.184253
0.379721	0.614072	0.095348	0.182769
0.379679	0.609941	0.098508	0.184186
0.379790	0.607534	0.101555	0.183109
0.379517	0.605847	0.103311	0.183315
0.380039	0.605466	0.103743	0.182603
0.376841	0.603381	0.106549	0.182143
0.374745	0.603059	0.105013	0.183991
0.375370	0.603164	0.106206	0.182443
0.374696	0.602124	0.107776	0.183113
0.376047	0.599113	0.107389	0.183592
0.379634	0.599210	0.109189	0.182698
0.379739	0.596117	0.108325	0.184211
0.379734	0.595538	0.109802	0.183081
0.379729	0.593376	0.111565	0.184313
0.379684	0.592002	0.112751	0.183325
0.379751	0.592305	0.112665	0.183909
0.379742	0.591063	0.111558	0.182057
0.379727	0.590785	0.111921	0.184120
0.379644	0.588795	0.111039	0.182909
0.379703	0.588879	0.110861	0.184489
0.379628	0.588820	0.110085	0.183444
0.379788	0.587949	0.109299	0.182993
0.379653	0.587986	0.107922	0.182433
0.379698	0.588442	0.107367	0.183369
0.379670	0.587000	0.104894	0.184971
0.379736	0.586603	0.102930	0.182730
0.379647	0.587271	0.101169	0.184836
0.379686	0.586925	0.099567	0.183877
0.379640	0.587278	0.098132	0.183830
0.379747	0.586142	0.097124	0.182259
0.379674	0.588251	0.094244	0.184011
0.379713	0.588324	0.092428	0.182815
0.379609	0.590474	0.087962	0.183530
0.379822	0.591421	0.087743	0.183549
0.379599	0.594738	0.084152	0.182853
0.379846	0.598826	0.080793	0.182601
0.379500	0.601774	0.076039	0.183064
0.380803	0.604420	0.073349	0.182415
0.384704	0.608203	0.070116	0.183896
0.384352	0.612343	0.066215	0.181096
0.384625	0.615590	0.063507	0.184437
0.384464	0.620337	0.059811	0.183012
0.384573	0.622002	0.057256	0.183629
0.384320	0.624924	0.055799	0.182759
0.384690	0.626915	0.054303	0.182517
0.384257	0.630058	0.050053	0.182741
0.388100	0.631870	0.049840	0.181828
0.389841	0.633148	0.048045	0.183817
0.389188	0.634008	0.048035	0.181848
0.389687	0.634585	0.046677	0.184647
0.389125	0.635979	0.046979	0.183464
0.393300	0.635638	0.048558	0.182438
0.394691	0.636052	0.048473	0.183114
0.394516	0.636585	0.048040	0.183173
0.394405	0.636138	0.048510	0.183876
0.398269	0.636946	0.047955	0.183453
0.399978	0.639922	0.047454	0.184174
0.399092	0.640404	0.046409	0.183693
0.400921	0.641834	0.045980	0.183629
0.405022	0.644750	0.044828	0.181968
0.404235	0.647510	0.042963	0.183679
0.408570	0.650532	0.039696	0.182810
0.409610	0.654466	0.039639	0.183449
0.410951	0.659134	0.039067	0.184060
0.415139	0.659332	0.036886	0.182666
0.414209	0.663438	0.034752	0.183943
0.416275	0.666530	0.032328	0.182918
0.420050	0.668485	0.031267	0.182662
0.419314	0.671562	0.030185	0.184055
0.421285	0.676834	0.028862	0.184461
0.424577	0.680977	0.025354	0.184079
0.424223	0.680867	0.023689	0.182023
0.424528	0.684504	0.022056	0.183227
0.428331	0.685496	0.022254	0.182226
0.430027	0.686172	0.021297	0.183777
0.428943	0.686115	0.019833	0.183503
0.431461	0.686161	0.020969	0.184358
0.434692	0.687078	0.019566	0.184419
0.434471	0.687250	0.022115	0.183138
0.434339	0.685994	0.020888	0.184660
0.435921	0.684247	0.023125	0.183795
0.440097	0.683631	0.023637	0.183653
0.438791	0.679723	0.026106	0.183202
0.441448	0.677347	0.029025	0.184955
0.444735	0.674358	0.032605	0.183416
0.444581	0.669442	0.034004	0.186341
0.444522	0.665852	0.035494	0.184346
0.448750	0.663112	0.037818	0.184348
0.449513	0.658749	0.036116	0.184680
0.451081	0.653411	0.039315	0.185540
0.455279	0.650586	0.043294	0.184976
0.454163	0.647993	0.045442	0.183375
0.459113	0.640769	0.050835	0.184571
0.459318	0.638185	0.053072	0.184052
0.461636	0.631158	0.058040	0.184590
0.465145	0.627394	0.060918	0.184464
0.464749	0.621649	0.064447	0.184721
0.469042	0.617458	0.067454	0.184667
0.469965	0.611665	0.072084	0.184603
0.469650	0.606383	0.076848	0.185824
0.473912	0.602733	0.080968	0.185415
0.474490	0.597621	0.084743	0.185132
0.474614	0.594083	0.088288	0.185772
0.474180	0.589578	0.092199	0.184069
0.476488	0.587378	0.094470	0.186110
0.479987	0.585152	0.098193	0.184813
0.479296	0.581262	0.100720	0.185085
0.479750	0.579745	0.103395	0.184957
0.479367	0.578030	0.105128	0.185679
0.479591	0.575185	0.107936	0.184478
0.479462	0.572579	0.109338	0.184461
0.479616	0.572059	0.109478	0.185045
0.479610	0.568672	0.112907	0.185818
0.479522	0.568951	0.112876	0.185418
0.479464	0.566699	0.113352	0.183599
0.479602	0.565309	0.114598	0.184474
0.479353	0.564289	0.116663	0.185024
0.475216	0.561845	0.117595	0.186110
0.474326	0.562696	0.118725	0.185807
0.474688	0.561181	0.119112	0.184377
0.474278	0.560742	0.119614	0.185205
0.474885	0.558979	0.120871	0.182909
0.472581	0.558543	0.120244	0.184364
0.469249	0.556684	0.121055	0.183953
0.470393	0.556442	0.122463	0.185469
0.467382	0.555547	0.121712	0.184310
0.464391	0.554123	0.121029	0.183663
0.464801	0.553021	0.122413	0.184945
0.459868	0.551824	0.124000	0.186000
0.460023	0.551437	0.122423	0.184154
0.457428	0.549283	0.122853	0.184613
0.454098	0.548602	0.122487	0.184486
0.455289	0.548595	0.123815	0.184548
0.452189	0.547880	0.124707	0.184162
0.449110	0.545008	0.123863	0.183965
0.449897	0.545330	0.123437	0.184857
0.449063	0.543561	0.122456	0.184293
0.445342	0.542420	0.124013	0.183726
0.444130	0.541560	0.124559	0.185267
0.445208	0.540725	0.126164	0.184078
0.441890	0.538651	0.126587	0.184506
0.439299	0.537450	0.127893	0.184042
0.439406	0.536852	0.128557	0.183299
0.439718	0.535272	0.129087	0.182978
0.437129	0.533162	0.131735	0.185078
0.433950	0.532615	0.132082	0.184570
0.435000	0.532515	0.134101	0.181577
0.432061	0.532292	0.133452	0.184147
0.428915	0.531771	0.134566	0.182948
0.430351	0.531164	0.132901	0.183405
0.426516	0.533653	0.133128	0.184654
0.424430	0.533499	0.134193	0.183574
0.422027	0.535015	0.134475	0.183745
0.419579	0.536825	0.134536	0.184276
0.417322	0.537725	0.131775	0.185050
0.414098	0.537662	0.133198	0.185033
0.414592	0.540436	0.133208	0.183314
0.409669	0.542726	0.132643	0.183111
0.409506	0.542655	0.132358	0.182807
0.404362	0.544637	0.131609	0.182668
0.405237	0.545802	0.131023	0.183587
0.401529	0.548247	0.129087	0.183895
0.399482	0.548880	0.129598	0.181696
0.397011	0.550453	0.127290	0.182994
0.393527	0.551510	0.128242	0.183425
0.390219	0.552027	0.127519	0.182219
0.388568	0.553042	0.125552	0.182993
0.384867	0.554361	0.124901	0.182859
0.383838	0.553310	0.124717	0.182536
0.379974	0.554261	0.124316	0.181801
0.379243	0.557031	0.123212	0.183138
0.375119	0.556678	0.123268	0.183727
0.375495	0.558288	0.121362	0.182295
0.372398	0.559512	0.122683	0.182558
0.369418	0.558267	0.120401	0.182705
0.370562	0.560008	0.119814	0.182609
0.366831	0.560828	0.117548	0.181875
0.364560	0.562171	0.117328	0.183304
0.365232	0.562736	0.116350	0.181076
0.364211	0.564518	0.115698	0.183866
0.360030	0.564644	0.114594	0.181788
0.359963	0.565330	0.111673	0.182904
0.359889	0.565967	0.112348	0.181917
0.360002	0.566689	0.113335	0.180651
0.359773	0.567402	0.112372	0.182016
0.359994	0.567163	0.112927	0.182949
0.359728	0.567922	0.111737	0.183111
0.360306	0.569228	0.112440	0.182806
0.356826	0.569069	0.111110	0.184097
0.354504	0.569233	0.110141	0.182913
0.355093	0.569384	0.110346	0.183486
0.354753	0.570033	0.110054	0.185336
0.354995	0.569860	0.110437	0.183411
0.354941	0.569696	0.109782	0.185264
0.354938	0.571592	0.110476	0.182543
0.354857	0.572288	0.109604	0.183270
0.354843	0.570965	0.109820	0.183133
0.354882	0.571264	0.111131	0.183083
0.354744	0.572903	0.109391	0.183272
0.355031	0.568621	0.108506	0.184028
0.354758	0.571124	0.110531	0.182269
0.355266	0.571022	0.110611	0.181576
0.351503	0.573718	0.111548	0.184266
0.349519	0.572879	0.110363	0.182113
0.350125	0.573386	0.109171	0.182967
0.349867	0.575987	0.109990	0.182494
0.349928	0.574729	0.108283	0.183172
0.349856	0.575627	0.106875	0.182168
0.349842	0.576124	0.107652	0.182965
0.349867	0.577931	0.106582	0.183324
0.349845	0.577330	0.105320	0.181992
0.350048	0.579483	0.105113	0.183165
0.349753	0.579340	0.104676	0.183408
0.350200	0.579038	0.103151	0.181902
0.346383	0.579151	0.103020	0.182438
0.344504	0.581585	0.101922	0.182772
0.344965	0.581390	0.100328	0.182827
0.344756	0.580036	0.100986	0.183111
0.344864	0.579651	0.099753	0.183527
0.344798	0.578927	0.100867	0.183411
0.344851	0.581084	0.100604	0.183450
0.344819	0.577032	0.099233	0.184298
0.344891	0.576364	0.099591	0.183261
0.344794	0.575644	0.101407	0.182286
0.344824	0.572552	0.102212	0.182428
0.344864	0.572993	0.102594	0.183053
0.344828	0.573843	0.101831	0.181498
0.344820	0.573097	0.101306	0.183518
0.344754	0.571450	0.103074	0.183267
0.344945	0.571728	0.101728	0.182286
0.344714	0.570951	0.101120	0.182881
0.345022	0.571029	0.101828	0.181546
0.344562	0.571426	0.100798	0.183677
0.346171	0.569770	0.100495	0.182810
0.350165	0.568956	0.101787	0.183658
0.349755	0.570040	0.102297	0.182155
0.349995	0.567818	0.101870	0.183058
0.349721	0.569160	0.102447	0.182562
0.350007	0.568690	0.103129	0.183231
0.349896	0.569164	0.102335	0.183420
0.349889	0.568019	0.102401	0.182746
0.349850	0.568534	0.102965	0.180982
0.349836	0.570182	0.103252	0.181451
0.349856	0.568169	0.105135	0.181309
0.349883	0.567340	0.105076	0.181739
0.349901	0.567548	0.103517	0.182899
0.349928	0.569672	0.105237	0.182571
0.349836	0.566210	0.106851	0.183406
0.349962	0.566500	0.107513	0.184034
0.349854	0.566151	0.109056	0.183280
0.349955	0.563926	0.109794	0.183877
0.349821	0.561929	0.111936	0.183203
0.349995	0.560149	0.113209	0.183185
0.349740	0.557959	0.115681	0.181908
0.349989	0.555383	0.120424	0.183445
0.349731	0.552835	0.118773	0.183335
0.353878	0.548683	0.122557	0.181981
0.355088	0.548915	0.125589	0.182959
0.354908	0.545948	0.128551	0.183535
0.354923	0.543585	0.127480	0.183633
0.354925	0.546171	0.130071	0.183611
0.354789	0.543621	0.131585	0.182982
0.355203	0.542797	0.133630	0.181478
0.353283	0.543813	0.133659	0.185091
0.349450	0.544312	0.133510	0.184044
0.350123	0.545261	0.134712	0.183275
0.349689	0.546165	0.133229	0.184100
0.350084	0.548225	0.131788	0.182544
0.349719	0.551342	0.129454	0.183388
0.350059	0.551688	0.128663	0.181714
0.349699	0.553684	0.126370	0.184102
0.350083	0.556514	0.123421	0.182286
0.349593	0.557851	0.123370	0.182666
0.350305	0.560616	0.119873	0.183307
0.347923	0.560051	0.120398	0.183428
0.344560	0.562341	0.118937	0.184306
0.344804	0.563710	0.117680	0.183788
0.345059	0.564785	0.113944	0.183684
0.343019	0.565393	0.113768	0.183346
0.339291	0.565697	0.112852	0.184352
0.340083	0.566692	0.112231	0.182957
0.339533	0.566349	0.110802	0.182736
0.339826	0.566324	0.109663	0.184351
0.335390	0.565136	0.110725	0.182666
0.334598	0.566254	0.111623	0.183291
0.334689	0.565086	0.110195	0.181598
0.334690	0.566053	0.109648	0.183340
0.334713	0.565716	0.109837	0.182923
0.334652	0.564886	0.109711	0.183217
0.334725	0.565315	0.109353	0.181887
0.334669	0.564326	0.109660	0.181909
0.334657	0.564271	0.110243	0.186175
0.334731	0.563753	0.111126	0.182742
0.334646	0.561584	0.110116	0.183413
0.334639	0.561274	0.111709	0.183644
0.334804	0.560163	0.110491	0.182028
0.339021	0.560107	0.112059	0.184217
0.339886	0.556508	0.112763	0.183657
0.339757	0.555398	0.114489	0.183257
0.339756	0.553218	0.113064	0.183052
0.339824	0.554806	0.114142	0.184414
0.339955	0.554793	0.112580	0.182732
0.344230	0.554913	0.110907	0.181972
0.344941	0.557681	0.109913	0.182419
0.344735	0.558636	0.105720	0.183748
0.344834	0.560714	0.105667	0.182424
0.344819	0.561535	0.101021	0.183024
0.344867	0.563820	0.099989	0.182741
0.344876	0.564595	0.098115	0.182680
0.344891	0.568343	0.095216	0.183043
0.344790	0.570810	0.093274	0.182954
0.344738	0.574530	0.088233	0.182658
0.344847	0.578812	0.087428	0.182716
0.344792	0.580644	0.082302	0.182963
0.345153	0.584341	0.078010	0.182526
0.349337	0.586170	0.078185	0.182349
0.350039	0.589330	0.074782	0.182805
0.349782	0.589767	0.074151	0.183247
0.349908	0.591879	0.070123	0.181661
0.349821	0.593541	0.071244	0.183205
0.350007	0.594131	0.069618	0.183661
0.349639	0.595648	0.067398	0.182765
0.350196	0.595408	0.067795	0.183978
0.349405	0.597798	0.067029	0.183821
0.352401	0.598962	0.067623	0.183221
0.355236	0.598715	0.067043	0.182479
0.354790	0.599012	0.067518	0.182620
0.354720	0.601518	0.065228	0.184130
0.357191	0.601092	0.066584	0.182883
0.360626	0.600712	0.065770	0.184397
0.359279	0.601219	0.066945	0.182868
0.362563	0.599852	0.067731	0.182192
0.365282	0.598524	0.068914	0.183266
0.365158	0.598524	0.070962	0.181131
0.369982	0.597569	0.070673	0.183781
0.369614	0.596165	0.072681	0.181115
0.372720	0.594694	0.073387	0.183906
0.375499	0.592340	0.074259	0.184068
0.375194	0.588644	0.076357	0.183404
0.379826	0.587020	0.076491	0.185059
0.379194	0.585993	0.080816	0.183543
0.381974	0.582172	0.081451	0.183864
0.384912	0.579707	0.086409	0.183188
0.384162	0.575788	0.089911	0.184779
0.385087	0.573521	0.094019	0.182592
0.389119	0.570371	0.097624	0.183965
0.389555	0.567790	0.099853	0.184364
0.389269	0.566195	0.101152	0.183342
0.390025	0.564059	0.104726	0.184011
0.394161	0.561324	0.107479	0.184142
0.394617	0.560955	0.110174	0.184926
0.394439	0.557997	0.112140	0.183686
0.394605	0.557203	0.114052	0.184675
0.394468	0.557039	0.114039	0.183995
0.394547	0.554436	0.117384	0.184253
0.394370	0.554145	0.119489	0.185437
0.395116	0.552947	0.121693	0.182732
0.399359	0.551639	0.122658	0.184727
0.399558	0.552212	0.124050	0.182973
0.399501	0.548446	0.126270	0.183865
0.399512	0.545686	0.126958	0.183064
0.399526	0.544687	0.129606	0.183686
0.399555	0.544580	0.130347	0.182721
0.399438	0.542291	0.134192	0.184838
0.399568	0.539989	0.133655	0.185346
0.399455	0.540523	0.136046	0.183824
0.399739	0.538325	0.138462	0.184460
0.398767	0.538984	0.138157	0.184029
0.394492	0.536853	0.139567	0.184322
0.394648	0.537702	0.141058	0.184936
0.394429	0.541326	0.138503	0.184014
0.394561	0.544163	0.138853	0.185687
0.394457	0.547986	0.137916	0.183666
0.394500	0.551675	0.135778	0.185688
0.394400	0.558131	0.133580	0.184035
0.394636	0.559983	0.130066	0.185242
0.394296	0.567057	0.129943	0.184026
0.394928	0.570924	0.126717	0.185720
0.391369	0.574808	0.122900	0.183638
0.388959	0.578489	0.121705	0.185638
0.389752	0.582669	0.117054	0.185367
0.389171	0.587293	0.116133	0.183532
0.389675	0.591247	0.114839	0.184570
0.389068	0.593724	0.111843	0.184405
0.389958	0.598890	0.112586	0.184014
0.386038	0.600632	0.109594	0.182910
0.384147	0.602938	0.108223	0.184172
0.384648	0.605203	0.108572	0.185422
0.384596	0.606833	0.107225	0.183611
0.383719	0.610377	0.106675	0.185908
0.379509	0.613967	0.105422	0.184326
0.379816	0.615901	0.104335	0.184593
0.379514	0.617520	0.103611	0.182969
0.379918	0.617947	0.100893	0.183980
0.379497	0.620249	0.101687	0.184490
0.379869	0.621642	0.101362	0.185088
0.379324	0.623721	0.099400	0.184187
0.382934	0.626508	0.100274	0.185054
0.384819	0.627703	0.096760	0.185447
0.384439	0.629377	0.098492	0.182526
0.384497	0.628333	0.095844	0.184105
0.384561	0.630156	0.095093	0.182655
0.384262	0.629448	0.096533	0.184848
0.385516	0.630973	0.095069	0.184617
0.389657	0.631286	0.096627	0.183354
0.389309	0.630809	0.095496	0.184146
0.389593	0.631278	0.095306	0.183306
0.389373	0.632701	0.094567	0.186220
0.389515	0.633519	0.093643	0.185415
0.389376	0.632143	0.093910	0.183763
0.389442	0.633018	0.092929	0.184302
0.389392	0.631487	0.094577	0.183450
0.389489	0.632180	0.094890	0.184609
0.389411	0.631926	0.097397	0.183773
0.389512	0.631555	0.098709	0.184818
0.389407	0.629533	0.098634	0.182455
0.389494	0.629001	0.099782	0.184689
0.389455	0.626453	0.101807	0.181778
0.389491	0.624185	0.101128	0.183712
0.389472	0.622254	0.102703	0.184129
0.389476	0.621776	0.105874	0.183083
0.389389	0.618579	0.107237	0.185189
0.389553	0.618507	0.108600	0.184364
0.389331	0.617311	0.108745	0.183253
0.393057	0.614738	0.112238	0.183286
0.394966	0.612148	0.113100	0.184154
0.390636	0.608698	0.115414	0.183507
0.389326	0.607190	0.116797	0.184439
0.389578	0.605026	0.117835	0.184711
0.389425	0.602008	0.121762	0.184595
0.389423	0.600908	0.122811	0.183846
0.389415	0.596389	0.127908	0.184640
0.389446	0.594203	0.129593	0.183099
0.389474	0.591472	0.131745	0.183519
0.389450	0.588072	0.133728	0.185045
0.389499	0.585350	0.136152	0.184816
0.389474	0.580876	0.138624	0.184301
0.389416	0.579547	0.140016	0.182799
0.389539	0.575310	0.144733	0.183488
0.389443	0.574458	0.147429	0.187600
0.389438	0.571480	0.149356	0.184778
0.389423	0.568964	0.149355	0.183547
0.389491	0.563977	0.151948	0.183614
0.389367	0.561458	0.152760	0.185390
0.389516	0.560754	0.153958	0.184229
0.389299	0.556872	0.155467	0.183835
0.389509	0.556841	0.159004	0.185738
0.389378	0.556296	0.159375	0.185883
0.389519	0.553365	0.159328	0.184828
0.389377	0.551509	0.160133	0.183549
0.389515	0.551219	0.161379	0.185438
0.385407	0.550308	0.162816	0.184865
0.384237	0.549189	0.161500	0.186784
0.384568	0.550134	0.161801	0.185153
0.384395	0.548961	0.162543	0.185664
0.384522	0.549197	0.160751	0.186356
0.384459	0.547024	0.160817	0.182390
0.384576	0.547454	0.161513	0.185004
0.384439	0.547652	0.163185	0.183834
0.384487	0.549884	0.162234	0.185212
0.384470	0.551615	0.161683	0.183494
0.380654	0.552935	0.161286	0.185583
0.379408	0.552257	0.161044	0.185641
0.379859	0.554165	0.160703	0.184191
0.379517	0.553678	0.160478	0.186126
0.379900	0.555823	0.158988	0.183010
0.379530	0.555990	0.157993	0.185692
0.380097	0.557914	0.157534	0.184048
0.377918	0.558708	0.155609	0.182724
0.374706	0.557753	0.155542	0.184135
0.375330	0.557413	0.155086	0.185552
0.374988	0.558552	0.154785	0.182765
0.375164	0.559304	0.153027	0.184103
0.375011	0.557211	0.152008	0.185402
0.375109	0.557647	0.151706	0.183281
0.375082	0.556942	0.151514	0.184493
0.375079	0.557597	0.149622	0.183092
0.375125	0.556258	0.148313	0.184733
0.375144	0.556285	0.146843	0.185791
0.374988	0.556001	0.146439	0.184134
0.370723	0.555122	0.145203	0.183654
0.369775	0.554702	0.145967	0.184221
0.370202	0.552644	0.143853	0.183525
0.369933	0.552206	0.144268	0.184087
0.370116	0.550814	0.143842	0.183573
0.369904	0.548656	0.143813	0.182574
0.370029	0.546463	0.142951	0.183549
0.365459	0.546552	0.142292	0.183463
0.365051	0.545490	0.142992	0.183245
0.364805	0.544420	0.143392	0.183915
0.365308	0.539966	0.145941	0.182435
0.362814	0.540681	0.145961	0.184873
0.359474	0.540185	0.145796	0.184871
0.360131	0.537051	0.144542	0.182938
0.359620	0.538377	0.143174	0.183928
0.360092	0.537751	0.141540	0.184342
0.359446	0.539301	0.140338	0.182678
0.355534	0.539207	0.140074	0.183726
0.354581	0.539406	0.140061	0.184784
0.355128	0.538419	0.139220	0.183009
0.354610	0.537864	0.137844	0.183388
0.355453	0.538310	0.138327	0.181690
0.352392	0.537522	0.137822	0.183588
0.349573	0.538767	0.136808	0.181151
0.349879	0.538819	0.136228	0.181479
0.349805	0.540551	0.135406	0.184614
0.349757	0.539537	0.134586	0.182282
0.350230	0.543792	0.132515	0.184084
0.347510	0.543610	0.130036	0.182769
0.344339	0.545998	0.129132	0.182859
0.345119	0.546852	0.128366	0.183684
0.344646	0.548075	0.129014	0.182482
0.344740	0.548904	0.125797	0.182658
0.339894	0.548064	0.126940	0.184024
0.339938	0.549754	0.126726	0.182720
0.339416	0.550652	0.125931	0.182231
0.340220	0.551411	0.125869	0.184330
0.337087	0.552696	0.123924	0.183220
0.334368	0.552971	0.123455	0.183933
0.334789	0.553395	0.123942	0.181976
0.334552	0.552470	0.120612	0.181576
0.334817	0.555729	0.123144	0.183285
0.334523	0.556166	0.123480	0.183142
0.334667	0.557384	0.121438	0.182379
0.334612	0.559433	0.120591	0.181898
0.334650	0.560173	0.119390	0.182928
0.334758	0.562273	0.116840	0.181937
0.334604	0.563560	0.116102	0.181867
0.334902	0.564221	0.113392	0.183765
0.334254	0.564371	0.112328	0.182266
0.337412	0.566631	0.111267	0.182548
0.340221	0.568922	0.110733	0.183300
0.339526	0.568942	0.108639	0.182637
0.339929	0.569919	0.107983	0.182891
0.339554	0.569597	0.106354	0.183369
0.339852	0.570784	0.106021	0.181632
0.339684	0.569706	0.105207	0.181780
0.339797	0.570520	0.105853	0.182779
0.339692	0.570452	0.104608	0.180030
0.339706	0.569865	0.106651	0.182497
0.339699	0.569434	0.105943	0.181689
0.339786	0.566980	0.105166	0.182531
0.339682	0.566552	0.104920	0.183979
0.339785	0.565433	0.107130	0.182706
0.339706	0.561448	0.107264	0.182635
0.339775	0.561013	0.109757	0.182751
0.339797	0.559459	0.110123	0.182871
0.339701	0.558225	0.111502	0.183227
0.339773	0.554923	0.112920	0.183369
0.339671	0.553530	0.113593	0.181761
0.339741	0.551927	0.114882	0.184713
0.339688	0.552025	0.115215	0.183272
0.339875	0.550815	0.118323	0.183045
0.339617	0.548493	0.119046	0.183181
0.340480	0.547975	0.118664	0.183475
0.344754	0.546772	0.119137	0.183564
0.344728	0.546497	0.118373	0.182830
0.344783	0.545182	0.119112	0.181402
0.344790	0.546810	0.120105	0.184055
0.344883	0.544395	0.121124	0.184079
0.344676	0.545018	0.118745	0.182348
0.344857	0.543695	0.120966	0.182267
0.344759	0.544320	0.121329	0.182891
0.344848	0.543745	0.118983	0.184277
0.344790	0.544371	0.119887	0.182598
0.344817	0.545385	0.119664	0.182622
0.344651	0.545787	0.118519	0.182582
0.345039	0.545958	0.117318	0.182217
0.343902	0.545892	0.115482	0.183623
0.339742	0.548583	0.114172	0.182834
0.339820	0.549371	0.113362	0.183454
0.339745	0.549227	0.113367	0.182856
0.339780	0.548670	0.112565	0.182757
0.339751	0.548205	0.113877	0.183364
0.339709	0.549489	0.112694	0.181342
0.339669	0.547971	0.113642	0.182663
0.339771	0.548781	0.113415	0.184132
0.339718	0.547593	0.113332	0.183471
0.339746	0.549295	0.115277	0.183986
0.339737	0.548882	0.115079	0.182638
0.339678	0.548113	0.115844	0.181104
0.339709	0.548005	0.115522	0.183502
0.339761	0.546761	0.116338	0.183167
0.339804	0.548120	0.115517	0.183371
0.339666	0.546255	0.115733	0.182856
0.339821	0.548388	0.117044	0.182636
0.339515	0.545829	0.117271	0.182227
0.340843	0.546052	0.116638	0.184059
0.344933	0.546142	0.117972	0.181481
0.344688	0.546448	0.115421	0.185262
0.344866	0.546971	0.115094	0.183151
0.344728	0.547641	0.117415	0.182249
0.344913	0.545926	0.117328	0.183252
0.344788	0.546283	0.118413	0.182786
0.344849	0.546820	0.117537	0.181948
0.344866	0.545528	0.117091	0.182220
0.344943	0.545996	0.119479	0.183023
0.344802	0.544766	0.119008	0.183872
0.344889	0.543819	0.117647	0.184351
0.344823	0.541551	0.117596	0.181577
0.344920	0.542613	0.117685	0.183256
0.344803	0.542377	0.118526	0.182978
0.344856	0.540438	0.117868	0.181859
0.344768	0.539840	0.118634	0.182874
0.344912	0.538861	0.120053	0.182829
0.344807	0.537642	0.120031	0.182625
0.344841	0.538825	0.121509	0.183183
0.344888	0.536900	0.122002	0.182806
0.344775	0.536539	0.120859	0.182333
0.344772	0.533573	0.124602	0.183251
0.344782	0.533163	0.124415	0.183045
0.344829	0.530952	0.127656	0.183177
0.344734	0.529635	0.128375	0.182936
0.344782	0.527168	0.129021	0.182023
0.344726	0.525375	0.130535	0.182815
0.344793	0.525236	0.131782	0.182393
0.344758	0.522063	0.132407	0.182445
0.344859	0.521227	0.134818	0.183664
0.344721	0.518643	0.137440	0.184003
0.344941	0.516753	0.136019	0.183286
0.344817	0.513750	0.138019	0.181913
0.344881	0.511618	0.139444	0.184054
0.344699	0.510099	0.140681	0.182999
0.345071	0.508550	0.141281	0.183201
0.343330	0.505776	0.141799	0.182641
0.339301	0.505559	0.142380	0.182592
0.340093	0.505162	0.141800	0.183022
0.339490	0.504088	0.141854	0.181758
0.340076	0.503385	0.140511	0.181409
0.339343	0.503431	0.141309	0.182824
0.340330	0.504453	0.138683	0.184164
0.337932	0.504946	0.137441	0.183265
0.334551	0.506914	0.137423	0.183470
0.334577	0.507055	0.135870	0.182582
0.335071	0.506895	0.135013	0.183550
0.333016	0.506886	0.133984	0.183832
0.329816	0.508482	0.133977	0.182272
0.329939	0.511307	0.132221	0.181218
0.330226	0.512907	0.130745	0.181411
0.328361	0.513554	0.128616	0.182171
0.324609	0.516547	0.125713	0.184127
0.325001	0.518086	0.126656	0.182903
0.325058	0.519030	0.123563	0.182137
0.323366	0.519711	0.122727	0.181868
0.319496	0.520893	0.121100	0.183275
0.320149	0.520476	0.121333	0.181243
0.319656	0.521148	0.120470	0.183326
0.316063	0.524075	0.119635	0.182603
0.314481	0.523763	0.118640	0.183289
0.315374	0.524326	0.118784	0.181833
0.314531	0.524772	0.118341	0.183132
0.315485	0.526024	0.118191	0.181527
0.312915	0.523550	0.117366	0.181930
0.309653	0.525897	0.118061	0.182769
0.309928	0.525306	0.116510	0.181935
0.310011	0.525530	0.117230	0.182627
0.309890	0.526095	0.117336	0.183486
0.309911	0.522569	0.117178	0.184005
0.309627	0.524826	0.116038	0.181226
0.310197	0.525089	0.116493	0.181167
0.309462	0.525007	0.115974	0.183091
0.311891	0.525142	0.115960	0.182374
0.315216	0.522271	0.117546	0.183832
0.314858	0.523922	0.117059	0.182645
0.314652	0.524759	0.116833	0.182390
0.316835	0.524008	0.116917	0.182903
0.320397	0.523514	0.117894	0.182052
0.319638	0.523740	0.117433	0.181010
0.320113	0.522969	0.118236	0.182305
0.319745	0.523946	0.116917	0.183393
0.319998	0.523832	0.114981	0.181521
0.319755	0.523613	0.115534	0.182559
0.319992	0.523499	0.115050	0.181226
0.319987	0.526046	0.113674	0.182717
0.324394	0.527676	0.113176	0.182424
0.325050	0.526049	0.111758	0.181687
0.324992	0.528116	0.109711	0.182365
0.325027	0.530654	0.108314	0.182797
0.324943	0.533411	0.105527	0.183275
0.324935	0.535177	0.105500	0.183068
0.324883	0.539789	0.099636	0.181967
0.325139	0.540144	0.099096	0.181933
0.329474	0.541763	0.096848	0.182766
0.330162	0.544727	0.092964	0.182249
0.329955	0.547638	0.092839	0.182953
0.330087	0.549384	0.089734	0.182132
0.329955	0.551545	0.089314	0.182082
0.330335	0.554276	0.086777	0.181504
0.334104	0.556102	0.084389	0.182508
0.334847	0.556612	0.080539	0.182282
0.334511	0.560587	0.081438	0.182603
0.334878	0.562097	0.081565	0.183738
0.334429	0.562615	0.079256	0.184450
0.335031	0.564773	0.079268	0.182282
0.334113	0.567761	0.077507	0.184157
0.337358	0.569864	0.077253	0.183631
0.340038	0.569909	0.077425	0.181984
0.339765	0.568897	0.077793	0.183028
0.339422	0.570283	0.076580	0.183835
0.342185	0.572212	0.075397	0.183030
0.345272	0.573102	0.075785	0.182334
0.344492	0.573351	0.074456	0.181552
0.345273	0.574042	0.075506	0.182564
0.349480	0.575354	0.076279	0.182864
0.349659	0.574302	0.074808	0.183092
0.352217	0.574949	0.075462	0.183846
0.355663	0.574752	0.076780	0.183419
0.354225	0.575006	0.076128	0.182949
0.357735	0.574299	0.076369	0.184679
0.360209	0.574424	0.075956	0.182622
0.359644	0.574067	0.074944	0.183099
0.360478	0.572158	0.076623	0.182781
0.364502	0.571532	0.077015	0.184307
0.365241	0.572277	0.077165	0.183470
0.364554	0.570255	0.079564	0.183750
0.367597	0.567673	0.082181	0.182984
0.370594	0.566032	0.083661	0.184348
0.369447	0.563168	0.086266	0.182631
0.372711	0.560298	0.090649	0.183216
0.375681	0.558314	0.090178	0.184277
0.374529	0.555508	0.092543	0.183668
0.377856	0.554185	0.095622	0.184100
0.379796	0.552594	0.097530	0.184544
0.380130	0.547226	0.100892	0.184018
0.384340	0.544570	0.102718	0.185529
0.384626	0.540048	0.104455	0.184191
0.384266	0.538723	0.107771	0.184772
0.387107	0.532147	0.111197	0.183710
0.389965	0.528447	0.114499	0.184772
0.389140	0.524113	0.118365	0.185192
0.389894	0.520152	0.120986	0.185367
0.388938	0.516145	0.126434	0.184732
0.392480	0.513227	0.128963	0.184335
0.394872	0.508164	0.133158	0.184083
0.394334	0.504281	0.133019	0.184897
0.394705	0.501706	0.136766	0.184944
0.394464	0.498209	0.139114	0.183741
0.394736	0.495186	0.139443	0.184937
0.394230	0.491775	0.141103	0.184089
0.395244	0.489751	0.142966	0.184987
0.399430	0.489515	0.143159	0.185495
0.399530	0.488717	0.143437	0.182713
0.399569	0.489143	0.143516	0.184707
0.399537	0.490629	0.142541	0.183493
0.399412	0.489035	0.140867	0.184233
0.399608	0.493041	0.137466	0.183768
0.399417	0.493504	0.137305	0.186128
0.399677	0.495417	0.135273	0.184638
0.399402	0.497035	0.131482	0.184228
0.399752	0.497494	0.129486	0.185222
0.398642	0.498444	0.128636	0.184946
0.394596	0.499228	0.128711	0.185026
0.394385	0.501102	0.127450	0.184548
0.394641	0.501520	0.124958	0.184357
0.393708	0.504398	0.123539	0.182843
0.389294	0.505872	0.123752	0.184080
0.389718	0.507228	0.122529	0.184376
0.388616	0.506846	0.122307	0.182513
0.384424	0.508198	0.119083	0.183999
0.384662	0.509513	0.120300	0.182017
0.383589	0.508188	0.117569	0.183771
0.379658	0.509135	0.116982	0.182879
0.379866	0.508852	0.117121	0.183213
0.379635	0.510624	0.115770	0.183339
0.379783	0.509775	0.114859	0.183865
0.379632	0.510517	0.115133	0.182314
0.379762	0.510740	0.113925	0.183622
0.379669	0.510232	0.112205	0.184605
0.379808	0.511865	0.111253	0.183190
0.379649	0.513947	0.108536	0.182254
0.379790	0.515040	0.107368	0.182513
0.379634	0.517589	0.104775	0.182579
0.379790	0.519930	0.102661	0.183459
0.379579	0.524610	0.100529	0.183187
0.380027	0.528215	0.097287	0.182732
0.376530	0.532872	0.095602	0.182722
0.374817	0.537126	0.093207	0.183071
0.375253	0.541124	0.090053	0.181979
0.374998	0.546691	0.086210	0.184449
0.375199	0.550234	0.083823	0.182021
0.375054	0.556917	0.080094	0.182072
0.375136	0.562030	0.076985	0.183195
0.375071	0.565711	0.073367	0.181898
0.375121	0.568314	0.069461	0.183688
0.375056	0.573293	0.068938	0.182033
0.375075	0.578628	0.065070	0.183736
0.375135	0.582060	0.061556	0.183756
0.375133	0.585856	0.059781	0.183240
0.375077	0.588638	0.056754	0.183703
0.375105	0.592461	0.054594	0.182999
0.375109	0.594703	0.053349	0.184985
0.375085	0.598464	0.050066	0.182653
0.375130	0.600980	0.049452	0.182915
0.375168	0.602107	0.048256	0.183281
0.375069	0.604345	0.045785	0.183502
0.375103	0.606420	0.045074	0.181021
0.375134	0.609098	0.042075	0.182219
0.375129	0.610247	0.040345	0.183270
0.375138	0.612655	0.039159	0.183421
0.375189	0.611089	0.039077	0.184083
0.374948	0.613071	0.039285	0.182843
0.378420	0.611975	0.039710	0.184280
0.380272	0.610477	0.040295	0.182558
0.379228	0.608573	0.041418	0.183821
0.383544	0.608643	0.044110	0.182250
0.384499	0.604723	0.044124	0.183078
0.385686	0.604377	0.047970	0.183024
0.390013	0.601819	0.050338	0.183568
0.388993	0.599615	0.051343	0.183112
0.391075	0.596488	0.053138	0.183611
0.394812	0.596002	0.054870	0.184382
0.394302	0.591960	0.057570	0.183073
0.398394	0.590316	0.062466	0.183924
0.399797	0.587016	0.064941	0.183852
0.399396	0.583212	0.069397	0.184935
0.403528	0.581722	0.073154	0.184325
0.404907	0.579536	0.076616	0.184846
0.404261	0.577169	0.079451	0.185955
0.406185	0.572048	0.083429	0.184362
0.410173	0.569647	0.087239	0.183861
0.409147	0.562427	0.091164	0.185416
0.411312	0.558881	0.097297	0.184571
0.414753	0.555617	0.100549	0.185799
0.414566	0.552128	0.106789	0.184560
0.414734	0.546691	0.109258	0.187119
0.418686	0.542405	0.114171	0.185406
0.420103	0.539730	0.118561	0.185591
0.419412	0.535943	0.122339	0.185386
0.421259	0.530110	0.127064	0.185674
0.424853	0.526039	0.131770	0.185401
0.423813	0.523619	0.135381	0.187013
0.426424	0.520262	0.140315	0.185982
0.429700	0.517804	0.142478	0.184840
0.429516	0.515433	0.143329	0.187165
0.429312	0.511784	0.147347	0.185489
0.431217	0.510237	0.149339	0.186911
0.434996	0.506482	0.148923	0.185542
0.434183	0.504741	0.153265	0.184975
0.434663	0.504469	0.156051	0.185753
0.434370	0.500015	0.158015	0.185002
0.434601	0.497131	0.160657	0.186016
0.434416	0.494379	0.162497	0.185142
0.434584	0.490895	0.165731	0.186372
0.434553	0.489957	0.168862	0.185759
0.434450	0.487511	0.168956	0.185598
0.434670	0.484726	0.171926	0.185559
0.432801	0.487225	0.173002	0.184485
0.428863	0.487834	0.173225	0.186143
0.430178	0.487053	0.173994	0.186565
0.427162	0.490495	0.171351	0.185673
0.424528	0.492369	0.172856	0.186429
0.422625	0.492802	0.170782	0.187225
0.419297	0.495838	0.170530	0.184184
0.419919	0.496521	0.168481	0.185400
0.415144	0.498487	0.166961	0.185180
0.414498	0.500048	0.167851	0.185450
0.410364	0.503470	0.163766	0.184569
0.409468	0.505230	0.163744	0.184696
0.405371	0.504679	0.162734	0.185806
0.404183	0.507666	0.162384	0.184253
0.400644	0.509034	0.161165	0.185733
0.397261	0.510094	0.158405	0.184815
0.393850	0.510735	0.160769	0.184877
0.390602	0.511517	0.157833	0.184982
0.387113	0.511815	0.159117	0.185682
0.383975	0.512954	0.159290	0.184358
0.380283	0.514082	0.159697	0.183614
0.375298	0.517199	0.158387	0.184159
0.375106	0.520402	0.156477	0.184467
0.370382	0.522288	0.156081	0.184000
0.369891	0.527070	0.154035	0.183976
0.365192	0.529312	0.152018	0.183540
0.365396	0.536194	0.147949	0.184697
0.362559	0.538007	0.146099	0.183524
0.359633	0.543223	0.144069	0.184140
0.359906	0.547861	0.141127	0.183389
0.360200	0.550314	0.136826	0.182467
0.357696	0.557309	0.136149	0.183906
0.354465	0.560428	0.134094	0.183807
0.355217	0.563434	0.131731	0.184435
0.354694	0.567415	0.126674	0.183088
0.355160	0.571236	0.123940	0.184244
0.354585	0.575663	0.121277	0.183527
0.350270	0.580224	0.117744	0.184694
0.349822	0.583201	0.114579	0.181937
0.349531	0.585778	0.112788	0.184233
0.345268	0.589930	0.108298	0.183807
0.344590	0.591820	0.107575	0.182360
0.345244	0.595579	0.103876	0.182886
0.342302	0.596960	0.103693	0.183399
0.339308	0.600928	0.101741	0.183692
0.339955	0.603218	0.099015	0.182865
0.339580	0.604251	0.097809	0.184163
0.339901	0.604814	0.096230	0.181899
0.339258	0.606429	0.094490	0.183099
0.335096	0.607800	0.094059	0.183619
0.334676	0.608926	0.092141	0.183260
0.334670	0.610165	0.090917	0.182774
0.335124	0.609607	0.090011	0.184276
0.339535	0.611507	0.088694	0.184177
0.339800	0.613233	0.087460	0.183167
0.339727	0.613989	0.087837	0.182815
0.339748	0.615485	0.084942	0.184457
0.339767	0.618996	0.082017	0.182415
0.339786	0.622755	0.080483	0.183554
0.339821	0.622540	0.078687	0.182736
0.339703	0.626431	0.078033	0.184287
0.340185	0.628861	0.074666	0.183271
0.344741	0.630363	0.071353	0.183798
0.344767	0.632978	0.070480	0.183362
0.344933	0.635282	0.068614	0.184614
0.344592	0.637236	0.067536	0.184065
0.345090	0.639816	0.067297	0.183327
0.344403	0.642865	0.064288	0.184469
0.347670	0.643656	0.062645	0.184298
0.350264	0.644089	0.060246	0.182462
0.349707	0.647081	0.061573	0.183881
0.349964	0.648622	0.058204	0.182928
0.350416	0.651421	0.059656	0.183256
0.354955	0.653125	0.055734	0.183905
0.354833	0.656868	0.054329	0.183471
0.354999	0.659278	0.053109	0.182072
0.355353	0.657262	0.053117	0.183842
0.360038	0.659203	0.053798	0.184232
0.359523	0.660643	0.052748	0.183692
0.360792	0.661815	0.054244	0.183128
0.364509	0.661454	0.055514	0.183154
0.365900	0.659658	0.054722	0.184931
0.369649	0.657373	0.057030	0.184268
0.370935	0.655758	0.057197	0.185142
0.374749	0.654029	0.061196	0.184387
0.375869	0.654472	0.060588	0.184781
0.379446	0.653626	0.062631	0.183404
0.380523	0.653442	0.061996	0.184192
0.384266	0.652916	0.062759	0.185481
0.385338	0.651512	0.064163	0.184660
0.389294	0.651608	0.063181	0.183505
0.390173	0.651779	0.065024	0.185720
0.394568	0.650616	0.067523	0.185624
0.394916	0.647098	0.066891	0.185486
0.399830	0.646489	0.069043	0.185651
0.399024	0.644681	0.070514	0.183562
0.402950	0.642232	0.072400	0.184712
0.404779	0.640732	0.074484	0.186391
0.405296	0.636718	0.075680	0.183024
0.409989	0.635039	0.077292	0.185733
0.409243	0.630040	0.079882	0.183712
0.410744	0.627796	0.081756	0.185569
0.414543	0.623828	0.083562	0.184343
0.414753	0.620374	0.086022	0.185100
0.414424	0.616700	0.089674	0.184857
0.415620	0.614407	0.090659	0.185350
0.419751	0.612262	0.093703	0.185848
0.419732	0.608802	0.095135	0.184253
0.419578	0.607119	0.096379	0.185167
0.422810	0.602855	0.100151	0.185074
0.424916	0.601180	0.100342	0.185410
0.423990	0.599133	0.102305	0.184454
0.427904	0.597514	0.103766	0.186071
0.429920	0.596048	0.104047	0.186221
0.429192	0.595260	0.105509	0.185401
0.432864	0.594693	0.107138	0.185752
0.434997	0.594651	0.107293	0.184554
0.434006	0.595720	0.105226	0.184248
0.438047	0.593311	0.106147	0.183238
0.439807	0.591707	0.106790	0.185427
0.439313	0.591333	0.108562	0.184697
0.439643	0.591257	0.107715	0.184687
0.439322	0.591894	0.107473	0.185172
0.439581	0.588962	0.109754	0.184791
0.439365	0.587571	0.109723	0.185083
0.439498	0.585369	0.111214	0.184169
0.439290	0.585603	0.110171	0.185400
0.439585	0.582925	0.112724	0.184234
0.439261	0.582726	0.113006	0.185287
0.439784	0.582043	0.114078	0.185705
0.438082	0.580284	0.114240	0.184295
0.434366	0.578394	0.115800	0.184488
0.434545	0.578061	0.116564	0.185248
0.434429	0.577157	0.115533	0.184952
0.434405	0.575031	0.117747	0.185685
0.434670	0.573193	0.120328	0.184965
0.433230	0.573660	0.119216	0.186185
0.429226	0.571579	0.119307	0.185546
0.429799	0.572049	0.120823	0.185371
0.429328	0.569197	0.120320	0.184288
0.429689	0.569603	0.122089	0.186285
0.429408	0.569474	0.119961	0.184377
0.429756	0.570451	0.120294	0.183924
0.429339	0.567975	0.119995	0.183920
0.429906	0.568626	0.119706	0.184614
0.428092	0.570371	0.119847	0.184936
0.424079	0.570262	0.119288	0.182266
0.424557	0.573380	0.117735	0.184298
0.424237	0.573191	0.117486	0.183200
0.424603	0.574267	0.114510	0.184394
0.424182	0.574571	0.114847	0.183148
0.424668	0.577448	0.113864	0.185045
0.420689	0.578159	0.112431	0.184122
0.419579	0.578348	0.111813	0.183413
0.419724	0.577603	0.111470	0.184087
0.419954	0.579681	0.111817	0.182474
0.418302	0.580951	0.110160	0.183181
0.414236	0.580637	0.111109	0.183891
0.414931	0.582044	0.111385	0.184138
0.414411	0.580341	0.112050	0.183160
0.414848	0.580417	0.114322	0.183802
0.410670	0.579706	0.114021	0.183020
0.409480	0.577657	0.116475	0.183466
0.409861	0.578072	0.117507	0.184327
0.405563	0.579105	0.119307	0.183520
0.404388	0.577745	0.120966	0.184887
0.404827	0.577603	0.122088	0.184396
0.404429	0.577082	0.122771	0.186336
0.404803	0.576657	0.124806	0.182739
0.400377	0.575677	0.125778	0.184377
0.399517	0.576305	0.125434	0.182784
0.399377	0.576270	0.126939	0.184820
0.399872	0.575829	0.125412	0.184714
0.397813	0.573496	0.127371	0.185064
0.394154	0.574425	0.128841	0.186442
0.394739	0.574341	0.130563	0.184187
0.394344	0.572266	0.131902	0.185798
0.394596	0.572455	0.134116	0.185073
0.390380	0.570508	0.133184	0.185043
0.389145	0.569273	0.134413	0.185491
0.389704	0.567402	0.136549	0.185562
0.389199	0.565829	0.138339	0.184635
0.389862	0.563475	0.140898	0.184982
0.387509	0.561820	0.140697	0.184053
0.384137	0.561651	0.141913	0.185583
0.384679	0.561149	0.144739	0.183294
0.384292	0.560959	0.145471	0.184927
0.384612	0.559573	0.147075	0.184352
0.380289	0.558478	0.145553	0.184867
0.379497	0.560441	0.146132	0.185076
0.379832	0.561670	0.147172	0.185252
0.379658	0.561521	0.145484	0.183522
0.379674	0.563404	0.143193	0.185495
0.375589	0.566535	0.141463	0.184268
0.375140	0.569076	0.138371	0.184754
0.374940	0.569918	0.135173	0.183839
0.375441	0.570804	0.132838	0.183560
0.373088	0.574699	0.129919	0.185350
0.369617	0.574207	0.126632	0.182609
0.370280	0.577189	0.123317	0.183920
0.369707	0.578603	0.120124	0.184336
0.365717	0.579761	0.118115	0.184213
0.364790	0.582525	0.114787	0.184011
0.364854	0.582720	0.112269	0.184696
0.360382	0.583371	0.110958	0.183877
0.359895	0.583721	0.107868	0.182463
0.359696	0.583939	0.104576	0.183826
0.355519	0.586643	0.102792	0.183599
0.354755	0.588443	0.100205	0.183801
0.355045	0.588950	0.098675	0.183051
0.354958	0.590810	0.095170	0.184026
0.354713	0.591193	0.093295	0.183376
0.350401	0.592378	0.090866	0.181796
0.349793	0.594135	0.088636	0.183039
0.350054	0.593096	0.088069	0.183236
0.354343	0.592554	0.086033	0.183127
0.355074	0.594178	0.086040	0.183276
0.354740	0.594141	0.085285	0.182934
0.354958	0.593703	0.085124	0.183292
0.354933	0.596171	0.083567	0.184374
0.354997	0.596232	0.082151	0.183726
0.354844	0.596663	0.082885	0.184311
0.354970	0.598576	0.081023	0.184367
0.354862	0.599531	0.080812	0.182073
0.355168	0.601088	0.078993	0.183448
0.359363	0.602706	0.079488	0.183588
0.360102	0.603133	0.076661	0.184216
0.359801	0.605239	0.075602	0.183170
0.359969	0.607425	0.076153	0.184198
0.359758	0.607435	0.074248	0.184920
0.360069	0.609134	0.073734	0.183892
0.359491	0.611695	0.071854	0.183671
0.362449	0.613992	0.068998	0.181852
0.365516	0.614793	0.069478	0.184054
0.364702	0.616386	0.068736	0.183763
0.365175	0.618370	0.066639	0.184174
0.364797	0.620188	0.066984	0.183005
0.365098	0.620643	0.063423	0.183476
0.364774	0.620926	0.064638	0.183012
0.365220	0.621576	0.064769	0.182037
0.364522	0.621811	0.064659	0.183948
0.367674	0.622139	0.066074	0.183684
0.370402	0.619484	0.064502	0.184033
0.369827	0.620632	0.067150	0.184249
0.370133	0.619106	0.066601	0.183463
0.369894	0.618273	0.069233	0.185132
0.370062	0.614703	0.069693	0.183360
0.370362	0.612412	0.071922	0.184664
0.375021	0.610666	0.073680	0.182906
0.374968	0.608126	0.073664	0.184008
0.375372	0.607938	0.074947	0.184064
0.374695	0.604446	0.078103	0.183314
0.377729	0.602048	0.080196	0.183649
0.380122	0.599258	0.081723	0.183519
0.379348	0.596300	0.084177	0.184996
0.382292	0.592586	0.086140	0.184409
0.385091	0.591974	0.088225	0.183277
0.383887	0.588154	0.089959	0.183133
0.387669	0.584808	0.092486	0.182741
0.389596	0.583412	0.094920	0.182512
0.389520	0.578857	0.098561	0.185252
0.389111	0.576646	0.098254	0.184810
0.392354	0.573675	0.103305	0.184018
0.394916	0.569771	0.102150	0.185347
0.394285	0.568844	0.106474	0.183231
0.394547	0.565712	0.108127	0.184945
0.395000	0.564657	0.109263	0.184214
0.399516	0.562530	0.111227	0.185390
0.399403	0.558249	0.112231	0.184797
0.399706	0.556428	0.115286	0.184663
0.399496	0.556212	0.116756	0.185210
0.399677	0.553824	0.118430	0.184375
0.399447	0.552773	0.120903	0.184887
0.399620	0.548496	0.122352	0.184653
0.399511	0.548272	0.123840	0.185426
0.399633	0.545315	0.126664	0.184733
0.399502	0.543807	0.127658	0.184897
0.399583	0.541963	0.129967	0.184762
0.399473	0.540488	0.133641	0.185613
0.399611	0.539391	0.134586	0.183136
0.399453	0.536044	0.135993	0.185946
0.399626	0.537183	0.137933	0.186982
0.399516	0.534221	0.139698	0.184816
0.399576	0.533838	0.140973	0.187140
0.399453	0.532700	0.142675	0.184653
0.399665	0.530958	0.144776	0.185197
0.399270	0.529916	0.145962	0.186604
0.400550	0.528700	0.148308	0.185210
0.404625	0.528409	0.147557	0.185566
0.404617	0.528353	0.149341	0.184516
0.404690	0.527504	0.149218	0.186299
0.404665	0.526817	0.149460	0.183906
0.404528	0.525758	0.152720	0.185717
0.404806	0.525298	0.151216	0.185079
0.404408	0.524450	0.151744	0.183193
0.405021	0.523564	0.150052	0.185266
0.401079	0.524799	0.151845	0.185382
0.399229	0.527064	0.151899	0.184227
0.399585	0.527877	0.151986	0.186423
0.399623	0.528925	0.148979	0.186194
0.396253	0.532059	0.149586	0.184801
0.394003	0.531837	0.149587	0.186342
0.394956	0.533370	0.147201	0.184628
0.393441	0.535256	0.145932	0.187060
0.389323	0.537698	0.143373	0.186095
0.389615	0.537512	0.144134	0.184166
0.389244	0.538978	0.141009	0.183900
0.389747	0.538894	0.142330	0.183286
0.385992	0.538232	0.140444	0.183275
0.384204	0.538882	0.138770	0.184870
0.384595	0.539018	0.138596	0.186076
0.384626	0.539949	0.138636	0.183190
0.381253	0.539874	0.139082	0.183379
0.379155	0.539342	0.138261	0.184714
0.380141	0.538145	0.140220	0.182938
0.376327	0.537730	0.140338	0.184345
0.374882	0.537811	0.141245	0.184045
0.375292	0.539184	0.141509	0.184466
0.374311	0.537924	0.142185	0.184950
0.369903	0.539781	0.142961	0.183542
0.370209	0.539414	0.141047	0.184356
0.369860	0.537562	0.142203	0.183076
0.370390	0.539469	0.142898	0.183319
0.366205	0.541664	0.144060	0.183542
0.364798	0.541098	0.143468	0.184617
0.365070	0.541252	0.144193	0.184009
0.365002	0.543205	0.142263	0.183968
0.364990	0.545108	0.143713	0.183310
0.365037	0.546742	0.141751	0.183078
0.364912	0.547780	0.139948	0.183834
0.365103	0.552595	0.139170	0.184634
0.364788	0.552521	0.137033	0.182784
0.365475	0.555121	0.135001	0.184741
0.363453	0.557974	0.134324	0.184736
0.359802	0.560644	0.130654	0.183961
0.359872	0.558814	0.132114	0.183666
0.359993	0.560411	0.128814	0.183960
0.355994	0.561783	0.128297	0.182761
0.354857	0.561363	0.128849	0.183367
0.353684	0.562574	0.126864	0.183950
0.349397	0.560856	0.127368	0.184600
0.350290	0.559794	0.127330	0.184199
0.345767	0.559911	0.128775	0.183981
0.344566	0.560072	0.127985	0.184087
0.345002	0.559358	0.128043	0.184534
0.340868	0.558736	0.128704	0.185278
0.339505	0.560011	0.128490	0.183430
0.339960	0.558404	0.129727	0.183900
0.339620	0.557370	0.129602	0.182598
0.339727	0.556838	0.129603	0.183946
0.339726	0.557029	0.128005	0.183440
0.339770	0.554698	0.131896	0.182583
0.339737	0.555458	0.130235	0.184183
0.339720	0.552888	0.128944	0.183148
0.339804	0.550795	0.129143	0.184550
0.339732	0.549812	0.128606	0.182807
0.339794	0.547040	0.131288	0.182541
0.339731	0.547034	0.130575	0.183899
0.339825	0.544230	0.132520	0.182809
0.339736	0.543677	0.133789	0.183242
0.339742	0.542126	0.134353	0.183362
0.339697	0.540664	0.135356	0.183656
0.339795	0.539865	0.135734	0.185698
0.339664	0.537118	0.136375	0.184768
0.339914	0.537230	0.136257	0.183763
0.339510	0.534448	0.135382	0.183276
0.340098	0.536209	0.134598	0.183054
0.337848	0.532542	0.136097	0.183945
0.334359	0.531919	0.135372	0.184400
0.334942	0.532338	0.135751	0.183453
0.334526	0.531526	0.132812	0.183514
0.334788	0.531980	0.135704	0.183310
0.334654	0.529373	0.134380	0.184355
0.334790	0.528627	0.136236	0.183738
0.334665	0.529311	0.137078	0.184401
0.334696	0.527332	0.135830	0.184316
0.334709	0.528588	0.136881	0.182777
0.334655	0.529664	0.135653	0.185288
0.334656	0.528730	0.135258	0.182876
0.334706	0.531690	0.131160	0.182587
0.334614	0.533952	0.131206	0.183469
0.330720	0.535318	0.128705	0.183787
0.329910	0.536504	0.128036	0.182729
0.330071	0.541541	0.125163	0.182066
0.329861	0.542978	0.124822	0.184430
0.330066	0.545252	0.122182	0.183393
0.329945	0.548916	0.121531	0.184043
0.329990	0.550226	0.120458	0.184226
0.330032	0.552019	0.119263	0.184604
0.330078	0.553709	0.116963	0.183440
0.330026	0.558612	0.115101	0.183776
0.330022	0.559678	0.116697	0.181967
0.330162	0.561202	0.112034	0.183035
0.334161	0.564579	0.111774	0.182870
0.334817	0.567002	0.110258	0.183253
0.334614	0.569940	0.108246	0.183928
0.334662	0.571785	0.107641	0.182870
0.334644	0.576062	0.105265	0.183935
0.334794	0.578636	0.104211	0.184353
0.334694	0.581125	0.100652	0.184003
0.334729	0.584079	0.099792	0.183284
0.334678	0.585766	0.098477	0.183896
0.334705	0.588096	0.095464	0.182323
0.334610	0.589116	0.092741	0.182942
0.334672	0.593835	0.092228	0.184568
0.334652	0.596756	0.088468	0.183149
0.334778	0.595996	0.085093	0.184233
0.334684	0.597845	0.082687	0.184217
0.334735	0.599428	0.080509	0.183755
0.334494	0.600413	0.078914	0.184634
0.334869	0.600836	0.076567	0.182487
0.334344	0.603351	0.074012	0.182683
0.337117	0.602681	0.074971	0.181418
0.340353	0.602090	0.075075	0.182412
0.339351	0.602436	0.072118	0.182519
0.340162	0.603778	0.070771	0.182612
0.339249	0.603810	0.069359	0.183995
0.342390	0.603790	0.068417	0.182254
0.345088	0.605178	0.066336	0.183481
0.344635	0.605878	0.065547	0.181672
0.344887	0.606383	0.065198	0.182846
0.345123	0.605113	0.065002	0.182092
0.349544	0.602838	0.065302	0.182467
0.349834	0.604367	0.065280	0.182527
0.349894	0.603357	0.066151	0.183315
0.350255	0.602858	0.068277	0.182500
0.354744	0.602730	0.067476	0.183072
0.354743	0.603884	0.067942	0.184109
0.355080	0.606393	0.070069	0.183287
0.354730	0.606530	0.069267	0.182397
0.355167	0.607773	0.069204	0.183386
0.354476	0.609957	0.068879	0.183896
0.357637	0.611322	0.068733	0.181734
0.360187	0.612917	0.068097	0.184139
0.359742	0.613963	0.067784	0.184177
0.359911	0.615210	0.066937	0.183087
0.359978	0.615600	0.067598	0.184895
0.359526	0.616484	0.067469	0.182091
0.362647	0.616406	0.069515	0.183416
0.365519	0.618199	0.067680	0.183599
0.364657	0.618668	0.069114	0.184379
0.365218	0.618370	0.067967	0.182894
0.364725	0.617263	0.070384	0.184112
0.365069	0.618475	0.071284	0.184356
0.364812	0.617857	0.071579	0.184732
0.365126	0.618750	0.070984	0.182235
0.364867	0.618696	0.072695	0.182107
0.365101	0.616703	0.072499	0.184382
0.364864	0.614485	0.074213	0.185545
0.365174	0.614528	0.077347	0.183682
0.364708	0.610105	0.075968	0.185715
0.365752	0.611490	0.077684	0.182762
0.369821	0.611014	0.077511	0.183272
0.370202	0.608800	0.078860	0.182969
0.369600	0.606913	0.079876	0.185012
0.372914	0.604902	0.081702	0.183663
0.375599	0.602819	0.084085	0.184217
0.374691	0.598990	0.085698	0.183597
0.375884	0.597897	0.088540	0.184370
0.379601	0.594465	0.089797	0.184669
0.379687	0.591467	0.094051	0.185266
0.379733	0.587346	0.096664	0.185064
0.379472	0.585500	0.099953	0.184815
0.380516	0.580296	0.102782	0.184536
0.384499	0.578726	0.107284	0.184791
0.384374	0.575797	0.108671	0.184870
0.384597	0.573693	0.110496	0.185184
0.384400	0.569263	0.115052	0.184348
0.384572	0.566295	0.115681	0.184847
0.384518	0.562709	0.117330	0.183704
0.384522	0.559915	0.119359	0.186025
0.384462	0.559011	0.123831	0.184364
0.384498	0.557117	0.124524	0.184803
0.384494	0.556449	0.125344	0.184565
0.384409	0.553297	0.124518	0.183790
0.384479	0.552694	0.125567	0.186005
0.384467	0.554430	0.124749	0.184533
0.384495	0.554609	0.123955	0.185400
0.384587	0.556733	0.121478	0.184031
0.384453	0.558567	0.119577	0.184823
0.384568	0.560635	0.117658	0.184604
0.384459	0.563534	0.114894	0.183989
0.384603	0.567805	0.110798	0.184856
0.384355	0.570018	0.107093	0.185480
0.384761	0.574054	0.104809	0.184416
0.383528	0.577404	0.101050	0.183720
0.379677	0.578314	0.098957	0.184756
0.379683	0.581913	0.096330	0.183269
0.379823	0.585347	0.091699	0.183677
0.376732	0.588547	0.088311	0.183638
0.374568	0.591411	0.085323	0.184343
0.375669	0.595326	0.081449	0.183806
0.371411	0.597999	0.077486	0.183872
0.369827	0.603046	0.074659	0.183613
0.370048	0.604067	0.071804	0.183405
0.369941	0.607692	0.070853	0.184683
0.370086	0.610338	0.068560	0.182805
0.369931	0.610769	0.064584	0.182398
0.370072	0.614911	0.059850	0.184548
0.369891	0.617937	0.058807	0.183985
0.370072	0.619861	0.054677	0.183597
0.369903	0.623474	0.052936	0.183385
0.370122	0.625803	0.050197	0.183513
0.369859	0.626632	0.048538	0.182830
0.370279	0.630747	0.042611	0.185578
0.369707	0.632530	0.040199	0.183396
0.373782	0.634257	0.039021	0.183732
0.375326	0.635246	0.035646	0.182797
0.375047	0.636349	0.035498	0.182844
0.374889	0.636740	0.032348	0.182769
0.376037	0.637162	0.031833	0.182732
0.379758	0.639949	0.028357	0.183385
0.379647	0.640865	0.026368	0.182458
0.379652	0.643087	0.024548	0.181548
0.383170	0.641535	0.022815	0.183637
0.384909	0.642666	0.022088	0.182640
0.383999	0.643920	0.020544	0.183231
0.385945	0.642185	0.020655	0.184179
0.389662	0.641063	0.020960	0.182503
0.389284	0.640941	0.020030	0.183846
0.389595	0.641444	0.019511	0.183175
0.389111	0.639573	0.018731	0.183395
0.390923	0.638587	0.020184	0.184337
0.394781	0.637902	0.018408	0.183089
0.394230	0.636180	0.020240	0.183644
0.394657	0.634327	0.019539	0.184246
0.394349	0.632865	0.018967	0.182938
0.398409	0.631381	0.022110	0.184823
0.399907	0.628642	0.023777	0.183151
0.399041	0.626657	0.024674	0.184360
0.401209	0.627073	0.027255	0.183479
0.404911	0.624711	0.028720	0.183508
0.404507	0.621084	0.030663	0.183755
0.404714	0.620378	0.035323	0.183103
0.408424	0.618165	0.034776	0.184157
0.410173	0.614382	0.038622	0.184946
0.409122	0.612697	0.040210	0.185734
0.411396	0.613450	0.042228	0.183945
0.414779	0.612473	0.044548	0.184812
0.414583	0.610994	0.045376	0.184647
0.414696	0.610188	0.047001	0.183968
0.418668	0.612020	0.048172	0.183901
0.420070	0.610106	0.051136	0.184302
0.419493	0.609284	0.050864	0.183906
0.420008	0.607457	0.053927	0.184603
0.419569	0.608334	0.055118	0.185569
0.423632	0.606360	0.057920	0.185343
0.424524	0.604146	0.059124	0.184244
0.424487	0.602864	0.060086	0.184604
0.424322	0.601616	0.062868	0.184038
