0.444682	-0.344151	-0.050868	-0.652952
0.444552	-0.344715	-0.051291	-0.655115
0.444641	-0.344808	-0.051600	-0.653613
0.444618	-0.344282	-0.052622	-0.654838
0.444609	-0.345749	-0.052023	-0.653520
0.444618	-0.344677	-0.051456	-0.655063
0.444612	-0.344216	-0.051087	-0.655157
0.444588	-0.343743	-0.050029	-0.654024
0.444593	-0.345070	-0.050516	-0.654307
0.444540	-0.345608	-0.051347	-0.654523
0.444627	-0.344365	-0.050655	-0.654532
0.444636	-0.344039	-0.052203	-0.654626
0.444548	-0.345045	-0.051355	-0.653139
0.444628	-0.345250	-0.051984	-0.654071
0.444591	-0.345225	-0.051261	-0.653643
0.444667	-0.345367	-0.051823	-0.654883
0.444616	-0.344365	-0.051254	-0.656573
0.444578	-0.343181	-0.050843	-0.655318
0.444647	-0.344119	-0.049826	-0.655070
0.444651	-0.345360	-0.050178	-0.654169
0.444577	-0.343323	-0.050454	-0.653966
0.444562	-0.342867	-0.050219	-0.654019
0.444581	-0.344466	-0.049973	-0.653491
0.444697	-0.345290	-0.051290	-0.654174
0.444558	-0.344225	-0.050443	-0.652786
0.444686	-0.343731	-0.051065	-0.653985
0.444544	-0.344515	-0.051230	-0.653777
0.444771	-0.345970	-0.051259	-0.653410
0.444499	-0.344474	-0.049068	-0.654282
0.444777	-0.343880	-0.049129	-0.653878
0.444419	-0.343351	-0.051369	-0.653998
0.448810	-0.344651	-0.051254	-0.654736
0.449616	-0.346012	-0.050779	-0.655557
0.449797	-0.345633	-0.051674	-0.653710
0.447903	-0.345996	-0.050790	-0.653778
0.444224	-0.344787	-0.052493	-0.654253
0.444944	-0.343715	-0.051577	-0.654189
0.444389	-0.345082	-0.050915	-0.653485
0.444780	-0.344153	-0.050915	-0.654231
0.444540	-0.345763	-0.050781	-0.654081
0.444695	-0.345496	-0.049643	-0.654176
0.444550	-0.344861	-0.049280	-0.653641
0.444658	-0.345410	-0.050182	-0.654357
0.444528	-0.344894	-0.050694	-0.655458
0.444635	-0.344357	-0.050592	-0.655011
0.444638	-0.344389	-0.050997	-0.653494
0.444756	-0.345632	-0.050717	-0.654352
0.444642	-0.344471	-0.051044	-0.654109
0.444626	-0.343507	-0.050736	-0.653322
0.444638	-0.342775	-0.049384	-0.655325
0.444513	-0.343430	-0.050663	-0.653916
0.444514	-0.344390	-0.048965	-0.654047
0.444572	-0.343494	-0.051951	-0.653785
0.444623	-0.344797	-0.050315	-0.654284
0.444529	-0.343104	-0.050737	-0.654082
0.444576	-0.343429	-0.050922	-0.653318
0.444586	-0.345767	-0.049578	-0.653809
0.444586	-0.344654	-0.051474	-0.653760
0.444576	-0.344654	-0.049192	-0.651951
0.444573	-0.344660	-0.051573	-0.655250
0.444559	-0.343688	-0.050897	-0.654193
0.444612	-0.343293	-0.050494	-0.653545
0.444552	-0.343534	-0.051063	-0.653871
0.444668	-0.346137	-0.049325	-0.653527
0.444542	-0.344844	-0.049463	-0.653476
0.444648	-0.344246	-0.050828	-0.654543
0.444584	-0.343142	-0.051878	-0.652796
0.444629	-0.344178	-0.050870	-0.655377
0.444545	-0.344926	-0.049299	-0.653847
0.444645	-0.343631	-0.050488	-0.653466
0.444557	-0.344944	-0.050747	-0.653755
0.444636	-0.344447	-0.050652	-0.654115
0.444439	-0.345350	-0.050838	-0.654427
0.444668	-0.343793	-0.051635	-0.654272
0.444552	-0.344732	-0.051042	-0.653745
0.444707	-0.344121	-0.051286	-0.654878
0.444420	-0.342927	-0.050930	-0.653833
0.445033	-0.343711	-0.050887	-0.654619
0.448911	-0.343440	-0.050521	-0.653838
0.450062	-0.344018	-0.049759	-0.654713
0.447149	-0.343098	-0.052048	-0.654295
0.444307	-0.344360	-0.051362	-0.654122
0.444789	-0.344621	-0.050267	-0.653762
0.444450	-0.342993	-0.049725	-0.653245
0.444697	-0.343925	-0.050701	-0.653560
0.444530	-0.344471	-0.051309	-0.652855
0.444618	-0.343562	-0.050512	-0.653792
0.444544	-0.344027	-0.050350	-0.654021
0.444700	-0.345121	-0.050694	-0.653644
0.444524	-0.344659	-0.049831	-0.655033
0.444593	-0.345087	-0.050496	-0.654502
0.444507	-0.343940	-0.051077	-0.654351
0.444603	-0.343451	-0.049092	-0.653889
0.444594	-0.342993	-0.050324	-0.653408
0.444602	-0.343465	-0.050867	-0.654799
0.444576	-0.343376	-0.050798	-0.655238
0.444648	-0.343008	-0.050636	-0.653873
0.444555	-0.345190	-0.050021	-0.654163
0.444657	-0.344084	-0.050133	-0.654283
0.444642	-0.342571	-0.051489	-0.654516
0.444627	-0.345796	-0.050128	-0.655249
0.444696	-0.344954	-0.050425	-0.653799
0.444611	-0.344584	-0.050826	-0.655335
0.444602	-0.344094	-0.050805	-0.655032
0.444672	-0.345564	-0.050383	-0.654510
0.444529	-0.344765	-0.050680	-0.655332
0.444498	-0.344237	-0.050773	-0.655342
0.444601	-0.345001	-0.051828	-0.655400
0.444604	-0.345078	-0.050064	-0.656205
0.444576	-0.344515	-0.050138	-0.654689
0.444624	-0.343986	-0.050563	-0.653858
0.444617	-0.343550	-0.049384	-0.655016
0.444568	-0.343928	-0.050556	-0.653852
0.444596	-0.344277	-0.050507	-0.654145
0.444579	-0.343691	-0.050959	-0.654101
0.444597	-0.342560	-0.050079	-0.655418
0.444637	-0.343635	-0.051235	-0.653811
0.444606	-0.344056	-0.051222	-0.654493
0.444587	-0.343404	-0.051481	-0.652886
0.444604	-0.343271	-0.049914	-0.653034
0.444554	-0.343729	-0.049831	-0.654289
0.444614	-0.344088	-0.050097	-0.653913
0.444555	-0.346057	-0.050006	-0.654154
0.444514	-0.343250	-0.050674	-0.653274
0.444604	-0.343888	-0.050853	-0.655380
0.444631	-0.344307	-0.049794	-0.654223
0.444623	-0.343511	-0.050138	-0.654621
0.444597	-0.344122	-0.051419	-0.653901
0.444563	-0.343213	-0.050063	-0.654140
0.444606	-0.345012	-0.050069	-0.654602
0.444672	-0.343409	-0.051417	-0.654845
0.444629	-0.343572	-0.050457	-0.653666
0.444552	-0.344062	-0.051091	-0.652554
0.444602	-0.344753	-0.050418	-0.654111
0.444594	-0.344106	-0.051236	-0.654705
0.444564	-0.344630	-0.050024	-0.654268
0.444671	-0.344805	-0.052674	-0.654021
0.444592	-0.345473	-0.050577	-0.654664
0.444673	-0.344942	-0.051008	-0.655012
0.444512	-0.343373	-0.050190	-0.652553
0.444712	-0.343817	-0.050553	-0.654164
0.444589	-0.343322	-0.049724	-0.655129
0.444730	-0.344309	-0.049868	-0.653326
0.444433	-0.344014	-0.051077	-0.654144
0.444715	-0.343857	-0.050344	-0.653342
0.444475	-0.344447	-0.050988	-0.654279
0.444848	-0.344850	-0.049631	-0.655182
0.444110	-0.344290	-0.049942	-0.653960
0.447546	-0.344446	-0.050017	-0.654195
0.449871	-0.344062	-0.050534	-0.654498
0.449547	-0.344072	-0.050032	-0.655166
0.448748	-0.343129	-0.050148	-0.654089
0.444413	-0.344389	-0.050400	-0.653722
0.444715	-0.344003	-0.050212	-0.653937
0.444509	-0.344564	-0.050097	-0.653965
0.444717	-0.344447	-0.049972	-0.651905
0.444589	-0.344265	-0.051237	-0.654330
0.444621	-0.343066	-0.047943	-0.653110
0.444567	-0.344272	-0.049375	-0.653614
0.444640	-0.344068	-0.050043	-0.653567
0.444622	-0.345653	-0.051636	-0.655219
0.444598	-0.344593	-0.049895	-0.654847
0.444616	-0.344544	-0.050613	-0.654901
0.444563	-0.345022	-0.052906	-0.655169
0.444677	-0.345400	-0.050383	-0.656061
0.444530	-0.344723	-0.050765	-0.653997
0.444772	-0.343797	-0.050440	-0.652549
0.444372	-0.344237	-0.051444	-0.654810
0.448054	-0.344197	-0.051172	-0.654674
0.449952	-0.344871	-0.050655	-0.653945
0.449387	-0.344584	-0.051567	-0.654325
0.449813	-0.345556	-0.051776	-0.654422
0.449417	-0.344355	-0.050143	-0.653770
0.449729	-0.343998	-0.052332	-0.654779
0.449448	-0.345335	-0.051504	-0.655052
0.449729	-0.344435	-0.052036	-0.654704
0.449324	-0.345226	-0.051989	-0.652887
0.449853	-0.344510	-0.051152	-0.654785
0.448197	-0.345448	-0.051373	-0.654835
0.444502	-0.344778	-0.050478	-0.654213
0.444702	-0.344705	-0.050948	-0.655010
0.444554	-0.345657	-0.050944	-0.654617
0.444683	-0.344452	-0.050334	-0.654117
0.444564	-0.345630	-0.050454	-0.653997
0.444667	-0.344196	-0.050742	-0.654195
0.444612	-0.345603	-0.052304	-0.655454
0.444583	-0.344093	-0.052169	-0.654711
0.444613	-0.346007	-0.052061	-0.654122
0.444555	-0.345564	-0.051961	-0.653566
0.444524	-0.343770	-0.051798	-0.655042
0.444547	-0.344798	-0.051365	-0.655664
0.444613	-0.344302	-0.052051	-0.654551
0.444619	-0.345604	-0.050417	-0.654392
0.444603	-0.344853	-0.051446	-0.652006
0.444613	-0.345262	-0.052476	-0.654196
0.444643	-0.344784	-0.052521	-0.653162
0.444601	-0.346589	-0.052238	-0.654963
0.444586	-0.344263	-0.052538	-0.654443
0.444658	-0.345286	-0.052112	-0.654937
0.444532	-0.344948	-0.053892	-0.655587
0.444601	-0.345190	-0.051749	-0.654402
0.444598	-0.345603	-0.052025	-0.654901
0.444573	-0.344569	-0.051339	-0.653869
0.444576	-0.344082	-0.052426	-0.653601
0.444550	-0.345168	-0.053605	-0.654121
0.444648	-0.345296	-0.050890	-0.654433
0.444534	-0.345185	-0.052785	-0.653268
0.444582	-0.346383	-0.051662	-0.654691
0.444518	-0.346420	-0.051620	-0.655111
0.444607	-0.345917	-0.051842	-0.655116
0.444614	-0.345410	-0.052378	-0.654447
0.444650	-0.344452	-0.051514	-0.655119
0.444568	-0.344161	-0.051007	-0.654731
0.444583	-0.344937	-0.052642	-0.653366
0.444510	-0.344452	-0.055111	-0.654019
0.444629	-0.344959	-0.051036	-0.653580
0.444601	-0.343884	-0.051739	-0.654991
0.444614	-0.344370	-0.051888	-0.654198
0.444581	-0.345219	-0.051889	-0.654115
0.444584	-0.345297	-0.052756	-0.654417
0.444594	-0.345103	-0.052243	-0.654844
0.444618	-0.344067	-0.051916	-0.654101
0.444571	-0.345028	-0.052556	-0.654700
0.444604	-0.344876	-0.052473	-0.655930
0.444617	-0.345048	-0.051741	-0.654794
0.444549	-0.345322	-0.052066	-0.655122
0.444588	-0.344765	-0.051598	-0.653692
0.444635	-0.346037	-0.051191	-0.655937
0.444603	-0.346060	-0.051357	-0.656324
0.444563	-0.344556	-0.052992	-0.654902
0.444680	-0.345309	-0.052274	-0.654305
0.444542	-0.344425	-0.052197	-0.652888
0.444591	-0.345151	-0.051823	-0.654067
0.444703	-0.345652	-0.053124	-0.655022
0.444616	-0.345637	-0.052937	-0.654032
0.444578	-0.345342	-0.053658	-0.653792
0.444596	-0.346100	-0.053090	-0.654978
0.444621	-0.347539	-0.051735	-0.654421
0.444602	-0.345239	-0.053987	-0.653668
0.444633	-0.345055	-0.053739	-0.655093
0.444550	-0.344218	-0.052934	-0.654937
0.444579	-0.343663	-0.052988	-0.655160
0.444592	-0.345549	-0.053680	-0.653903
0.444603	-0.344400	-0.053640	-0.654066
0.444582	-0.344927	-0.053546	-0.654457
0.444571	-0.345778	-0.053884	-0.654779
0.444656	-0.343865	-0.053868	-0.654512
0.444637	-0.345344	-0.053522	-0.654393
0.444577	-0.345481	-0.052414	-0.653376
0.444583	-0.344659	-0.053282	-0.654178
0.444582	-0.343889	-0.053132	-0.653963
0.444647	-0.345080	-0.052862	-0.653471
0.444564	-0.345769	-0.051711	-0.654017
0.444611	-0.344840	-0.052794	-0.653415
0.444612	-0.345406	-0.053976	-0.655053
0.444645	-0.345176	-0.053064	-0.654304
0.444554	-0.344349	-0.051408	-0.653987
0.444411	-0.344205	-0.053785	-0.655660
0.439949	-0.346435	-0.053220	-0.655580
0.439600	-0.346575	-0.052627	-0.654802
0.444232	-0.346413	-0.051765	-0.652531
0.444645	-0.345707	-0.052545	-0.652937
0.444548	-0.346401	-0.054245	-0.655301
0.444612	-0.345556	-0.053338	-0.654749
0.444529	-0.345627	-0.051684	-0.655889
0.444643	-0.344932	-0.053451	-0.654575
0.444608	-0.344589	-0.053252	-0.653278
0.444641	-0.347039	-0.053234	-0.655519
0.444584	-0.347787	-0.054160	-0.654647
0.444576	-0.346190	-0.053160	-0.655420
0.444618	-0.345232	-0.053541	-0.653452
0.444593	-0.345784	-0.054300	-0.653794
0.444627	-0.345052	-0.053792	-0.654880
0.444597	-0.346230	-0.054596	-0.654634
0.444632	-0.345667	-0.052886	-0.653883
0.444592	-0.346832	-0.053452	-0.653262
0.444597	-0.344872	-0.052298	-0.654268
0.444663	-0.345473	-0.053323	-0.654378
0.444567	-0.346256	-0.053317	-0.653803
0.444715	-0.346421	-0.053046	-0.654460
0.444525	-0.344175	-0.053894	-0.653739
0.444636	-0.346037	-0.053086	-0.654309
0.444145	-0.344991	-0.053986	-0.653306
0.439753	-0.346187	-0.053609	-0.655695
0.439403	-0.344480	-0.051443	-0.654607
0.439541	-0.344722	-0.052843	-0.654601
0.439477	-0.344912	-0.053654	-0.653918
0.439409	-0.345659	-0.052748	-0.653005
0.439473	-0.347106	-0.054309	-0.653101
0.439446	-0.346634	-0.053750	-0.653306
0.439516	-0.345024	-0.053258	-0.654594
0.439448	-0.346051	-0.053863	-0.653955
0.439475	-0.345208	-0.054648	-0.654535
0.439470	-0.346582	-0.052899	-0.654184
0.439505	-0.345458	-0.053023	-0.654258
0.439527	-0.345221	-0.053356	-0.654323
0.439460	-0.346277	-0.054848	-0.653058
0.439493	-0.343957	-0.053052	-0.653198
0.439480	-0.346429	-0.053726	-0.655051
0.439466	-0.346537	-0.055455	-0.655151
0.439559	-0.347114	-0.055598	-0.655316
0.439513	-0.346746	-0.054143	-0.655325
0.439398	-0.346399	-0.053749	-0.654056
0.439486	-0.348703	-0.054496	-0.655576
0.439516	-0.345799	-0.054580	-0.654513
0.439417	-0.347082	-0.055629	-0.653925
0.439475	-0.344446	-0.053668	-0.654667
0.439522	-0.346752	-0.054282	-0.653273
0.439470	-0.345352	-0.054872	-0.653985
0.439559	-0.345420	-0.053972	-0.654729
0.439502	-0.344157	-0.053621	-0.654776
0.439456	-0.346414	-0.054985	-0.655400
0.439482	-0.344814	-0.054010	-0.655858
0.439478	-0.345598	-0.053269	-0.652807
0.439475	-0.345833	-0.053136	-0.653813
0.439471	-0.345206	-0.054324	-0.653400
0.439482	-0.345757	-0.052966	-0.653475
0.439512	-0.345072	-0.053896	-0.654413
0.439386	-0.346473	-0.053665	-0.654495
0.439554	-0.344979	-0.054499	-0.655588
0.439398	-0.345479	-0.053179	-0.654827
0.439414	-0.346425	-0.054663	-0.654493
0.439446	-0.345294	-0.053075	-0.655410
0.439409	-0.344635	-0.054680	-0.653935
0.439591	-0.345072	-0.054200	-0.653331
0.439562	-0.345431	-0.054054	-0.654528
0.439429	-0.345252	-0.054468	-0.655816
0.439513	-0.346202	-0.053233	-0.655224
0.439485	-0.345029	-0.054623	-0.654001
0.439497	-0.345608	-0.054131	-0.655016
0.439486	-0.345536	-0.053097	-0.654572
0.439442	-0.346469	-0.053523	-0.654121
0.439517	-0.346281	-0.055768	-0.653892
0.439408	-0.346483	-0.055903	-0.654146
0.439465	-0.346523	-0.055687	-0.654798
0.439419	-0.348095	-0.055771	-0.653933
0.439506	-0.345465	-0.055175	-0.653790
0.439522	-0.346927	-0.056655	-0.654480
0.439500	-0.346324	-0.054763	-0.656295
0.439460	-0.346544	-0.054710	-0.655771
0.439491	-0.345147	-0.055416	-0.654556
0.439457	-0.345933	-0.054659	-0.656190
0.439455	-0.345401	-0.054289	-0.653883
0.439505	-0.347005	-0.055210	-0.654463
0.439456	-0.345856	-0.053649	-0.654409
0.439502	-0.346947	-0.054935	-0.654863
0.439506	-0.347139	-0.054191	-0.653377
0.439503	-0.346234	-0.055464	-0.654664
0.439510	-0.346363	-0.056145	-0.654931
0.439376	-0.346189	-0.053473	-0.654382
0.439532	-0.346421	-0.053788	-0.653398
0.439473	-0.345592	-0.055382	-0.654294
0.439457	-0.347608	-0.054095	-0.655701
0.439470	-0.345773	-0.055141	-0.653861
0.439482	-0.346053	-0.054742	-0.653888
0.439461	-0.346113	-0.055036	-0.652774
0.439485	-0.345276	-0.055928	-0.655180
0.439536	-0.345720	-0.054332	-0.653069
0.439498	-0.345784	-0.055826	-0.655229
0.439527	-0.346247	-0.054581	-0.654277
0.439550	-0.347689	-0.055917	-0.653863
0.439515	-0.345501	-0.055496	-0.654713
0.439468	-0.346564	-0.055232	-0.654206
0.439466	-0.346160	-0.055173	-0.655621
0.439393	-0.346547	-0.054866	-0.654371
0.439497	-0.346574	-0.055243	-0.652900
0.439496	-0.346980	-0.053986	-0.655116
0.439557	-0.346881	-0.054722	-0.654908
0.439496	-0.345346	-0.055603	-0.653971
0.439450	-0.347239	-0.055853	-0.654082
0.439446	-0.347790	-0.056465	-0.654904
0.439557	-0.347084	-0.055550	-0.655954
0.439471	-0.346623	-0.055288	-0.654600
0.439519	-0.346804	-0.055618	-0.654290
0.439431	-0.346439	-0.055004	-0.653991
0.439448	-0.346027	-0.055497	-0.655241
0.439460	-0.347054	-0.055580	-0.654700
0.439432	-0.344663	-0.054917	-0.653712
0.439439	-0.347162	-0.054664	-0.654280
0.439429	-0.347344	-0.055376	-0.652738
0.439522	-0.345252	-0.054446	-0.656760
0.439456	-0.346284	-0.054665	-0.655892
0.439463	-0.346605	-0.054918	-0.654903
0.439458	-0.346435	-0.054411	-0.654466
0.439409	-0.346383	-0.055935	-0.654501
0.439550	-0.346948	-0.055456	-0.654525
0.439516	-0.346648	-0.053606	-0.652261
0.439529	-0.345349	-0.054955	-0.655031
0.439431	-0.346519	-0.055596	-0.653972
0.439515	-0.346729	-0.055343	-0.654451
0.439506	-0.347907	-0.055466	-0.653708
0.439557	-0.346788	-0.056688	-0.655835
0.439521	-0.347010	-0.055454	-0.654141
0.439569	-0.345872	-0.055106	-0.653718
0.439476	-0.347170	-0.054035	-0.655169
0.439557	-0.345757	-0.053369	-0.652987
0.439481	-0.346231	-0.056188	-0.654863
0.439462	-0.345607	-0.055939	-0.654510
0.439473	-0.347067	-0.055323	-0.654181
0.439461	-0.346316	-0.053863	-0.654684
0.439551	-0.346040	-0.057064	-0.655220
0.439510	-0.348286	-0.056455	-0.655840
0.439527	-0.346986	-0.055313	-0.654902
0.439461	-0.347375	-0.055040	-0.655110
0.439635	-0.346660	-0.055845	-0.655800
0.439505	-0.347270	-0.054743	-0.655533
0.439569	-0.347275	-0.054154	-0.654815
0.439488	-0.347294	-0.055170	-0.655343
0.439434	-0.346384	-0.054975	-0.654771
0.439506	-0.346428	-0.056223	-0.655238
0.439524	-0.345683	-0.054497	-0.655461
0.439466	-0.346386	-0.054635	-0.655243
0.439414	-0.347171	-0.055591	-0.653492
0.439490	-0.346693	-0.057093	-0.653957
0.439511	-0.346379	-0.054176	-0.654184
0.439515	-0.347230	-0.054364	-0.653760
0.439493	-0.346449	-0.056029	-0.655295
0.439488	-0.346552	-0.055368	-0.655439
0.439407	-0.346938	-0.054962	-0.654280
0.439465	-0.345346	-0.055443	-0.653261
0.439458	-0.346632	-0.054537	-0.654678
0.439555	-0.345690	-0.055284	-0.654662
0.439547	-0.346594	-0.055001	-0.653978
0.439427	-0.346701	-0.055797	-0.655206
0.439541	-0.347087	-0.054801	-0.653634
0.439471	-0.346545	-0.052705	-0.654978
0.439457	-0.346983	-0.055046	-0.654952
0.439545	-0.346423	-0.054935	-0.653197
0.439497	-0.346922	-0.054633	-0.653430
0.439393	-0.347875	-0.057238	-0.653743
0.439458	-0.345948	-0.056331	-0.652746
0.439452	-0.346752	-0.054562	-0.653650
0.439485	-0.347552	-0.055278	-0.655375
0.439433	-0.346270	-0.054186	-0.653457
0.439461	-0.348644	-0.056508	-0.654500
0.439517	-0.347823	-0.054021	-0.654081
0.439490	-0.347587	-0.057489	-0.654652
0.439556	-0.347465	-0.053829	-0.655575
0.439418	-0.347469	-0.055204	-0.655088
0.439485	-0.346726	-0.054896	-0.655241
0.439513	-0.345889	-0.056520	-0.654431
0.439480	-0.347647	-0.056721	-0.654386
0.439456	-0.344516	-0.055133	-0.654815
0.439462	-0.348146	-0.055997	-0.654209
0.439490	-0.346849	-0.054522	-0.655379
0.439455	-0.346610	-0.054925	-0.654864
0.439460	-0.345289	-0.054630	-0.655053
0.439445	-0.346187	-0.055641	-0.653704
0.439515	-0.346421	-0.054778	-0.655542
0.439169	-0.346593	-0.053955	-0.653942
0.434963	-0.345490	-0.054002	-0.652555
0.434429	-0.345583	-0.053399	-0.654602
0.434587	-0.344738	-0.053330	-0.653765
0.434574	-0.345354	-0.053967	-0.653073
0.434441	-0.344366	-0.053897	-0.655977
0.434798	-0.344156	-0.053487	-0.655368
0.439091	-0.346085	-0.053188	-0.653670
0.439488	-0.345773	-0.053541	-0.654982
0.439427	-0.346205	-0.053052	-0.653695
0.439453	-0.346444	-0.055163	-0.654079
0.439433	-0.346916	-0.054304	-0.654151
0.439493	-0.346287	-0.054462	-0.655275
0.439516	-0.348065	-0.052750	-0.652603
0.439468	-0.345548	-0.053872	-0.654444
0.439442	-0.344536	-0.054477	-0.653947
0.439517	-0.345753	-0.053161	-0.655096
0.439473	-0.346507	-0.055213	-0.653758
0.439475	-0.347639	-0.053866	-0.653200
0.439551	-0.345647	-0.054039	-0.655972
0.439426	-0.344112	-0.055448	-0.654213
0.439482	-0.347543	-0.054316	-0.654155
0.439394	-0.346635	-0.054324	-0.654497
0.439511	-0.344580	-0.054858	-0.655705
0.439572	-0.346050	-0.055264	-0.655338
0.439465	-0.345615	-0.056104	-0.655007
0.439535	-0.345898	-0.056687	-0.654964
0.439462	-0.346000	-0.055867	-0.654734
0.439501	-0.347041	-0.053215	-0.653889
0.439480	-0.347099	-0.055580	-0.654428
0.439505	-0.347375	-0.054001	-0.655023
0.439522	-0.347356	-0.054604	-0.654416
0.439412	-0.347131	-0.054342	-0.654475
0.439451	-0.347399	-0.054173	-0.653061
0.439496	-0.346697	-0.055148	-0.653847
0.439452	-0.346623	-0.054747	-0.654584
0.439462	-0.346404	-0.054968	-0.654768
0.439476	-0.346737	-0.055313	-0.655477
0.439418	-0.346157	-0.054227	-0.655523
0.439421	-0.347255	-0.054344	-0.653204
0.439503	-0.346179	-0.054163	-0.652915
0.439490	-0.346471	-0.052850	-0.654110
0.439493	-0.345996	-0.055972	-0.654933
0.439465	-0.345699	-0.054799	-0.654262
0.439478	-0.347187	-0.053793	-0.655339
0.439507	-0.347798	-0.054175	-0.654274
0.439448	-0.347291	-0.055232	-0.655005
0.439397	-0.346453	-0.055910	-0.654787
0.439475	-0.346942	-0.055151	-0.653128
0.439587	-0.346539	-0.055742	-0.654694
0.439458	-0.346627	-0.054436	-0.654324
0.439471	-0.346751	-0.054243	-0.653745
0.439448	-0.348104	-0.055421	-0.654943
0.439467	-0.347310	-0.056523	-0.655283
0.439477	-0.346121	-0.056148	-0.654923
0.439505	-0.346280	-0.054900	-0.654736
0.439534	-0.346747	-0.055687	-0.655199
0.439480	-0.346008	-0.055529	-0.654552
0.439434	-0.347524	-0.055871	-0.655968
0.439502	-0.346937	-0.054051	-0.655611
0.439467	-0.346567	-0.055650	-0.655013
0.439483	-0.347028	-0.054720	-0.654711
0.439456	-0.346758	-0.055431	-0.653593
0.439451	-0.346448	-0.056355	-0.654179
0.439519	-0.347359	-0.055139	-0.652918
0.439434	-0.346797	-0.055448	-0.655088
0.439457	-0.346509	-0.057427	-0.654282
0.439522	-0.345834	-0.054709	-0.653842
0.439462	-0.346323	-0.055184	-0.654164
0.439524	-0.346817	-0.055447	-0.654036
0.439481	-0.346394	-0.055109	-0.654354
0.439406	-0.346085	-0.055812	-0.653692
0.439453	-0.345639	-0.054920	-0.655521
0.439443	-0.347243	-0.056096	-0.655042
0.439478	-0.346406	-0.057128	-0.655385
0.439426	-0.347206	-0.057526	-0.653505
0.439473	-0.348653	-0.054328	-0.655060
0.439555	-0.347642	-0.055559	-0.655458
0.439550	-0.347033	-0.055739	-0.654505
0.439500	-0.346893	-0.055093	-0.655040
0.439414	-0.346091	-0.054525	-0.654087
0.439547	-0.347184	-0.056309	-0.653499
0.439462	-0.347901	-0.055531	-0.656460
0.439460	-0.346978	-0.054554	-0.653773
0.439527	-0.347574	-0.054072	-0.654388
0.439534	-0.348062	-0.056218	-0.655169
0.439488	-0.346315	-0.056001	-0.654304
0.439439	-0.346403	-0.054822	-0.655762
0.439421	-0.347936	-0.055677	-0.653545
0.439422	-0.346177	-0.054185	-0.654714
0.439478	-0.347002	-0.055292	-0.655700
0.439550	-0.347207	-0.056960	-0.654908
0.439492	-0.347917	-0.055812	-0.656182
0.439552	-0.346614	-0.055358	-0.654255
0.439510	-0.347897	-0.056580	-0.653965
0.439482	-0.346688	-0.054397	-0.655691
0.439465	-0.346479	-0.054278	-0.653115
0.439501	-0.347530	-0.054965	-0.655335
0.439610	-0.345794	-0.054818	-0.654144
0.439487	-0.345355	-0.054794	-0.654468
0.439506	-0.346092	-0.055945	-0.654090
0.439437	-0.346469	-0.055611	-0.654495
0.439520	-0.346697	-0.055853	-0.653432
0.439460	-0.346179	-0.056568	-0.654348
0.439545	-0.346875	-0.055360	-0.654704
0.439325	-0.346515	-0.055333	-0.653661
0.439693	-0.345295	-0.055980	-0.655430
0.436176	-0.344650	-0.054649	-0.653476
0.434100	-0.345322	-0.055490	-0.655167
0.434853	-0.347104	-0.057283	-0.654130
0.434177	-0.345739	-0.056105	-0.655214
0.434957	-0.346274	-0.053819	-0.653648
0.434021	-0.346304	-0.054749	-0.655221
0.436240	-0.346578	-0.056604	-0.654240
0.435849	-0.347759	-0.055222	-0.653690
0.434223	-0.347661	-0.053680	-0.655037
0.434719	-0.346398	-0.054443	-0.655471
0.434503	-0.347026	-0.057663	-0.655422
0.434370	-0.346653	-0.056366	-0.655338
0.434646	-0.346604	-0.055713	-0.654764
0.434174	-0.347786	-0.055961	-0.654838
0.435963	-0.347384	-0.056307	-0.655409
0.439705	-0.346443	-0.055916	-0.655722
0.439394	-0.346938	-0.054861	-0.655383
0.439638	-0.346887	-0.057177	-0.654761
0.439471	-0.345939	-0.055680	-0.654835
0.439419	-0.344971	-0.057471	-0.653440
0.439566	-0.346921	-0.055073	-0.654761
0.439372	-0.346471	-0.055630	-0.653381
0.439700	-0.347734	-0.055735	-0.654089
0.435523	-0.346570	-0.054056	-0.653000
0.434460	-0.346873	-0.055866	-0.654812
0.434261	-0.347131	-0.054916	-0.655805
0.436017	-0.348000	-0.055531	-0.655284
0.439857	-0.347107	-0.055267	-0.655466
0.439233	-0.346429	-0.056741	-0.655186
0.439604	-0.346836	-0.055907	-0.654245
0.439389	-0.346877	-0.055527	-0.654731
0.439575	-0.346543	-0.055506	-0.654214
0.439391	-0.348229	-0.053571	-0.655246
0.439427	-0.346733	-0.056104	-0.654298
0.439527	-0.346552	-0.056915	-0.654690
0.439288	-0.345863	-0.055360	-0.655076
0.439853	-0.346503	-0.055942	-0.653938
0.437694	-0.346650	-0.055662	-0.654537
0.434114	-0.348150	-0.056584	-0.655526
0.434736	-0.346155	-0.056287	-0.654680
0.434335	-0.345434	-0.056748	-0.654793
0.434635	-0.346833	-0.054837	-0.654042
0.434423	-0.347011	-0.057046	-0.654560
0.434549	-0.348658	-0.055985	-0.655764
0.434404	-0.346318	-0.056307	-0.654204
0.434566	-0.347896	-0.056962	-0.654624
0.434520	-0.346095	-0.055829	-0.653901
0.434671	-0.346309	-0.056878	-0.655003
0.434401	-0.347678	-0.056644	-0.655647
0.434695	-0.346863	-0.057465	-0.655051
0.434408	-0.348077	-0.056456	-0.655661
0.434780	-0.346852	-0.057183	-0.656078
0.434135	-0.348174	-0.056411	-0.653704
0.436472	-0.347157	-0.057677	-0.654982
0.439901	-0.348626	-0.055816	-0.654743
0.439234	-0.347119	-0.055555	-0.654277
0.439570	-0.347359	-0.055763	-0.654691
0.439319	-0.347060	-0.056264	-0.654290
0.439480	-0.346559	-0.056495	-0.654907
0.435069	-0.346916	-0.056345	-0.654047
0.434435	-0.346165	-0.055648	-0.653583
0.434469	-0.346717	-0.056782	-0.655070
0.434489	-0.347047	-0.057508	-0.654337
0.434464	-0.347415	-0.055133	-0.654455
0.434630	-0.344820	-0.056045	-0.655724
0.434537	-0.346604	-0.056966	-0.653991
0.434461	-0.347258	-0.055422	-0.654592
0.434532	-0.347209	-0.056812	-0.654180
0.434622	-0.346956	-0.056312	-0.654501
0.434564	-0.346289	-0.055954	-0.654299
0.434582	-0.347383	-0.057089	-0.655932
0.434561	-0.346548	-0.056845	-0.655702
0.434458	-0.348313	-0.056288	-0.654997
0.434502	-0.346756	-0.057526	-0.654119
0.434528	-0.347477	-0.054987	-0.654664
0.434538	-0.346990	-0.057035	-0.653383
0.434591	-0.346870	-0.055803	-0.655412
0.434579	-0.346449	-0.057953	-0.654446
0.434520	-0.346902	-0.056571	-0.654441
0.434540	-0.345956	-0.055134	-0.655013
0.434502	-0.346683	-0.056484	-0.654179
0.434477	-0.347598	-0.056190	-0.654062
0.434524	-0.347806	-0.056511	-0.655669
0.434522	-0.346703	-0.056370	-0.655653
0.434520	-0.346912	-0.056931	-0.653869
0.434577	-0.346738	-0.055724	-0.654604
0.434540	-0.346833	-0.057005	-0.654473
0.434587	-0.346985	-0.056248	-0.655489
0.434450	-0.345339	-0.056338	-0.654488
0.434515	-0.347238	-0.056361	-0.655223
0.434530	-0.347174	-0.058191	-0.653750
0.434524	-0.346459	-0.055890	-0.654506
0.434529	-0.347199	-0.055802	-0.653516
0.434497	-0.346013	-0.056110	-0.653119
0.434532	-0.348423	-0.055516	-0.654107
0.434500	-0.347696	-0.056054	-0.653608
0.434455	-0.344660	-0.055787	-0.654997
0.434493	-0.348044	-0.056179	-0.653111
0.434553	-0.346819	-0.055776	-0.654690
0.434535	-0.346769	-0.055327	-0.655889
0.434547	-0.346947	-0.059034	-0.655189
0.434544	-0.345624	-0.058035	-0.653479
0.434492	-0.347209	-0.055081	-0.654333
0.434515	-0.347656	-0.057424	-0.655403
0.434503	-0.347253	-0.055858	-0.653243
0.434554	-0.348780	-0.057115	-0.655330
0.434542	-0.347788	-0.055851	-0.655451
0.434518	-0.347039	-0.055223	-0.654689
0.434519	-0.347756	-0.055797	-0.653650
0.434563	-0.348706	-0.056101	-0.655154
0.434453	-0.347440	-0.057431	-0.654880
0.434495	-0.346846	-0.058770	-0.653829
0.434502	-0.346604	-0.057379	-0.655427
0.434489	-0.346917	-0.056175	-0.654121
0.434515	-0.347601	-0.056967	-0.654511
0.434545	-0.347371	-0.057411	-0.655597
0.434542	-0.348085	-0.056530	-0.654225
0.434500	-0.346624	-0.055402	-0.654424
0.434548	-0.346650	-0.056510	-0.654813
0.434497	-0.346922	-0.057729	-0.654041
0.434519	-0.348273	-0.057008	-0.653866
0.434508	-0.347356	-0.055012	-0.654228
0.434606	-0.347658	-0.055616	-0.654616
0.434525	-0.345379	-0.056129	-0.654295
0.434507	-0.346396	-0.056408	-0.654362
0.434513	-0.346896	-0.056165	-0.656460
0.434512	-0.347607	-0.054859	-0.655838
0.434525	-0.346309	-0.056482	-0.654322
0.434527	-0.347074	-0.056931	-0.654455
0.434514	-0.347558	-0.056964	-0.655311
0.434515	-0.346748	-0.056609	-0.654854
0.434505	-0.348097	-0.057165	-0.653824
0.434458	-0.346910	-0.056762	-0.653658
0.434503	-0.347447	-0.056818	-0.655214
0.434551	-0.347497	-0.055267	-0.654834
0.434508	-0.346706	-0.057684	-0.653823
0.434513	-0.348328	-0.056633	-0.654035
0.434528	-0.346968	-0.056085	-0.655171
0.434539	-0.347419	-0.057766	-0.653585
0.434542	-0.346555	-0.057539	-0.653490
0.434504	-0.347777	-0.058125	-0.655476
0.434477	-0.348179	-0.055324	-0.654953
0.434530	-0.347493	-0.057109	-0.654943
0.434588	-0.348313	-0.056424	-0.655093
0.434520	-0.348259	-0.056440	-0.653862
0.434456	-0.348210	-0.057781	-0.655251
0.434533	-0.347530	-0.057286	-0.654522
0.434503	-0.348763	-0.057197	-0.655115
0.434475	-0.347185	-0.057615	-0.654708
0.434514	-0.347866	-0.057529	-0.654894
0.434479	-0.348150	-0.057162	-0.655165
0.434514	-0.347689	-0.056990	-0.655207
0.434444	-0.345743	-0.056741	-0.654506
0.434548	-0.348875	-0.057912	-0.654723
0.434484	-0.348487	-0.057879	-0.654713
0.434523	-0.347502	-0.056152	-0.655051
0.434549	-0.346873	-0.055502	-0.654353
0.434465	-0.346533	-0.056198	-0.654893
0.434499	-0.347104	-0.055065	-0.654825
0.434517	-0.346849	-0.057625	-0.655050
0.434494	-0.345868	-0.056278	-0.656507
0.434498	-0.346891	-0.057134	-0.656068
0.434514	-0.347967	-0.058243	-0.654666
0.434474	-0.347319	-0.055772	-0.654873
0.434458	-0.347115	-0.056034	-0.655425
0.434530	-0.347105	-0.057093	-0.653565
0.434479	-0.348623	-0.056204	-0.654029
0.434477	-0.346748	-0.057556	-0.653821
0.434484	-0.346843	-0.056749	-0.654273
0.434588	-0.346733	-0.057297	-0.652767
0.434523	-0.347226	-0.056863	-0.655602
0.434527	-0.345931	-0.057638	-0.655516
0.434503	-0.348209	-0.058961	-0.653213
0.434527	-0.347085	-0.057129	-0.654253
0.434504	-0.348269	-0.056982	-0.654892
0.434544	-0.347783	-0.057787	-0.653829
0.434537	-0.348663	-0.057348	-0.655270
0.434557	-0.347910	-0.059857	-0.654670
0.434544	-0.348507	-0.058048	-0.655023
0.434515	-0.347933	-0.056189	-0.652835
0.434512	-0.347504	-0.057313	-0.653817
0.434484	-0.347840	-0.058570	-0.654533
0.434537	-0.348070	-0.056514	-0.653760
0.434535	-0.349151	-0.057826	-0.655298
0.434495	-0.348808	-0.057412	-0.655692
0.434529	-0.349116	-0.058678	-0.653839
0.434533	-0.348763	-0.055556	-0.654553
0.434500	-0.348127	-0.059043	-0.655162
0.434489	-0.347334	-0.058104	-0.653824
0.434543	-0.348263	-0.058352	-0.654195
0.434464	-0.348374	-0.057847	-0.653588
0.434552	-0.347455	-0.057370	-0.655240
0.434525	-0.348086	-0.057822	-0.654297
0.434488	-0.347954	-0.056609	-0.653053
0.434493	-0.347524	-0.056281	-0.654171
0.434489	-0.347049	-0.054633	-0.654225
0.434490	-0.345574	-0.057357	-0.654745
0.434528	-0.346152	-0.058221	-0.654255
0.434515	-0.346419	-0.057714	-0.655273
0.434513	-0.347703	-0.055714	-0.654460
0.434537	-0.346910	-0.057821	-0.655225
0.434505	-0.346763	-0.057419	-0.653311
0.434525	-0.347893	-0.057479	-0.654610
0.434532	-0.347197	-0.057572	-0.655022
0.434484	-0.346532	-0.057019	-0.654574
0.434551	-0.348303	-0.056273	-0.654141
0.434537	-0.348168	-0.058193	-0.654740
0.434545	-0.348354	-0.056905	-0.654384
0.434591	-0.348015	-0.056737	-0.654210
0.434613	-0.347324	-0.057335	-0.655186
0.434488	-0.347952	-0.057584	-0.654600
0.434483	-0.347258	-0.057168	-0.654378
0.434535	-0.347823	-0.057437	-0.656100
0.434508	-0.347560	-0.058637	-0.653245
0.434507	-0.346808	-0.056708	-0.653793
0.434488	-0.348283	-0.056411	-0.655988
0.434466	-0.346419	-0.058179	-0.654907
0.434524	-0.348730	-0.058384	-0.655415
0.434498	-0.346269	-0.056763	-0.654947
0.434582	-0.347900	-0.057513	-0.655129
0.434508	-0.347927	-0.057956	-0.655103
0.434444	-0.347160	-0.057554	-0.654371
0.434497	-0.346280	-0.057597	-0.654799
0.434540	-0.347141	-0.056685	-0.655449
0.434563	-0.347371	-0.057219	-0.654718
0.434503	-0.346051	-0.057762	-0.655731
0.434510	-0.348631	-0.057737	-0.653837
0.434439	-0.345743	-0.057503	-0.654476
0.434480	-0.347271	-0.058533	-0.654145
0.434517	-0.346852	-0.058627	-0.654364
0.434431	-0.348622	-0.058151	-0.654526
0.434484	-0.346913	-0.056868	-0.655444
0.434548	-0.347236	-0.057191	-0.653950
0.434459	-0.347649	-0.056293	-0.653126
0.434464	-0.346369	-0.057256	-0.654453
0.434599	-0.345640	-0.057604	-0.654254
0.434567	-0.347767	-0.057749	-0.654835
0.434473	-0.347474	-0.057539	-0.654462
0.434493	-0.347757	-0.057468	-0.654024
0.434557	-0.347435	-0.057060	-0.654007
0.434515	-0.347537	-0.059138	-0.653436
0.434490	-0.347182	-0.057144	-0.655318
0.434529	-0.348454	-0.058063	-0.654408
0.434524	-0.347249	-0.059507	-0.654681
0.434553	-0.348979	-0.058578	-0.653932
0.434499	-0.346809	-0.057881	-0.654817
0.434461	-0.346142	-0.057742	-0.654654
0.434544	-0.348200	-0.058811	-0.655454
0.434530	-0.346867	-0.056456	-0.653646
0.434545	-0.346469	-0.058501	-0.653628
0.434515	-0.348531	-0.057816	-0.656225
0.434489	-0.347414	-0.057592	-0.654109
0.434578	-0.347703	-0.058481	-0.654699
0.434564	-0.347145	-0.057381	-0.652924
0.434464	-0.347056	-0.058395	-0.654181
0.434463	-0.347853	-0.059262	-0.653685
0.434520	-0.348459	-0.058016	-0.654773
0.434492	-0.348256	-0.058510	-0.655141
0.434428	-0.347096	-0.058115	-0.656463
0.434479	-0.348776	-0.058519	-0.654824
0.434530	-0.348163	-0.057976	-0.654072
0.434396	-0.348475	-0.057574	-0.654409
0.434564	-0.347070	-0.058603	-0.653189
0.434498	-0.346235	-0.058617	-0.654377
0.434533	-0.348061	-0.058211	-0.653496
0.434445	-0.348161	-0.058005	-0.653704
0.434556	-0.348843	-0.056698	-0.654106
0.434574	-0.347664	-0.057589	-0.654607
0.434548	-0.346776	-0.057958	-0.655286
0.434504	-0.346645	-0.058184	-0.653367
0.434508	-0.347075	-0.057336	-0.653609
0.434538	-0.347026	-0.057505	-0.654565
0.434584	-0.347468	-0.057285	-0.654718
0.434535	-0.348061	-0.057543	-0.656185
0.434604	-0.349513	-0.058988	-0.653353
0.434582	-0.348121	-0.057795	-0.654738
0.434528	-0.347136	-0.057753	-0.655110
0.434527	-0.347603	-0.057594	-0.654968
0.434478	-0.348720	-0.057697	-0.654867
0.434547	-0.347210	-0.058862	-0.654555
0.434449	-0.349249	-0.058865	-0.654527
0.434451	-0.347400	-0.058508	-0.653530
0.434492	-0.347449	-0.057955	-0.655410
0.434598	-0.348105	-0.057965	-0.653987
0.434527	-0.347618	-0.058364	-0.655169
0.434558	-0.349116	-0.057935	-0.653841
0.434518	-0.349128	-0.058440	-0.655121
0.434528	-0.347647	-0.056940	-0.655130
0.434589	-0.346555	-0.056744	-0.654389
0.434500	-0.349569	-0.057749	-0.655580
0.434479	-0.348022	-0.058209	-0.654045
0.434563	-0.347907	-0.056703	-0.654496
0.434436	-0.347828	-0.058558	-0.654547
0.434512	-0.346787	-0.058223	-0.654096
0.434504	-0.347967	-0.058417	-0.654267
0.434592	-0.347212	-0.056892	-0.655576
0.434544	-0.348952	-0.056226	-0.654938
0.434415	-0.348429	-0.056099	-0.655006
0.434523	-0.347485	-0.057391	-0.655088
0.434515	-0.348368	-0.057114	-0.656297
0.434500	-0.348508	-0.057820	-0.654726
0.434473	-0.347393	-0.057457	-0.654948
0.434551	-0.347757	-0.058569	-0.655806
0.434508	-0.348475	-0.057392	-0.654458
0.434554	-0.347459	-0.057322	-0.654174
0.434548	-0.349342	-0.057501	-0.654149
0.434517	-0.346698	-0.057984	-0.655523
0.434537	-0.347091	-0.058365	-0.655147
0.434488	-0.348010	-0.058654	-0.655110
0.434548	-0.348399	-0.058326	-0.654398
0.434612	-0.348295	-0.057110	-0.653603
0.434500	-0.347363	-0.056454	-0.652957
0.434488	-0.348909	-0.058108	-0.655543
0.434503	-0.348642	-0.058114	-0.655207
0.434577	-0.348294	-0.059062	-0.654655
0.434519	-0.348014	-0.059488	-0.656454
0.434477	-0.349111	-0.057672	-0.655880
0.434551	-0.348348	-0.057407	-0.654089
0.434466	-0.349572	-0.058033	-0.654413
0.434561	-0.348504	-0.058533	-0.654178
0.434586	-0.348831	-0.059200	-0.654437
0.434464	-0.349273	-0.058582	-0.654889
0.434470	-0.348742	-0.059220	-0.654765
0.434543	-0.347960	-0.058362	-0.655685
0.434463	-0.348690	-0.057074	-0.654120
0.434559	-0.349245	-0.057452	-0.655524
0.434451	-0.347199	-0.057905	-0.655055
0.434547	-0.347790	-0.058055	-0.654865
0.434554	-0.348378	-0.058198	-0.653542
0.434540	-0.348750	-0.057806	-0.655048
0.434545	-0.348527	-0.057628	-0.654263
0.434534	-0.348741	-0.057222	-0.654837
0.434479	-0.349206	-0.058374	-0.654748
0.434566	-0.349085	-0.056832	-0.655558
0.434537	-0.347525	-0.057523	-0.653841
0.434621	-0.348070	-0.058555	-0.654200
0.434484	-0.346915	-0.058935	-0.655524
0.434539	-0.348458	-0.058405	-0.653184
0.434344	-0.348730	-0.058424	-0.654592
0.434775	-0.348838	-0.057900	-0.653670
0.433517	-0.349385	-0.058213	-0.654783
0.429564	-0.348823	-0.059479	-0.655304
0.429705	-0.347328	-0.058030	-0.654085
0.429422	-0.348720	-0.059499	-0.653982
0.430405	-0.349626	-0.058362	-0.653719
0.434927	-0.349752	-0.058471	-0.654929
0.433256	-0.349225	-0.057300	-0.655973
0.429720	-0.348087	-0.056917	-0.654858
0.429214	-0.348559	-0.058706	-0.654671
0.433094	-0.348760	-0.059671	-0.655580
0.433942	-0.348556	-0.059159	-0.655399
0.428943	-0.348835	-0.058115	-0.653926
0.430849	-0.348636	-0.058722	-0.655747
0.434517	-0.347201	-0.057495	-0.653631
0.434628	-0.348771	-0.058107	-0.654571
0.434507	-0.349268	-0.057154	-0.654684
0.434573	-0.348741	-0.058003	-0.653198
0.434440	-0.347234	-0.059321	-0.654689
0.434507	-0.347256	-0.058128	-0.653732
0.434466	-0.349418	-0.058623	-0.655963
0.434485	-0.347350	-0.058282	-0.654696
0.434533	-0.348731	-0.059626	-0.656033
0.434557	-0.348751	-0.059701	-0.655384
0.434495	-0.347254	-0.058054	-0.654164
0.434508	-0.348752	-0.057063	-0.654386
0.434525	-0.346962	-0.058760	-0.653039
0.434548	-0.347343	-0.057944	-0.654849
0.434500	-0.347122	-0.058163	-0.656955
0.434497	-0.347001	-0.057239	-0.654604
0.434464	-0.348629	-0.057875	-0.654022
0.434706	-0.348926	-0.059116	-0.655136
0.434389	-0.348171	-0.058075	-0.655179
0.434663	-0.349011	-0.059057	-0.654044
0.434287	-0.347708	-0.059466	-0.653476
0.434877	-0.348150	-0.057736	-0.654431
0.432949	-0.348946	-0.058407	-0.654064
0.430465	-0.349426	-0.056776	-0.654259
0.435200	-0.349605	-0.058147	-0.653661
0.432928	-0.349683	-0.058656	-0.655617
0.429422	-0.350428	-0.059253	-0.654642
0.429638	-0.348140	-0.058854	-0.654354
0.429566	-0.348126	-0.058397	-0.654456
0.429546	-0.348136	-0.058604	-0.654781
0.429550	-0.348737	-0.059688	-0.654976
0.429575	-0.348722	-0.058105	-0.656594
0.429549	-0.348581	-0.056840	-0.655680
0.429640	-0.348805	-0.058653	-0.654109
0.429588	-0.348116	-0.058162	-0.655105
0.429591	-0.347427	-0.058495	-0.655078
0.429480	-0.349279	-0.058634	-0.655517
0.429766	-0.347518	-0.059399	-0.653091
0.429347	-0.347453	-0.057998	-0.653225
0.433260	-0.348464	-0.058113	-0.654332
0.434766	-0.348032	-0.058425	-0.654572
0.434359	-0.347728	-0.057533	-0.654392
0.434628	-0.347732	-0.059144	-0.654562
0.434497	-0.347981	-0.058632	-0.654652
0.434572	-0.347742	-0.056803	-0.656053
0.434372	-0.347813	-0.059780	-0.654795
0.434508	-0.347437	-0.058250	-0.654347
0.434455	-0.346723	-0.058668	-0.655547
0.434540	-0.348415	-0.058098	-0.655149
0.434572	-0.348516	-0.058569	-0.653347
0.434537	-0.348011	-0.059743	-0.655176
0.434461	-0.348528	-0.058310	-0.654315
0.434608	-0.349494	-0.058307	-0.654815
0.434497	-0.349414	-0.059148	-0.655940
0.434522	-0.350282	-0.059388	-0.654305
0.434601	-0.349235	-0.058648	-0.655050
0.434543	-0.349443	-0.059764	-0.654521
0.434464	-0.349151	-0.058010	-0.655283
0.434528	-0.348662	-0.058809	-0.654447
0.434528	-0.351453	-0.058407	-0.653585
0.434464	-0.348554	-0.058490	-0.655580
0.434512	-0.349971	-0.059106	-0.656111
0.434636	-0.347756	-0.057739	-0.654839
0.434477	-0.349501	-0.058308	-0.655343
0.434534	-0.348119	-0.057816	-0.655070
0.434464	-0.349973	-0.058245	-0.655229
0.434487	-0.348559	-0.059534	-0.653864
0.430336	-0.347945	-0.058077	-0.654444
0.429307	-0.348616	-0.058364	-0.653784
0.429719	-0.349363	-0.059079	-0.652947
0.429496	-0.349060	-0.058983	-0.653901
0.429576	-0.347288	-0.058757	-0.654907
0.429500	-0.347634	-0.058168	-0.654051
0.429574	-0.348199	-0.058405	-0.653328
0.429519	-0.348144	-0.059636	-0.655557
0.429487	-0.347761	-0.057583	-0.654541
0.429579	-0.348369	-0.058835	-0.654566
0.429516	-0.346838	-0.059552	-0.653153
0.429567	-0.348445	-0.056581	-0.654455
0.429718	-0.347210	-0.057499	-0.654423
0.433910	-0.346791	-0.058305	-0.654799
0.434633	-0.347463	-0.059206	-0.653973
0.434420	-0.348199	-0.059276	-0.653827
0.434606	-0.348912	-0.057845	-0.655100
0.434359	-0.348546	-0.058918	-0.654532
0.430188	-0.348086	-0.058072	-0.653338
0.429334	-0.348178	-0.059493	-0.654679
0.429714	-0.347933	-0.057954	-0.654399
0.429702	-0.348727	-0.058535	-0.654230
0.434027	-0.348388	-0.059128	-0.654372
0.434632	-0.347898	-0.057179	-0.655250
0.434484	-0.348155	-0.058543	-0.653927
0.434480	-0.349219	-0.059558	-0.654224
0.434578	-0.347732	-0.059372	-0.655080
0.434413	-0.348049	-0.058424	-0.654545
0.434671	-0.349105	-0.057619	-0.654085
0.434302	-0.349850	-0.059746	-0.653668
0.434898	-0.349121	-0.059826	-0.654060
0.432268	-0.347706	-0.059282	-0.654587
0.429117	-0.350601	-0.058162	-0.654948
0.429779	-0.349905	-0.059618	-0.654274
0.429412	-0.349606	-0.058925	-0.654704
0.429668	-0.348711	-0.057780	-0.654465
0.429505	-0.348785	-0.059657	-0.656304
0.429714	-0.348354	-0.058973	-0.655018
0.429733	-0.347885	-0.058582	-0.654759
0.434288	-0.348400	-0.059727	-0.655093
0.434403	-0.348279	-0.056807	-0.654552
0.434847	-0.348808	-0.057749	-0.654684
0.432159	-0.348463	-0.058717	-0.655286
0.428988	-0.348884	-0.058926	-0.654210
0.430226	-0.349884	-0.059743	-0.655102
0.433853	-0.348984	-0.059582	-0.656019
0.434910	-0.348528	-0.059112	-0.653856
0.434251	-0.348178	-0.058667	-0.653937
0.434868	-0.349752	-0.058712	-0.652852
0.434115	-0.348126	-0.058188	-0.654344
0.435159	-0.348536	-0.058592	-0.654607
0.433461	-0.347669	-0.060646	-0.653138
0.432354	-0.348528	-0.059037	-0.654740
0.429649	-0.348916	-0.059356	-0.654750
0.432373	-0.348261	-0.059874	-0.655131
0.432456	-0.348315	-0.057762	-0.655137
0.428820	-0.348494	-0.058708	-0.654546
0.430006	-0.348836	-0.060112	-0.655453
0.429225	-0.348717	-0.059156	-0.654864
0.429803	-0.349259	-0.059098	-0.655493
0.429276	-0.348582	-0.059099	-0.654949
0.429670	-0.348952	-0.059289	-0.656478
0.429424	-0.348872	-0.060520	-0.655255
0.429697	-0.348328	-0.058653	-0.653987
0.429468	-0.348246	-0.058524	-0.655070
0.429600	-0.348837	-0.058841	-0.653649
0.429486	-0.349479	-0.058528	-0.656219
0.429619	-0.349791	-0.058453	-0.654548
0.429463	-0.347747	-0.058801	-0.654110
0.429646	-0.349717	-0.059029	-0.654580
0.429516	-0.349225	-0.059772	-0.654533
0.429571	-0.349320	-0.058136	-0.654364
0.429544	-0.349486	-0.057605	-0.655077
0.429530	-0.347425	-0.058533	-0.654371
0.429596	-0.347417	-0.058975	-0.654700
0.429522	-0.349481	-0.058890	-0.654870
0.429625	-0.348304	-0.059266	-0.654234
0.429534	-0.348937	-0.060173	-0.654109
0.429541	-0.348536	-0.057691	-0.654781
0.429557	-0.347780	-0.058379	-0.654956
0.429579	-0.348673	-0.060203	-0.655940
0.429595	-0.347300	-0.057778	-0.654570
0.429472	-0.349546	-0.059012	-0.651988
0.429561	-0.348502	-0.059904	-0.653831
0.429541	-0.348826	-0.058429	-0.654339
0.429556	-0.348150	-0.059946	-0.653804
0.429530	-0.347385	-0.058758	-0.654615
0.429521	-0.348279	-0.058864	-0.654797
0.429561	-0.347702	-0.059955	-0.655930
0.429511	-0.348654	-0.057772	-0.655055
0.429468	-0.348975	-0.058261	-0.654175
0.429539	-0.347204	-0.058956	-0.655326
0.429577	-0.349492	-0.059271	-0.655730
0.429531	-0.350668	-0.059203	-0.654964
0.429471	-0.348851	-0.059008	-0.653851
0.429534	-0.347707	-0.058859	-0.654660
0.429522	-0.351311	-0.059544	-0.656264
0.429596	-0.350953	-0.059107	-0.655101
0.429526	-0.348875	-0.058600	-0.654298
0.429645	-0.348183	-0.058286	-0.655318
0.429435	-0.350205	-0.058949	-0.655345
0.429667	-0.348215	-0.057699	-0.653302
0.429294	-0.347781	-0.059263	-0.656439
0.432630	-0.348359	-0.059829	-0.654200
0.435074	-0.349522	-0.059903	-0.654042
0.433363	-0.348850	-0.057980	-0.653927
0.429620	-0.349632	-0.059043	-0.654443
0.429509	-0.348664	-0.058415	-0.655419
0.429596	-0.347378	-0.058382	-0.656013
0.429595	-0.347492	-0.060426	-0.655081
0.429619	-0.347209	-0.058871	-0.654704
0.429502	-0.347230	-0.058382	-0.653983
0.429549	-0.348659	-0.059310	-0.654764
0.429530	-0.348617	-0.058518	-0.654368
0.429512	-0.347639	-0.058960	-0.655259
0.429529	-0.348372	-0.058659	-0.655458
0.429547	-0.346070	-0.058178	-0.654221
0.429581	-0.349743	-0.058694	-0.653943
0.429555	-0.349945	-0.059394	-0.653461
0.429620	-0.348613	-0.059488	-0.655130
0.429546	-0.347663	-0.058500	-0.656138
0.429501	-0.349035	-0.059820	-0.655353
0.429515	-0.349708	-0.059357	-0.654587
0.429609	-0.350636	-0.059212	-0.653646
0.429515	-0.348211	-0.058122	-0.655923
0.429520	-0.349887	-0.059560	-0.654318
0.429545	-0.348977	-0.058360	-0.655534
0.429512	-0.348301	-0.058886	-0.654818
0.429550	-0.349656	-0.060764	-0.654449
0.429560	-0.348176	-0.060830	-0.655755
0.429577	-0.348753	-0.058430	-0.655224
0.429547	-0.349393	-0.059748	-0.653684
0.429583	-0.350135	-0.059707	-0.653750
0.429645	-0.349153	-0.059278	-0.654288
0.429609	-0.349116	-0.059608	-0.654843
0.429598	-0.348040	-0.058821	-0.653863
0.429594	-0.349370	-0.060087	-0.654825
0.429561	-0.348942	-0.059142	-0.655296
0.429501	-0.349219	-0.059774	-0.654584
0.429571	-0.349512	-0.058628	-0.653764
0.429552	-0.347264	-0.059351	-0.654308
0.429565	-0.348851	-0.060630	-0.655048
0.429473	-0.350658	-0.059750	-0.652673
0.429541	-0.348250	-0.059178	-0.655157
0.429534	-0.348258	-0.059978	-0.653150
0.429610	-0.348629	-0.059997	-0.654710
0.429542	-0.348677	-0.059233	-0.653361
0.429562	-0.349019	-0.060514	-0.653423
0.429579	-0.348378	-0.059109	-0.654363
0.429544	-0.349210	-0.060037	-0.655248
0.429505	-0.349587	-0.059735	-0.653643
0.429531	-0.350643	-0.058578	-0.652689
0.429546	-0.348241	-0.059362	-0.655187
0.429531	-0.349622	-0.058199	-0.654208
0.429422	-0.349665	-0.058792	-0.654770
0.429603	-0.347211	-0.060366	-0.653625
0.429565	-0.348964	-0.058816	-0.653575
0.429541	-0.348014	-0.059187	-0.654785
0.429525	-0.348798	-0.059435	-0.654660
0.429552	-0.348780	-0.058811	-0.655130
0.429586	-0.348826	-0.058396	-0.653813
0.429575	-0.349720	-0.059082	-0.653380
0.429511	-0.348820	-0.060190	-0.654528
0.429586	-0.349443	-0.058954	-0.656175
0.429486	-0.348961	-0.058861	-0.653802
0.429594	-0.349502	-0.059047	-0.654417
0.429674	-0.348362	-0.060161	-0.655095
0.429546	-0.349219	-0.059364	-0.655240
0.429517	-0.347540	-0.058438	-0.655706
0.429545	-0.348827	-0.059653	-0.653041
0.429559	-0.349176	-0.058402	-0.654680
0.429616	-0.349372	-0.059715	-0.654681
0.429520	-0.349657	-0.060044	-0.653836
0.429502	-0.348738	-0.059508	-0.654308
0.429515	-0.348323	-0.059230	-0.654249
0.429596	-0.350165	-0.058554	-0.653577
0.429514	-0.348604	-0.058147	-0.653892
0.429514	-0.348479	-0.058181	-0.653170
0.429468	-0.348813	-0.059755	-0.654315
0.429552	-0.348748	-0.060305	-0.654996
0.429567	-0.349620	-0.060716	-0.654971
0.429567	-0.348636	-0.058480	-0.654481
0.429520	-0.348902	-0.060008	-0.653965
0.429577	-0.348793	-0.059255	-0.653654
0.429522	-0.349661	-0.060489	-0.654069
0.429522	-0.348807	-0.059841	-0.654019
0.429588	-0.348245	-0.059647	-0.653614
0.429490	-0.349533	-0.060000	-0.655383
0.429570	-0.348931	-0.060018	-0.654918
0.429570	-0.348306	-0.058232	-0.654963
0.429594	-0.349448	-0.058375	-0.654226
0.429521	-0.348975	-0.060630	-0.654017
0.429485	-0.348656	-0.058575	-0.654186
0.429542	-0.349652	-0.059137	-0.654426
0.429550	-0.350761	-0.059806	-0.654447
0.429549	-0.348695	-0.059533	-0.655578
0.429581	-0.348258	-0.059886	-0.654471
0.429603	-0.350672	-0.060705	-0.655340
0.429595	-0.348669	-0.060800	-0.654781
0.429549	-0.348514	-0.058706	-0.655236
0.429500	-0.349045	-0.059449	-0.654525
0.429509	-0.349524	-0.060162	-0.654487
0.429603	-0.350530	-0.058718	-0.654460
0.429610	-0.348338	-0.059688	-0.654652
0.429525	-0.348246	-0.058933	-0.654764
0.429591	-0.348796	-0.058669	-0.652779
0.429535	-0.349511	-0.058760	-0.654513
0.429560	-0.347549	-0.059807	-0.654091
0.429608	-0.348697	-0.059040	-0.655722
0.429555	-0.348294	-0.058229	-0.653441
0.429557	-0.349297	-0.060632	-0.652553
0.429542	-0.348685	-0.058275	-0.655755
0.429505	-0.347931	-0.058737	-0.652845
0.429577	-0.348166	-0.058614	-0.654563
0.429549	-0.350115	-0.058251	-0.654381
0.429476	-0.349210	-0.060435	-0.654541
0.429565	-0.349091	-0.060814	-0.654056
0.429575	-0.348360	-0.059627	-0.654619
0.429510	-0.348676	-0.059260	-0.655399
0.429541	-0.350094	-0.059756	-0.655308
0.429503	-0.348115	-0.059292	-0.655112
0.429547	-0.349221	-0.058218	-0.654072
0.429648	-0.348631	-0.059879	-0.653858
0.429546	-0.348999	-0.059710	-0.652777
0.429576	-0.347129	-0.060502	-0.654218
0.429535	-0.348856	-0.059440	-0.655221
0.429598	-0.348259	-0.057758	-0.653190
0.429536	-0.349905	-0.059643	-0.654518
0.429516	-0.348867	-0.059504	-0.654615
0.429585	-0.350752	-0.059955	-0.655110
0.429536	-0.350672	-0.060626	-0.655041
0.429486	-0.349179	-0.060438	-0.655744
0.429536	-0.348418	-0.060230	-0.655854
0.429537	-0.348866	-0.059311	-0.655030
0.429581	-0.349471	-0.058600	-0.654161
0.429554	-0.349579	-0.059465	-0.654749
0.429613	-0.349377	-0.059357	-0.653868
0.429467	-0.349103	-0.058736	-0.654652
0.429529	-0.348288	-0.059716	-0.653460
0.429448	-0.348141	-0.058983	-0.655893
0.429561	-0.348838	-0.059504	-0.654473
0.429595	-0.348524	-0.060519	-0.654650
0.429488	-0.348368	-0.059406	-0.654715
0.429638	-0.348095	-0.060566	-0.654476
0.429502	-0.349608	-0.059475	-0.655538
0.429579	-0.348226	-0.057488	-0.654743
0.429540	-0.349970	-0.059142	-0.654864
0.429561	-0.349338	-0.059528	-0.654000
0.429524	-0.349666	-0.059049	-0.654622
0.429526	-0.347791	-0.059757	-0.655281
0.429605	-0.350389	-0.058931	-0.655197
0.429515	-0.349449	-0.059114	-0.654213
0.429593	-0.349228	-0.060230	-0.654149
0.429522	-0.350178	-0.060007	-0.653011
0.429549	-0.348389	-0.058996	-0.655155
0.429507	-0.349940	-0.060051	-0.653001
0.429527	-0.348010	-0.059777	-0.654072
0.429579	-0.348584	-0.060056	-0.655815
0.429544	-0.349076	-0.059218	-0.653814
0.429593	-0.348383	-0.059530	-0.654243
0.429525	-0.348821	-0.059651	-0.653376
0.429613	-0.347742	-0.058093	-0.654200
0.429589	-0.351098	-0.060307	-0.653878
0.429486	-0.349063	-0.060336	-0.654880
0.429537	-0.349369	-0.060518	-0.654186
0.429515	-0.348355	-0.058138	-0.655627
0.429520	-0.349221	-0.059851	-0.653450
0.429590	-0.349605	-0.059762	-0.654850
0.429542	-0.349451	-0.059505	-0.652836
0.429581	-0.349612	-0.059746	-0.654184
0.429580	-0.349096	-0.059149	-0.655025
0.429603	-0.348777	-0.060403	-0.653154
0.429463	-0.349438	-0.059409	-0.654272
0.429503	-0.349600	-0.059791	-0.655078
0.429483	-0.348872	-0.060359	-0.654164
0.429522	-0.348526	-0.059900	-0.653807
0.429588	-0.348899	-0.059770	-0.654352
0.429501	-0.349375	-0.058021	-0.653108
0.429598	-0.348286	-0.059371	-0.655466
0.429541	-0.349355	-0.060069	-0.654451
0.429517	-0.348601	-0.060400	-0.654084
0.429550	-0.347052	-0.058966	-0.653988
0.429488	-0.348592	-0.060855	-0.656046
0.429539	-0.349835	-0.060024	-0.654481
0.429629	-0.350238	-0.062147	-0.653888
0.429555	-0.350257	-0.059810	-0.653757
0.429517	-0.349643	-0.058940	-0.654482
0.429608	-0.349479	-0.059863	-0.654956
0.429574	-0.350179	-0.059266	-0.655826
0.429575	-0.349553	-0.060716	-0.654490
0.429529	-0.350700	-0.060475	-0.655072
0.429482	-0.351765	-0.060953	-0.654481
0.429455	-0.350204	-0.058944	-0.655106
0.429615	-0.348553	-0.060066	-0.654396
0.429540	-0.349929	-0.061016	-0.654756
0.429503	-0.349538	-0.059599	-0.655201
0.429545	-0.349011	-0.058679	-0.652901
0.429554	-0.349611	-0.061155	-0.655531
0.429503	-0.349867	-0.059468	-0.655506
0.429545	-0.349834	-0.059588	-0.655358
0.429546	-0.348678	-0.060014	-0.653608
0.429559	-0.349531	-0.058996	-0.654349
0.429521	-0.347604	-0.058540	-0.653615
0.429614	-0.350245	-0.060999	-0.654609
0.429501	-0.348283	-0.059384	-0.654025
0.429520	-0.348977	-0.061041	-0.654521
0.429590	-0.348915	-0.060083	-0.654344
0.429562	-0.348106	-0.059168	-0.655116
0.429527	-0.348601	-0.060873	-0.653118
0.429527	-0.349332	-0.059335	-0.654204
0.429555	-0.349412	-0.059671	-0.654570
0.429605	-0.349069	-0.058455	-0.654089
0.429564	-0.350036	-0.059544	-0.654353
0.429524	-0.348459	-0.061259	-0.653470
0.429552	-0.348469	-0.060953	-0.652652
0.429503	-0.348646	-0.059202	-0.653634
0.429535	-0.349116	-0.059477	-0.653897
0.429564	-0.348378	-0.058928	-0.653738
0.429524	-0.348818	-0.060494	-0.653656
0.429561	-0.349294	-0.060601	-0.654342
0.429442	-0.348339	-0.060459	-0.653463
0.429603	-0.350220	-0.059103	-0.654922
0.429541	-0.349300	-0.060404	-0.654215
0.429520	-0.349722	-0.059547	-0.654417
0.429589	-0.350607	-0.059375	-0.655529
0.429515	-0.348937	-0.060943	-0.654322
0.429565	-0.348971	-0.059500	-0.655428
0.429551	-0.350028	-0.060393	-0.652713
0.429556	-0.349588	-0.060128	-0.655045
0.429576	-0.350548	-0.061622	-0.654899
0.429519	-0.349602	-0.061998	-0.655124
0.429470	-0.350178	-0.061089	-0.655159
0.429540	-0.350720	-0.060688	-0.654917
0.429491	-0.348512	-0.060365	-0.654200
0.429419	-0.349756	-0.059840	-0.655843
0.429486	-0.351114	-0.060228	-0.655813
0.429547	-0.350720	-0.059712	-0.653739
0.429534	-0.348248	-0.058820	-0.654749
0.429651	-0.349618	-0.060129	-0.653921
0.429521	-0.347580	-0.061007	-0.654324
0.429580	-0.348573	-0.059002	-0.654460
0.429552	-0.349267	-0.058829	-0.654340
0.429566	-0.349039	-0.058119	-0.655165
0.429550	-0.350477	-0.057981	-0.654736
0.429600	-0.349390	-0.060216	-0.652891
0.429542	-0.349946	-0.058702	-0.654403
0.429545	-0.347787	-0.060210	-0.655442
0.429492	-0.348733	-0.058718	-0.652885
0.429604	-0.348213	-0.059811	-0.654213
0.429636	-0.350567	-0.060529	-0.655324
0.429644	-0.349503	-0.061150	-0.653745
0.429550	-0.349190	-0.058886	-0.652727
0.429611	-0.349648	-0.059984	-0.655105
0.429549	-0.349617	-0.060693	-0.654050
0.429501	-0.349512	-0.061116	-0.656009
0.429534	-0.351188	-0.059385	-0.655129
0.429488	-0.349728	-0.060593	-0.655845
0.429560	-0.350068	-0.061666	-0.655494
0.429526	-0.351112	-0.060056	-0.656587
0.429575	-0.350178	-0.059478	-0.654067
0.429649	-0.349569	-0.060531	-0.654465
0.429565	-0.350319	-0.059725	-0.655576
0.429594	-0.350717	-0.060499	-0.654689
0.429584	-0.350870	-0.060809	-0.654462
0.429550	-0.349956	-0.059921	-0.655072
0.429556	-0.351109	-0.060979	-0.655149
0.429540	-0.349642	-0.060613	-0.653784
0.429516	-0.350651	-0.059053	-0.653674
0.429477	-0.349697	-0.058862	-0.654644
0.429618	-0.348452	-0.061198	-0.654538
0.429555	-0.348281	-0.058733	-0.654505
0.429643	-0.349350	-0.059196	-0.654431
0.429564	-0.350050	-0.059361	-0.654540
0.429536	-0.350192	-0.059139	-0.654386
0.429614	-0.350715	-0.059731	-0.653046
0.429575	-0.347816	-0.062177	-0.654109
0.429531	-0.349663	-0.060383	-0.654575
0.429560	-0.348632	-0.060343	-0.653918
0.429588	-0.348363	-0.060306	-0.656191
0.429565	-0.349593	-0.060467	-0.654349
0.429507	-0.350329	-0.058973	-0.655053
0.429567	-0.348862	-0.060581	-0.654408
0.429485	-0.350452	-0.061036	-0.654433
0.429531	-0.349441	-0.061033	-0.655032
0.429544	-0.349722	-0.060142	-0.653342
0.429606	-0.349658	-0.058736	-0.654335
0.429526	-0.349330	-0.060163	-0.654817
0.429505	-0.349826	-0.060350	-0.655546
0.429588	-0.350411	-0.060581	-0.654586
0.429556	-0.351174	-0.059540	-0.654388
0.429550	-0.349372	-0.059294	-0.653715
0.429590	-0.349330	-0.060586	-0.654180
0.429547	-0.350269	-0.060604	-0.654814
0.429560	-0.350339	-0.058809	-0.655062
0.429557	-0.349831	-0.060618	-0.655072
0.429601	-0.350404	-0.060054	-0.655006
0.429559	-0.350844	-0.060635	-0.654769
0.429569	-0.349875	-0.060216	-0.654270
0.429545	-0.350800	-0.061556	-0.654522
0.429584	-0.350131	-0.060621	-0.654324
0.429580	-0.348492	-0.061026	-0.655032
0.429585	-0.349150	-0.060376	-0.653996
0.429655	-0.349976	-0.061915	-0.653824
0.429447	-0.348263	-0.062567	-0.654560
0.429519	-0.349419	-0.059633	-0.655027
0.429586	-0.350530	-0.058654	-0.654487
0.429495	-0.348245	-0.059169	-0.654649
0.429556	-0.348867	-0.059548	-0.653901
0.429527	-0.348931	-0.059539	-0.653351
0.429554	-0.349292	-0.059398	-0.654424
0.429616	-0.348647	-0.060934	-0.653157
0.429517	-0.349411	-0.059929	-0.654102
0.429633	-0.348685	-0.059933	-0.655592
0.429552	-0.349448	-0.059639	-0.654908
0.429576	-0.348490	-0.060741	-0.654111
0.429697	-0.349238	-0.060630	-0.654239
0.429555	-0.348765	-0.059928	-0.654612
0.429572	-0.348891	-0.059802	-0.653732
0.429529	-0.350889	-0.059559	-0.653684
0.429583	-0.349175	-0.060618	-0.654136
0.429565	-0.349605	-0.060906	-0.654669
0.429536	-0.349395	-0.061028	-0.653368
0.429514	-0.349034	-0.059247	-0.654252
0.429600	-0.348882	-0.060606	-0.653073
0.429525	-0.349105	-0.059994	-0.655399
0.429547	-0.349919	-0.060054	-0.653980
0.429576	-0.349820	-0.060633	-0.654669
0.429526	-0.350447	-0.061145	-0.654297
0.429461	-0.349561	-0.060238	-0.653649
0.429549	-0.350407	-0.059795	-0.655003
0.429633	-0.349272	-0.061625	-0.654634
0.429570	-0.350086	-0.059652	-0.654399
0.429526	-0.349482	-0.061042	-0.653391
0.429616	-0.349820	-0.059806	-0.655870
0.429594	-0.349372	-0.061611	-0.654545
0.429546	-0.349395	-0.060725	-0.654640
0.429576	-0.350075	-0.061170	-0.653837
0.429470	-0.348836	-0.061559	-0.654600
0.429594	-0.349025	-0.058534	-0.653441
0.429613	-0.349334	-0.059612	-0.654112
0.429480	-0.348831	-0.060604	-0.656692
0.429577	-0.348677	-0.060978	-0.653750
0.429567	-0.351013	-0.060143	-0.653883
0.429562	-0.349466	-0.059415	-0.653901
0.429595	-0.348649	-0.061369	-0.655567
0.429595	-0.349489	-0.059134	-0.654274
0.429561	-0.349150	-0.060091	-0.653729
0.429554	-0.348861	-0.060838	-0.655107
0.429516	-0.347567	-0.060356	-0.653279
0.429562	-0.349452	-0.059676	-0.654099
0.429540	-0.348180	-0.060097	-0.654342
0.429584	-0.350646	-0.060637	-0.654495
0.429571	-0.348802	-0.060969	-0.654923
0.429583	-0.349065	-0.059820	-0.654896
0.429584	-0.348069	-0.061083	-0.654783
0.429525	-0.348796	-0.061548	-0.655813
0.429510	-0.349815	-0.059891	-0.654999
0.429567	-0.350205	-0.059096	-0.652667
0.429531	-0.350162	-0.058855	-0.654621
0.429555	-0.350351	-0.060554	-0.653866
0.429606	-0.349969	-0.061517	-0.655149
0.429640	-0.350283	-0.060833	-0.655177
0.429555	-0.351083	-0.059978	-0.653431
0.429572	-0.349766	-0.059800	-0.654095
0.429541	-0.350333	-0.060670	-0.654617
0.429590	-0.350399	-0.060300	-0.654466
0.429588	-0.350443	-0.061186	-0.654429
0.429557	-0.350045	-0.059692	-0.655182
0.429551	-0.350456	-0.058965	-0.654634
0.429531	-0.349703	-0.059795	-0.653695
0.429532	-0.350010	-0.060386	-0.655191
0.429526	-0.348135	-0.059737	-0.654213
0.429600	-0.348465	-0.060261	-0.653920
0.429535	-0.349660	-0.060187	-0.655025
0.429549	-0.351040	-0.060271	-0.652414
0.429555	-0.348377	-0.060503	-0.653988
0.429526	-0.348537	-0.059448	-0.653879
0.429540	-0.349429	-0.059944	-0.652055
0.429615	-0.350059	-0.059626	-0.654726
0.429555	-0.348459	-0.061118	-0.654724
0.429555	-0.349417	-0.059944	-0.654827
0.429560	-0.349034	-0.061554	-0.655280
0.429539	-0.349175	-0.060538	-0.656627
0.429596	-0.349761	-0.060360	-0.653750
0.429589	-0.349260	-0.061039	-0.654280
0.429565	-0.348308	-0.059931	-0.653317
0.429511	-0.348041	-0.060619	-0.654104
0.429586	-0.349963	-0.059292	-0.653215
0.429576	-0.349230	-0.060083	-0.654566
0.429598	-0.349079	-0.059690	-0.655220
0.429550	-0.348776	-0.059074	-0.655766
0.429590	-0.351523	-0.060594	-0.653692
0.429455	-0.350623	-0.062271	-0.654527
0.429628	-0.350332	-0.059055	-0.655531
0.429524	-0.351227	-0.061742	-0.654487
0.429579	-0.350386	-0.061432	-0.654557
0.429555	-0.349646	-0.061284	-0.653773
0.429545	-0.348281	-0.058529	-0.655030
0.429532	-0.350381	-0.058666	-0.654325
0.429530	-0.349781	-0.061269	-0.654120
0.429581	-0.349334	-0.059637	-0.655141
0.429574	-0.349980	-0.060729	-0.654289
0.429537	-0.348579	-0.060895	-0.654002
0.429566	-0.349463	-0.061929	-0.655135
0.429496	-0.350169	-0.060711	-0.653982
0.429572	-0.349398	-0.059973	-0.654600
0.429586	-0.348243	-0.060155	-0.653014
0.429542	-0.349359	-0.059842	-0.653467
0.429624	-0.350472	-0.061099	-0.654159
0.429526	-0.349631	-0.061262	-0.654698
0.429535	-0.348638	-0.058851	-0.654039
0.429616	-0.350147	-0.062140	-0.654416
0.429610	-0.348067	-0.060462	-0.655879
0.429519	-0.349536	-0.060314	-0.654728
0.429544	-0.348922	-0.058494	-0.655082
0.429672	-0.348934	-0.061251	-0.655661
0.429628	-0.349375	-0.060190	-0.655026
0.429526	-0.349671	-0.059013	-0.655538
0.429502	-0.349990	-0.060668	-0.653609
0.429624	-0.348942	-0.061260	-0.654624
0.429618	-0.350180	-0.060807	-0.654834
0.429510	-0.349563	-0.059445	-0.656230
0.429564	-0.351179	-0.061177	-0.654912
0.429514	-0.351016	-0.061821	-0.654690
0.429564	-0.350988	-0.061646	-0.654530
0.429531	-0.351214	-0.061889	-0.654984
0.429545	-0.350668	-0.059777	-0.655825
0.429557	-0.350986	-0.060121	-0.654491
0.429611	-0.349169	-0.061289	-0.654847
0.429606	-0.349219	-0.061033	-0.656746
0.429556	-0.349010	-0.060559	-0.655869
0.429510	-0.349693	-0.060688	-0.655167
0.429595	-0.348894	-0.060409	-0.653750
0.429567	-0.349314	-0.060442	-0.653833
0.429575	-0.349124	-0.060655	-0.654532
0.429545	-0.349777	-0.060584	-0.653823
0.429615	-0.350423	-0.061086	-0.653294
0.429550	-0.349206	-0.059896	-0.654402
0.429546	-0.349037	-0.060756	-0.653482
0.429589	-0.348695	-0.061809	-0.655521
0.429630	-0.349265	-0.060463	-0.654530
0.429571	-0.348691	-0.060607	-0.654257
0.429611	-0.349327	-0.061005	-0.653631
0.429645	-0.348910	-0.059745	-0.655796
0.429636	-0.350478	-0.060982	-0.653481
0.429507	-0.349646	-0.060241	-0.654595
0.429512	-0.350228	-0.060681	-0.656157
0.429540	-0.349875	-0.059377	-0.653889
0.429495	-0.351143	-0.061032	-0.653164
0.429598	-0.349936	-0.060995	-0.654299
0.429514	-0.349686	-0.061742	-0.653198
0.429509	-0.349980	-0.061204	-0.653110
0.429576	-0.349210	-0.060780	-0.654016
0.429584	-0.350104	-0.060176	-0.654168
0.429525	-0.350473	-0.061320	-0.655442
0.429585	-0.350458	-0.060250	-0.654657
0.429539	-0.349531	-0.060691	-0.655592
0.429535	-0.350187	-0.060502	-0.654523
0.429497	-0.350079	-0.060721	-0.653392
0.429555	-0.350116	-0.061942	-0.655160
0.429546	-0.348672	-0.060489	-0.654500
0.429535	-0.350123	-0.060702	-0.654481
0.429498	-0.349701	-0.061915	-0.654715
0.429586	-0.348354	-0.061269	-0.655082
0.429629	-0.349849	-0.060589	-0.655088
0.429570	-0.350668	-0.060498	-0.654475
0.429526	-0.349895	-0.061756	-0.654447
0.429534	-0.348508	-0.062023	-0.653230
0.429527	-0.349986	-0.061059	-0.654449
0.429595	-0.348164	-0.061503	-0.655759
0.429511	-0.350041	-0.061017	-0.653718
0.429570	-0.349859	-0.059685	-0.654754
0.429601	-0.350075	-0.059726	-0.655876
0.429566	-0.348791	-0.062078	-0.653572
0.429552	-0.349050	-0.060667	-0.655082
0.429580	-0.349024	-0.061816	-0.654419
0.429492	-0.347636	-0.061057	-0.653874
0.429606	-0.348001	-0.060073	-0.654991
0.429600	-0.350100	-0.060861	-0.653386
0.429541	-0.349163	-0.060537	-0.655359
0.429539	-0.349240	-0.061216	-0.654379
0.429522	-0.350881	-0.059931	-0.656016
0.429580	-0.349497	-0.060514	-0.656324
0.429571	-0.349539	-0.061719	-0.654074
0.429521	-0.349747	-0.061670	-0.654363
0.429674	-0.349278	-0.061839	-0.653524
0.429576	-0.349178	-0.061163	-0.655228
0.429603	-0.348805	-0.060646	-0.655330
0.429376	-0.349406	-0.061155	-0.656057
0.429872	-0.349821	-0.061608	-0.654917
0.427405	-0.351352	-0.062430	-0.654175
0.423531	-0.351074	-0.060468	-0.655413
0.427018	-0.351861	-0.061291	-0.654850
0.429851	-0.351100	-0.060522	-0.654324
0.429450	-0.349901	-0.060935	-0.655210
0.429683	-0.350623	-0.060577	-0.654597
0.429509	-0.349762	-0.061566	-0.655101
0.429598	-0.349584	-0.061854	-0.654991
0.429457	-0.350177	-0.061531	-0.655194
0.429700	-0.350046	-0.061407	-0.655008
0.429241	-0.349349	-0.062316	-0.655008
0.429994	-0.349875	-0.060401	-0.655950
0.427009	-0.349345	-0.061848	-0.654913
0.423976	-0.349600	-0.060429	-0.654758
0.424676	-0.350011	-0.060655	-0.654500
0.424140	-0.349637	-0.061771	-0.652342
0.424889	-0.350194	-0.060442	-0.654683
0.429160	-0.350889	-0.059083	-0.655378
0.429660	-0.348955	-0.059715	-0.653451
0.429438	-0.349819	-0.060400	-0.655407
0.429610	-0.349496	-0.060287	-0.653744
0.429476	-0.348806	-0.060960	-0.656286
0.429583	-0.348686	-0.061026	-0.654258
0.429524	-0.347749	-0.059438	-0.654516
0.429608	-0.349411	-0.061323	-0.653669
0.429562	-0.348860	-0.060901	-0.656305
0.429586	-0.348954	-0.060098	-0.654221
0.429522	-0.350939	-0.059844	-0.655780
0.429585	-0.348186	-0.060389	-0.653844
0.429644	-0.349323	-0.060468	-0.653331
0.429503	-0.349929	-0.062008	-0.654148
0.429559	-0.349671	-0.060764	-0.654117
0.429547	-0.349268	-0.060212	-0.654230
0.429589	-0.347951	-0.061251	-0.654928
0.429534	-0.350299	-0.060830	-0.654472
0.429475	-0.347552	-0.060711	-0.653963
0.429653	-0.350185	-0.060616	-0.654651
0.429527	-0.349556	-0.061554	-0.654897
0.429576	-0.349752	-0.061318	-0.655536
0.429571	-0.348572	-0.060972	-0.654804
0.429598	-0.350517	-0.060523	-0.655196
0.429594	-0.349529	-0.060765	-0.654515
0.429555	-0.348796	-0.060905	-0.654744
0.429505	-0.349847	-0.061321	-0.654225
0.429643	-0.349303	-0.061073	-0.654335
0.429657	-0.349703	-0.061663	-0.655526
0.429534	-0.348355	-0.060955	-0.656058
0.429618	-0.350894	-0.061615	-0.654080
0.429603	-0.349804	-0.061603	-0.653606
0.429532	-0.348939	-0.060834	-0.654823
0.429555	-0.348985	-0.062430	-0.654547
0.429621	-0.347905	-0.060829	-0.655028
0.429636	-0.349079	-0.060524	-0.654720
0.429531	-0.349655	-0.061714	-0.653738
0.429567	-0.349675	-0.061003	-0.654438
0.429537	-0.348225	-0.061512	-0.654882
0.429535	-0.349045	-0.061699	-0.654310
0.429580	-0.349399	-0.060606	-0.654646
0.429480	-0.348891	-0.059978	-0.654268
0.429611	-0.349041	-0.060567	-0.654478
0.429491	-0.348957	-0.061463	-0.654685
0.429777	-0.350036	-0.060710	-0.655157
0.428683	-0.349116	-0.061314	-0.654427
0.424385	-0.349687	-0.060612	-0.654418
0.424468	-0.349318	-0.060805	-0.654798
0.424332	-0.348831	-0.060463	-0.656041
0.424423	-0.350333	-0.061296	-0.655422
0.424439	-0.349821	-0.061638	-0.654781
0.424492	-0.350157	-0.059508	-0.656416
0.424325	-0.350622	-0.060240	-0.654302
0.424461	-0.350096	-0.060742	-0.656192
0.424403	-0.348602	-0.060304	-0.654932
0.424425	-0.350312	-0.061543	-0.655270
0.424384	-0.349668	-0.061767	-0.654913
0.424544	-0.348842	-0.060195	-0.654761
0.424263	-0.350123	-0.061908	-0.654136
0.424653	-0.350165	-0.060811	-0.654417
0.424233	-0.349924	-0.061254	-0.654676
0.424700	-0.349284	-0.060764	-0.655114
0.423955	-0.350938	-0.061140	-0.654148
0.425812	-0.349103	-0.061212	-0.654240
0.426192	-0.348604	-0.060825	-0.654678
0.423910	-0.349079	-0.061818	-0.654864
0.424668	-0.349562	-0.060197	-0.655422
0.424238	-0.350712	-0.060726	-0.653892
0.424488	-0.349767	-0.059062	-0.654295
0.424270	-0.349462	-0.061294	-0.654730
0.424439	-0.348171	-0.060494	-0.654577
0.424340	-0.349334	-0.060460	-0.655759
0.424370	-0.350001	-0.058920	-0.654309
0.424398	-0.350023	-0.060885	-0.655975
0.424351	-0.349123	-0.060257	-0.654507
0.424537	-0.349063	-0.060641	-0.655200
0.424098	-0.349433	-0.061845	-0.655167
0.425533	-0.350573	-0.061018	-0.655865
0.429741	-0.348148	-0.059746	-0.655592
0.429399	-0.349826	-0.060682	-0.654115
0.429644	-0.348825	-0.060841	-0.654169
0.429476	-0.349995	-0.060517	-0.654569
0.429626	-0.350388	-0.061012	-0.655408
0.429416	-0.347984	-0.061645	-0.654354
0.429659	-0.349612	-0.061064	-0.654267
0.429429	-0.349756	-0.061086	-0.655334
0.429717	-0.349963	-0.061289	-0.655407
0.429388	-0.350295	-0.061069	-0.655093
0.429756	-0.349049	-0.063207	-0.655860
0.425883	-0.349084	-0.062508	-0.655339
0.424020	-0.351780	-0.062301	-0.655435
0.424636	-0.348771	-0.060232	-0.655192
0.424221	-0.349861	-0.062077	-0.654822
0.424628	-0.349409	-0.061472	-0.655001
0.424043	-0.349295	-0.060744	-0.655147
0.425771	-0.349383	-0.061878	-0.654352
0.429902	-0.349139	-0.060546	-0.654471
0.429243	-0.351560	-0.060557	-0.653992
0.429863	-0.349477	-0.060790	-0.655732
0.425662	-0.348579	-0.061320	-0.655526
0.424216	-0.348922	-0.061805	-0.655369
0.424522	-0.349668	-0.061861	-0.654591
0.424288	-0.350135	-0.061195	-0.653474
0.424461	-0.350451	-0.062175	-0.654619
0.424411	-0.348586	-0.062189	-0.654304
0.424419	-0.349260	-0.060363	-0.654676
0.424365	-0.348410	-0.061048	-0.653665
0.424465	-0.350028	-0.059899	-0.653765
0.424312	-0.349886	-0.060597	-0.656048
0.424413	-0.350526	-0.061613	-0.656059
0.424499	-0.348427	-0.062097	-0.654129
0.424357	-0.349213	-0.062766	-0.655301
0.424408	-0.349416	-0.061336	-0.654632
0.424376	-0.348390	-0.061207	-0.654382
0.424413	-0.349864	-0.060949	-0.654367
0.424393	-0.349014	-0.060769	-0.655003
0.424431	-0.350368	-0.062041	-0.654639
0.424446	-0.348389	-0.061328	-0.655075
0.424370	-0.348598	-0.061620	-0.655705
0.424441	-0.350245	-0.061143	-0.656366
0.424420	-0.349148	-0.062146	-0.654824
0.424467	-0.349458	-0.061448	-0.655056
0.424423	-0.348964	-0.061539	-0.654911
0.424352	-0.349747	-0.059815	-0.654665
0.424499	-0.349355	-0.061971	-0.655378
0.424367	-0.349181	-0.061766	-0.655501
0.424404	-0.350822	-0.062425	-0.653981
0.424500	-0.349712	-0.061866	-0.652217
0.424423	-0.350144	-0.061736	-0.653408
0.424385	-0.350106	-0.060995	-0.654308
0.424426	-0.350606	-0.060919	-0.654551
0.424377	-0.350263	-0.061236	-0.655750
0.424428	-0.348718	-0.060197	-0.654359
0.424396	-0.350040	-0.061521	-0.655541
0.424369	-0.348712	-0.061375	-0.655383
0.424483	-0.350068	-0.060660	-0.652880
0.424395	-0.350446	-0.061272	-0.653946
0.424429	-0.349399	-0.060632	-0.654527
0.424482	-0.350351	-0.060716	-0.654941
0.424414	-0.348970	-0.061167	-0.655180
0.424419	-0.349628	-0.061605	-0.654709
0.424411	-0.349145	-0.060854	-0.654462
0.424395	-0.350677	-0.062138	-0.656477
0.424414	-0.348977	-0.060470	-0.656038
0.424443	-0.348947	-0.061128	-0.654511
0.424413	-0.349588	-0.061725	-0.655410
0.424384	-0.350523	-0.061967	-0.654825
0.424411	-0.349691	-0.060727	-0.656033
0.424424	-0.350741	-0.061394	-0.655309
0.424482	-0.350691	-0.061195	-0.654374
0.424387	-0.351253	-0.062140	-0.654933
0.424441	-0.350884	-0.061880	-0.654699
0.424425	-0.349926	-0.061433	-0.653764
0.424416	-0.349685	-0.061781	-0.654107
0.424420	-0.350180	-0.062838	-0.655035
0.424410	-0.349807	-0.063179	-0.655176
0.424464	-0.349685	-0.063016	-0.656485
0.424492	-0.350648	-0.063023	-0.655332
0.424354	-0.350667	-0.060568	-0.654724
0.424379	-0.349219	-0.061864	-0.656110
0.424463	-0.350245	-0.061152	-0.655220
0.424433	-0.348663	-0.060375	-0.654500
0.424435	-0.350416	-0.062046	-0.654446
0.424433	-0.349170	-0.061552	-0.655806
0.424483	-0.349093	-0.060774	-0.654237
0.424391	-0.348601	-0.059294	-0.654785
0.424421	-0.349225	-0.061303	-0.654713
0.424391	-0.348954	-0.062415	-0.654247
0.424398	-0.349377	-0.061705	-0.654779
0.424375	-0.349423	-0.061617	-0.654736
0.424390	-0.350444	-0.061117	-0.654740
0.424426	-0.350359	-0.061272	-0.653732
0.424492	-0.351284	-0.061681	-0.655018
0.424493	-0.350419	-0.060467	-0.654133
0.424444	-0.350235	-0.061454	-0.653753
0.424374	-0.351259	-0.061861	-0.654481
0.424396	-0.349795	-0.062266	-0.654769
0.424376	-0.349886	-0.062444	-0.652847
0.424446	-0.350188	-0.060995	-0.654510
0.424396	-0.349434	-0.061408	-0.654614
0.424382	-0.350925	-0.060685	-0.653625
0.424441	-0.350632	-0.061371	-0.654776
0.424282	-0.349937	-0.061506	-0.655041
0.424403	-0.348621	-0.061858	-0.656333
0.424420	-0.351581	-0.060191	-0.654478
0.424424	-0.351898	-0.062644	-0.655167
0.424455	-0.351261	-0.061232	-0.655005
0.424419	-0.350914	-0.061125	-0.655169
0.424369	-0.350518	-0.061394	-0.653579
0.424430	-0.350496	-0.062519	-0.654358
0.424515	-0.351954	-0.062393	-0.655051
0.424341	-0.351697	-0.063616	-0.653777
0.424801	-0.349877	-0.061972	-0.654607
0.429269	-0.349922	-0.060502	-0.654413
0.429170	-0.350459	-0.061552	-0.653168
0.424681	-0.350571	-0.061709	-0.654734
0.424423	-0.350387	-0.061902	-0.654813
0.424435	-0.350358	-0.060736	-0.655239
0.424416	-0.349099	-0.062212	-0.655077
0.424374	-0.348738	-0.060745	-0.654020
0.424421	-0.349606	-0.060505	-0.654452
0.424421	-0.350245	-0.061304	-0.654443
0.424381	-0.349676	-0.060592	-0.655101
0.424423	-0.351844	-0.062583	-0.655446
0.424527	-0.350209	-0.060973	-0.655402
0.424380	-0.349483	-0.063317	-0.655180
0.424380	-0.349559	-0.061663	-0.652838
0.424377	-0.348974	-0.061319	-0.654758
0.424386	-0.349318	-0.062898	-0.654429
0.424395	-0.349090	-0.059766	-0.655071
0.424320	-0.350269	-0.061071	-0.654455
0.424421	-0.350988	-0.061191	-0.654759
0.424445	-0.350203	-0.061333	-0.655177
0.424478	-0.349894	-0.061304	-0.654590
0.424370	-0.350722	-0.061991	-0.655179
0.424431	-0.350571	-0.062348	-0.654293
0.424385	-0.350772	-0.060635	-0.654632
0.424480	-0.349925	-0.062768	-0.655332
0.424288	-0.349653	-0.061710	-0.655106
0.424386	-0.352034	-0.061533	-0.654383
0.424379	-0.350438	-0.060551	-0.656047
0.424538	-0.348112	-0.061966	-0.654487
0.424313	-0.349056	-0.061839	-0.654666
0.424494	-0.349621	-0.061657	-0.655352
0.424280	-0.350050	-0.061850	-0.653187
0.424523	-0.349688	-0.062313	-0.654169
0.424242	-0.350285	-0.060671	-0.654824
0.424653	-0.349899	-0.062051	-0.654388
0.423986	-0.349409	-0.061529	-0.655897
0.427593	-0.350404	-0.061178	-0.653710
0.429810	-0.350371	-0.061786	-0.654229
0.429535	-0.349347	-0.062507	-0.655320
0.428898	-0.348831	-0.061992	-0.652995
0.424308	-0.348669	-0.060316	-0.655121
0.424576	-0.350185	-0.061561	-0.654402
0.424276	-0.349528	-0.062364	-0.654392
0.424522	-0.351124	-0.062041	-0.653925
0.424352	-0.349717	-0.063176	-0.654369
0.424465	-0.349897	-0.062989	-0.654413
0.424351	-0.349183	-0.061081	-0.655142
0.424473	-0.350199	-0.062415	-0.655685
0.424416	-0.348592	-0.061428	-0.656081
0.424361	-0.349338	-0.060494	-0.653635
0.424385	-0.349887	-0.061583	-0.654381
0.424423	-0.349522	-0.061996	-0.655625
0.424405	-0.350481	-0.061462	-0.654487
0.424401	-0.349309	-0.061121	-0.654959
0.424377	-0.348743	-0.061587	-0.655504
0.424419	-0.350874	-0.062420	-0.655387
0.424391	-0.350342	-0.062128	-0.653555
0.424347	-0.349486	-0.061000	-0.654893
0.424439	-0.351034	-0.061824	-0.651983
0.424475	-0.349393	-0.061752	-0.654927
0.424451	-0.350188	-0.061767	-0.655224
0.424376	-0.349423	-0.062897	-0.655378
0.424425	-0.350857	-0.061736	-0.655301
0.424424	-0.349711	-0.061680	-0.655301
0.424467	-0.349086	-0.062662	-0.654943
0.424345	-0.350608	-0.061442	-0.654711
0.424360	-0.349083	-0.060797	-0.655023
0.424421	-0.350442	-0.060463	-0.655615
0.424359	-0.351599	-0.061424	-0.654545
0.424433	-0.349850	-0.062239	-0.656523
0.424385	-0.349637	-0.061163	-0.653054
0.424451	-0.351213	-0.062641	-0.654969
0.424414	-0.350886	-0.059826	-0.654506
0.424449	-0.349573	-0.061808	-0.656277
0.424429	-0.349855	-0.063022	-0.654442
0.424386	-0.349597	-0.062166	-0.654665
0.424403	-0.350150	-0.061178	-0.653912
0.424424	-0.349650	-0.061820	-0.653299
0.424472	-0.349931	-0.061485	-0.655060
0.424336	-0.348817	-0.062432	-0.653879
0.424428	-0.348790	-0.063781	-0.654635
0.424325	-0.350287	-0.061483	-0.654303
0.424406	-0.351734	-0.061380	-0.654503
0.424487	-0.350876	-0.062467	-0.654328
0.424425	-0.351572	-0.061989	-0.654620
0.424451	-0.348700	-0.062128	-0.654639
0.424482	-0.349476	-0.062202	-0.655613
0.424410	-0.348891	-0.061880	-0.653465
0.424438	-0.349160	-0.060607	-0.654104
0.424433	-0.351526	-0.061784	-0.654510
0.424349	-0.350855	-0.060648	-0.654467
0.424390	-0.350810	-0.062522	-0.655295
0.424376	-0.351304	-0.062883	-0.654639
0.424394	-0.351241	-0.061448	-0.655170
0.424458	-0.350134	-0.061653	-0.655263
0.424438	-0.349722	-0.061146	-0.654844
0.424361	-0.351767	-0.061282	-0.655498
0.424416	-0.351045	-0.062224	-0.654337
0.424473	-0.349402	-0.061280	-0.654342
0.424380	-0.349099	-0.062146	-0.655061
0.424418	-0.350646	-0.062280	-0.656092
0.424435	-0.351094	-0.061152	-0.655112
0.424389	-0.349242	-0.062374	-0.653728
0.424322	-0.350682	-0.061656	-0.654471
0.424356	-0.349548	-0.061588	-0.655362
0.424419	-0.350249	-0.061955	-0.654129
0.424424	-0.351585	-0.062274	-0.654599
0.424426	-0.349457	-0.062514	-0.655555
0.424419	-0.350494	-0.061981	-0.654696
0.424419	-0.350377	-0.061409	-0.654290
0.424352	-0.349292	-0.062430	-0.655236
0.424445	-0.349493	-0.060989	-0.656438
0.424451	-0.349637	-0.061681	-0.653194
0.424385	-0.349615	-0.061064	-0.655296
0.424460	-0.349387	-0.061717	-0.655664
0.424413	-0.351427	-0.061937	-0.654981
0.424400	-0.351452	-0.061462	-0.654506
0.424515	-0.350968	-0.062435	-0.654533
0.424410	-0.350200	-0.062053	-0.655225
0.424435	-0.349974	-0.061621	-0.656118
0.424396	-0.350283	-0.063733	-0.655719
0.424360	-0.349854	-0.062041	-0.654941
0.424406	-0.350326	-0.062214	-0.655281
0.424398	-0.350663	-0.061729	-0.655002
0.424423	-0.351040	-0.062359	-0.654439
0.424455	-0.351123	-0.062775	-0.653921
0.424421	-0.351344	-0.061770	-0.654710
0.424411	-0.351675	-0.062151	-0.653879
0.424405	-0.350678	-0.062258	-0.655392
0.424413	-0.349186	-0.061785	-0.654812
0.424362	-0.349039	-0.062354	-0.656058
0.424364	-0.351249	-0.062384	-0.655394
0.424377	-0.351147	-0.062630	-0.655215
0.424444	-0.351297	-0.061033	-0.653574
0.424310	-0.349919	-0.063406	-0.655481
0.424468	-0.349656	-0.063334	-0.654466
0.424398	-0.350605	-0.060474	-0.654442
0.424380	-0.350337	-0.061947	-0.654988
0.424400	-0.349288	-0.062085	-0.654505
0.424370	-0.349730	-0.063558	-0.656306
0.424439	-0.349501	-0.061152	-0.654003
0.424401	-0.349492	-0.061573	-0.653477
0.424310	-0.349901	-0.061146	-0.654505
0.424394	-0.350493	-0.062766	-0.653554
0.424374	-0.349310	-0.061890	-0.654176
0.424465	-0.350766	-0.061919	-0.653223
0.424423	-0.349389	-0.061477	-0.653646
0.424346	-0.350343	-0.061676	-0.653033
0.424421	-0.350740	-0.062699	-0.653557
0.424391	-0.350076	-0.061008	-0.655180
0.424391	-0.349827	-0.062070	-0.654699
0.424435	-0.349776	-0.062407	-0.653982
0.424426	-0.351418	-0.062789	-0.654909
0.424409	-0.350247	-0.061533	-0.655487
0.424395	-0.350066	-0.062212	-0.653908
0.424395	-0.349168	-0.061532	-0.654356
0.424480	-0.350836	-0.062463	-0.655102
0.424450	-0.349964	-0.062462	-0.655898
0.424387	-0.349652	-0.060658	-0.654609
0.424313	-0.350280	-0.062716	-0.654873
0.424413	-0.350073	-0.062738	-0.655314
0.424469	-0.350498	-0.062832	-0.654424
0.424453	-0.350914	-0.061572	-0.655826
0.424446	-0.351279	-0.061972	-0.653663
0.424369	-0.351775	-0.061269	-0.655107
0.424387	-0.351853	-0.062276	-0.655602
0.424416	-0.351174	-0.061404	-0.654828
0.424439	-0.349701	-0.061081	-0.655825
0.424451	-0.349373	-0.062679	-0.654984
0.424409	-0.349616	-0.062745	-0.654218
0.424404	-0.350608	-0.062497	-0.654263
0.424495	-0.349963	-0.061939	-0.655727
0.424415	-0.350856	-0.062769	-0.654651
0.424419	-0.351583	-0.062415	-0.653770
0.424387	-0.350055	-0.061353	-0.654407
0.424391	-0.350965	-0.062977	-0.654032
0.424394	-0.349971	-0.062275	-0.653678
0.424312	-0.352537	-0.062071	-0.653817
0.424414	-0.350134	-0.062043	-0.653660
0.424389	-0.349472	-0.062293	-0.653264
0.424415	-0.349031	-0.061424	-0.654546
0.424492	-0.350031	-0.061224	-0.655003
0.424515	-0.350889	-0.062623	-0.655081
0.424377	-0.348781	-0.062077	-0.656297
0.424380	-0.350734	-0.061156	-0.654117
0.424381	-0.350109	-0.060625	-0.653529
0.424359	-0.350543	-0.061127	-0.655116
0.424425	-0.349596	-0.062963	-0.654918
0.424382	-0.350391	-0.060573	-0.654624
0.424390	-0.351368	-0.061804	-0.654169
0.424419	-0.350829	-0.061798	-0.654190
0.424393	-0.350064	-0.062440	-0.654320
0.424449	-0.350173	-0.061717	-0.653940
0.424446	-0.350531	-0.061982	-0.653510
0.424391	-0.350510	-0.063581	-0.654536
0.424443	-0.350179	-0.061803	-0.655063
0.424479	-0.351879	-0.062929	-0.656019
0.424391	-0.350869	-0.063127	-0.654052
0.424361	-0.349830	-0.062032	-0.654428
0.424347	-0.350722	-0.062556	-0.653743
0.424395	-0.350511	-0.062675	-0.654857
0.424413	-0.349045	-0.062499	-0.653366
0.424487	-0.352123	-0.062049	-0.654858
0.424354	-0.350543	-0.062904	-0.654427
0.424449	-0.349662	-0.062524	-0.654231
0.424448	-0.349507	-0.062924	-0.654535
0.424418	-0.349796	-0.062125	-0.653836
0.424391	-0.350167	-0.062259	-0.654936
0.424379	-0.350668	-0.060593	-0.654480
0.424489	-0.350837	-0.062722	-0.653957
0.424335	-0.349572	-0.063601	-0.655848
0.424400	-0.349692	-0.061909	-0.654789
0.424341	-0.350821	-0.061482	-0.654877
0.424439	-0.349660	-0.061973	-0.654029
0.424409	-0.350913	-0.062174	-0.654141
0.424366	-0.350628	-0.061588	-0.653754
0.424395	-0.351759	-0.061369	-0.654282
0.424330	-0.350745	-0.060445	-0.654507
0.424507	-0.350353	-0.063407	-0.652716
0.424404	-0.350326	-0.062844	-0.653868
0.424428	-0.351175	-0.063781	-0.654824
0.424406	-0.351053	-0.062823	-0.653742
0.424390	-0.350800	-0.061922	-0.655092
0.424420	-0.350114	-0.062073	-0.655184
0.424484	-0.348875	-0.062217	-0.654936
0.424391	-0.350915	-0.062446	-0.655028
0.424355	-0.351225	-0.061806	-0.654751
0.424395	-0.349827	-0.062863	-0.654408
0.424436	-0.351137	-0.062117	-0.654258
0.424395	-0.351209	-0.062147	-0.654215
0.424425	-0.351339	-0.062033	-0.655258
0.424409	-0.351393	-0.063553	-0.654594
0.424418	-0.350451	-0.063284	-0.656242
0.424376	-0.351127	-0.061712	-0.655413
0.424461	-0.351072	-0.062405	-0.654552
0.424398	-0.350168	-0.062009	-0.654802
0.424396	-0.349171	-0.064179	-0.654894
0.424421	-0.350847	-0.061963	-0.654357
0.424416	-0.349715	-0.061548	-0.653586
0.424395	-0.349096	-0.063077	-0.653758
0.424390	-0.349626	-0.061727	-0.654741
0.424409	-0.350543	-0.061310	-0.654419
0.424450	-0.349860	-0.063494	-0.656302
0.424411	-0.348966	-0.062770	-0.653912
0.424416	-0.349748	-0.063092	-0.655167
0.424451	-0.348164	-0.061721	-0.653341
0.424337	-0.350074	-0.062572	-0.653468
0.424410	-0.349468	-0.061483	-0.654773
0.424395	-0.350666	-0.062446	-0.654473
0.424441	-0.350641	-0.061665	-0.656166
0.424372	-0.351192	-0.063456	-0.655092
0.424421	-0.350727	-0.062558	-0.654176
0.424369	-0.350920	-0.063033	-0.655057
0.424393	-0.349973	-0.063792	-0.655150
0.424441	-0.350403	-0.062320	-0.653733
0.424419	-0.351431	-0.063260	-0.655135
0.424416	-0.349416	-0.063325	-0.655284
0.424396	-0.350775	-0.060958	-0.654545
0.424361	-0.351225	-0.062011	-0.655537
0.424403	-0.351660	-0.062957	-0.653378
0.424421	-0.350208	-0.064200	-0.653397
0.424429	-0.349374	-0.063833	-0.653918
0.424436	-0.349225	-0.062964	-0.655155
0.424445	-0.352458	-0.062748	-0.654716
0.424364	-0.349325	-0.063332	-0.654536
0.424482	-0.350920	-0.062462	-0.655471
0.424436	-0.351115	-0.061532	-0.654229
0.424403	-0.350086	-0.063705	-0.654036
0.424346	-0.351750	-0.062293	-0.654785
0.424431	-0.349983	-0.061915	-0.654903
0.424357	-0.349114	-0.062422	-0.654753
0.424371	-0.350628	-0.062665	-0.654191
0.424403	-0.348858	-0.061341	-0.653248
0.424424	-0.350497	-0.060635	-0.653580
0.424454	-0.350467	-0.060339	-0.653829
0.424456	-0.351182	-0.062796	-0.654080
0.424406	-0.350014	-0.063662	-0.653344
0.424464	-0.350472	-0.060682	-0.654444
0.424408	-0.349902	-0.063403	-0.654237
0.424375	-0.349752	-0.062418	-0.654224
0.424411	-0.349777	-0.062387	-0.655378
0.424382	-0.350043	-0.062019	-0.655380
0.424423	-0.351084	-0.062413	-0.654367
0.424433	-0.349228	-0.062660	-0.655744
0.424352	-0.350681	-0.061443	-0.655073
0.424465	-0.351570	-0.062412	-0.653754
0.424374	-0.350472	-0.063233	-0.655550
0.424336	-0.350969	-0.061572	-0.654112
0.424390	-0.351147	-0.062336	-0.653343
0.424468	-0.351194	-0.062701	-0.655372
0.424419	-0.351368	-0.062799	-0.654913
0.424443	-0.351795	-0.061106	-0.654614
0.424365	-0.352288	-0.063853	-0.654694
0.424372	-0.351811	-0.063937	-0.654486
0.424360	-0.349917	-0.060972	-0.654696
0.424429	-0.351018	-0.062829	-0.654179
0.424393	-0.351482	-0.061998	-0.654024
0.424386	-0.352075	-0.064381	-0.654819
0.424355	-0.350115	-0.063493	-0.655108
0.424316	-0.350842	-0.061702	-0.654606
0.424454	-0.350562	-0.060074	-0.654775
0.424420	-0.349597	-0.060463	-0.654129
0.424381	-0.351057	-0.063349	-0.653385
0.424313	-0.351527	-0.063260	-0.655170
0.424352	-0.350941	-0.061754	-0.653586
0.424441	-0.351838	-0.061475	-0.654396
0.424464	-0.350185	-0.064225	-0.654209
0.424421	-0.349840	-0.062829	-0.654115
0.424424	-0.349362	-0.062100	-0.654112
0.424424	-0.350526	-0.061780	-0.654313
0.424330	-0.350238	-0.061645	-0.654436
0.424428	-0.351018	-0.062360	-0.654312
0.424381	-0.349753	-0.062457	-0.653882
0.424379	-0.350890	-0.061668	-0.653640
0.424362	-0.349733	-0.062497	-0.654769
0.424346	-0.350775	-0.061979	-0.654285
0.424460	-0.351789	-0.061924	-0.653371
0.424362	-0.350500	-0.062353	-0.655968
0.424439	-0.349123	-0.061994	-0.655551
0.424372	-0.349438	-0.060630	-0.652204
0.424380	-0.351386	-0.063558	-0.654413
0.424416	-0.350707	-0.061887	-0.654902
0.424483	-0.349984	-0.063177	-0.654309
0.424468	-0.349349	-0.063340	-0.653547
0.424448	-0.351488	-0.063393	-0.654679
0.424408	-0.349576	-0.062756	-0.656401
0.424419	-0.351621	-0.064026	-0.654482
0.424492	-0.351452	-0.063398	-0.654847
0.424374	-0.351592	-0.061819	-0.653281
0.424349	-0.351855	-0.061361	-0.655539
0.424418	-0.352079	-0.062840	-0.655952
0.424308	-0.350163	-0.062333	-0.653407
0.424395	-0.350973	-0.061641	-0.654467
0.424307	-0.351687	-0.062794	-0.653917
0.424382	-0.349925	-0.062268	-0.654230
0.424391	-0.350285	-0.061994	-0.654441
0.424390	-0.351257	-0.062301	-0.654451
0.424445	-0.350004	-0.062466	-0.654150
0.424357	-0.350408	-0.059779	-0.653629
0.424332	-0.349581	-0.062484	-0.653946
0.424394	-0.350030	-0.063330	-0.654463
0.424374	-0.350352	-0.062066	-0.654909
0.424349	-0.349559	-0.062560	-0.654590
0.424428	-0.350699	-0.061793	-0.654700
0.424420	-0.351331	-0.062123	-0.654016
0.424431	-0.349991	-0.062882	-0.653907
0.424429	-0.350597	-0.062741	-0.655870
0.424387	-0.351137	-0.063642	-0.653826
0.424451	-0.350253	-0.063706	-0.653802
0.424377	-0.350193	-0.063690	-0.653834
0.424446	-0.348806	-0.064229	-0.656551
0.424468	-0.349158	-0.062300	-0.656538
0.424391	-0.350880	-0.064894	-0.654731
0.424398	-0.348989	-0.064510	-0.653490
0.424387	-0.349407	-0.066831	-0.655432
0.424460	-0.351021	-0.068137	-0.656017
0.424365	-0.348682	-0.067220	-0.654813
0.424345	-0.349108	-0.070178	-0.654444
0.424440	-0.348847	-0.069674	-0.654089
0.424423	-0.349727	-0.068757	-0.655605
0.424405	-0.349027	-0.071215	-0.654387
0.424433	-0.348890	-0.072374	-0.654976
0.424369	-0.348251	-0.072918	-0.656221
0.424419	-0.349164	-0.071222	-0.655026
0.424375	-0.346459	-0.073388	-0.654933
0.424361	-0.345505	-0.073442	-0.655209
0.424367	-0.345284	-0.073666	-0.653811
0.424359	-0.347181	-0.074041	-0.654465
0.424419	-0.346953	-0.073211	-0.654750
0.424428	-0.346115	-0.074221	-0.655899
0.424448	-0.346319	-0.076287	-0.654586
0.424390	-0.345529	-0.074842	-0.654470
0.424414	-0.345471	-0.076224	-0.655240
0.424379	-0.348536	-0.075794	-0.654642
0.424405	-0.346267	-0.077197	-0.656329
0.424454	-0.344385	-0.075243	-0.655813
0.424434	-0.343719	-0.075432	-0.654067
0.424400	-0.343998	-0.076927	-0.653831
0.424404	-0.343556	-0.076446	-0.653958
0.424435	-0.343414	-0.076973	-0.654607
0.424341	-0.344305	-0.077092	-0.655537
0.424414	-0.344595	-0.078020	-0.654843
0.424448	-0.344549	-0.078756	-0.654047
0.424396	-0.344011	-0.080816	-0.654287
0.424449	-0.344793	-0.078972	-0.655224
0.424385	-0.343471	-0.080104	-0.655739
0.424410	-0.343715	-0.081589	-0.654992
0.424336	-0.342864	-0.081857	-0.655882
0.424398	-0.342930	-0.083157	-0.655370
0.424391	-0.344268	-0.082232	-0.654634
0.424413	-0.342272	-0.083119	-0.654973
0.424315	-0.341962	-0.082226	-0.654933
0.424415	-0.341667	-0.084057	-0.655018
0.424410	-0.343758	-0.084427	-0.654596
0.424365	-0.340794	-0.086477	-0.655462
0.424425	-0.340495	-0.086392	-0.654203
0.424428	-0.340091	-0.085552	-0.658048
0.424355	-0.339413	-0.086591	-0.656710
0.424430	-0.340388	-0.088443	-0.655679
0.424341	-0.340169	-0.087269	-0.655712
0.424385	-0.339722	-0.089638	-0.653159
0.424508	-0.339166	-0.088376	-0.654110
0.424395	-0.340138	-0.088728	-0.655065
0.424443	-0.338533	-0.091711	-0.654662
0.424428	-0.339528	-0.090911	-0.654575
0.424385	-0.338707	-0.091033	-0.657030
0.424381	-0.337231	-0.091495	-0.654273
0.424451	-0.337568	-0.093222	-0.655984
0.424395	-0.339035	-0.092459	-0.656004
0.424413	-0.337315	-0.095460	-0.654419
0.424423	-0.337015	-0.094597	-0.656450
0.424425	-0.337708	-0.095814	-0.655943
0.424382	-0.337547	-0.095435	-0.657345
0.424385	-0.337220	-0.095425	-0.655456
0.424403	-0.338465	-0.095502	-0.656647
0.424408	-0.336669	-0.096689	-0.656042
0.424398	-0.336530	-0.097754	-0.657117
0.424372	-0.337290	-0.097542	-0.653941
0.424389	-0.335080	-0.098391	-0.655953
0.424406	-0.336379	-0.098566	-0.654922
0.424435	-0.336396	-0.099605	-0.656017
0.424336	-0.336146	-0.100149	-0.655744
0.424435	-0.336331	-0.099966	-0.655090
0.424320	-0.334667	-0.100267	-0.656200
0.424396	-0.334337	-0.102795	-0.654659
0.424385	-0.334749	-0.099681	-0.655775
0.424365	-0.335215	-0.102572	-0.655410
0.424414	-0.334361	-0.102792	-0.655502
0.424391	-0.332890	-0.104103	-0.656673
0.424356	-0.333056	-0.105964	-0.656323
0.424460	-0.333630	-0.105824	-0.655954
0.424370	-0.332788	-0.106407	-0.656266
0.424410	-0.333104	-0.106895	-0.654530
0.424370	-0.332269	-0.107973	-0.656855
0.424393	-0.333103	-0.107616	-0.656514
0.424428	-0.331727	-0.107255	-0.655815
0.424399	-0.331743	-0.109101	-0.656096
0.424459	-0.332804	-0.109102	-0.656707
0.424482	-0.331313	-0.109269	-0.656343
0.424390	-0.331115	-0.110645	-0.655978
0.424326	-0.331065	-0.112447	-0.656325
0.424386	-0.330091	-0.111902	-0.654827
0.424356	-0.330488	-0.112252	-0.654542
0.424419	-0.330434	-0.111392	-0.654584
0.424444	-0.329727	-0.113267	-0.656805
0.424372	-0.328260	-0.114612	-0.655885
0.424454	-0.329653	-0.114214	-0.656707
0.424433	-0.330189	-0.116137	-0.657044
0.424441	-0.327283	-0.115113	-0.655355
0.424376	-0.328655	-0.116211	-0.656792
0.424416	-0.328643	-0.118517	-0.656814
0.424454	-0.328164	-0.120111	-0.655892
0.424436	-0.328444	-0.118915	-0.655025
0.424359	-0.325618	-0.120119	-0.655938
0.424315	-0.326056	-0.119489	-0.655508
0.424369	-0.325945	-0.120888	-0.655367
0.424280	-0.326767	-0.122403	-0.655379
0.424428	-0.326088	-0.122616	-0.655383
0.424367	-0.325337	-0.123792	-0.655621
0.424365	-0.326286	-0.123321	-0.656515
0.424365	-0.326908	-0.123647	-0.656340
0.424367	-0.324506	-0.125500	-0.657088
0.424393	-0.324442	-0.125427	-0.656463
0.424415	-0.324058	-0.126959	-0.655571
0.424475	-0.324399	-0.127842	-0.657740
0.424404	-0.325693	-0.127362	-0.655861
0.424415	-0.323765	-0.128935	-0.655451
0.424382	-0.322600	-0.129289	-0.656339
0.424336	-0.322524	-0.130091	-0.655051
0.424361	-0.323353	-0.130571	-0.655409
0.424362	-0.320905	-0.129947	-0.656754
0.424410	-0.321611	-0.132805	-0.656323
0.424435	-0.321621	-0.132938	-0.656323
0.424377	-0.321681	-0.133316	-0.658016
0.424487	-0.321020	-0.134070	-0.657879
0.424453	-0.321092	-0.134446	-0.656150
0.424390	-0.320153	-0.134500	-0.655984
0.424371	-0.321261	-0.135757	-0.657446
0.424409	-0.321168	-0.137377	-0.656781
0.424409	-0.320784	-0.137901	-0.654933
0.424347	-0.319335	-0.138164	-0.656755
0.424470	-0.319971	-0.139420	-0.657755
0.424424	-0.318847	-0.140107	-0.657113
0.424440	-0.317949	-0.141591	-0.655638
0.424436	-0.318046	-0.141197	-0.656583
0.424440	-0.317248	-0.143012	-0.655026
0.424461	-0.316626	-0.143561	-0.657084
0.424411	-0.317231	-0.143933	-0.656508
0.424382	-0.317015	-0.143612	-0.658274
0.424505	-0.316793	-0.144683	-0.657188
0.424367	-0.315620	-0.147469	-0.657584
0.424362	-0.315722	-0.147825	-0.659004
0.424371	-0.317303	-0.147177	-0.656646
0.424454	-0.315748	-0.148496	-0.655888
0.424331	-0.315364	-0.149088	-0.656537
0.424443	-0.315532	-0.150804	-0.657400
0.424440	-0.314660	-0.150607	-0.656255
0.424372	-0.313509	-0.153498	-0.657029
0.424421	-0.312887	-0.154300	-0.656259
0.424379	-0.315047	-0.151488	-0.656949
0.424405	-0.313800	-0.154753	-0.658107
0.424411	-0.313999	-0.155191	-0.659071
0.424329	-0.310714	-0.154933	-0.657450
0.424470	-0.313444	-0.156714	-0.657248
0.424479	-0.313069	-0.158427	-0.656875
0.424455	-0.311441	-0.160340	-0.658535
0.424464	-0.310264	-0.159912	-0.656237
0.424497	-0.309806	-0.162511	-0.657399
0.424384	-0.310656	-0.164102	-0.657300
0.424400	-0.309320	-0.164761	-0.655279
0.424416	-0.308574	-0.166690	-0.657093
0.424441	-0.305832	-0.170579	-0.655948
0.424440	-0.305667	-0.172698	-0.657674
0.424349	-0.305754	-0.175357	-0.658617
0.424409	-0.304198	-0.177907	-0.657335
0.424386	-0.304091	-0.178956	-0.657666
0.424446	-0.304833	-0.181598	-0.656747
0.424431	-0.301665	-0.184304	-0.658218
0.424440	-0.302285	-0.183532	-0.657302
0.424360	-0.302129	-0.186362	-0.657489
0.424394	-0.302427	-0.187670	-0.657891
0.424352	-0.302242	-0.186707	-0.659111
0.424415	-0.301542	-0.190921	-0.658214
0.424431	-0.302034	-0.190542	-0.658159
0.424349	-0.300306	-0.192254	-0.659238
0.424484	-0.300328	-0.194537	-0.658781
0.424403	-0.299066	-0.195661	-0.658759
0.424480	-0.298615	-0.195354	-0.659298
0.424389	-0.297761	-0.196824	-0.656993
0.424469	-0.296757	-0.199456	-0.657514
0.424463	-0.295614	-0.202861	-0.659353
0.424478	-0.295900	-0.203410	-0.658788
0.424401	-0.295256	-0.205839	-0.658370
0.424429	-0.293932	-0.208219	-0.659204
0.424438	-0.292897	-0.211216	-0.659045
0.424410	-0.292994	-0.212750	-0.660488
0.424426	-0.291338	-0.214338	-0.659264
0.424490	-0.291586	-0.215887	-0.657709
0.424408	-0.290814	-0.217984	-0.659045
0.424474	-0.291913	-0.217957	-0.658444
0.424339	-0.291246	-0.218509	-0.658796
0.424420	-0.290671	-0.220902	-0.659579
0.424399	-0.291203	-0.222334	-0.658188
0.424369	-0.289299	-0.222601	-0.658505
0.424391	-0.288332	-0.225169	-0.660092
0.424469	-0.287757	-0.228228	-0.660429
0.424347	-0.287146	-0.230181	-0.659509
0.424376	-0.285714	-0.230938	-0.661177
0.424372	-0.285623	-0.233359	-0.660726
0.424411	-0.284513	-0.234384	-0.658808
0.424523	-0.284849	-0.236469	-0.659532
0.424473	-0.283861	-0.237921	-0.659842
0.424443	-0.283435	-0.238494	-0.659042
0.424410	-0.283231	-0.242402	-0.660662
0.424492	-0.281018	-0.244281	-0.658767
0.424419	-0.281004	-0.245834	-0.659597
0.424485	-0.279741	-0.249431	-0.661194
0.424405	-0.278979	-0.250792	-0.660899
0.424509	-0.277300	-0.253414	-0.660433
0.424449	-0.278959	-0.253994	-0.660087
0.424470	-0.275958	-0.255815	-0.659671
0.424406	-0.278103	-0.256607	-0.661112
0.424382	-0.278703	-0.260097	-0.660974
0.424424	-0.276855	-0.258730	-0.660625
0.424463	-0.276687	-0.261446	-0.660992
0.424456	-0.274582	-0.263805	-0.661341
0.424360	-0.275723	-0.264731	-0.661438
0.424418	-0.274874	-0.266561	-0.660720
0.424395	-0.273243	-0.269037	-0.659842
0.424380	-0.273841	-0.272847	-0.660708
0.424404	-0.270569	-0.274821	-0.660872
0.424434	-0.270734	-0.276051	-0.659034
0.424421	-0.270821	-0.277347	-0.660451
0.424434	-0.270264	-0.278379	-0.660230
0.424448	-0.269242	-0.280685	-0.661196
0.424345	-0.267176	-0.281891	-0.662021
0.424379	-0.267285	-0.283380	-0.661455
0.424406	-0.268557	-0.286180	-0.661246
0.424408	-0.265682	-0.288791	-0.660463
0.424391	-0.264511	-0.291190	-0.661204
0.424414	-0.264714	-0.293202	-0.663062
0.424405	-0.265485	-0.295281	-0.660799
0.424438	-0.264614	-0.297790	-0.659584
0.424451	-0.265271	-0.298262	-0.661236
0.424371	-0.264473	-0.300031	-0.661123
0.424413	-0.264005	-0.300284	-0.659715
0.424346	-0.262512	-0.302848	-0.660822
0.424429	-0.261938	-0.304234	-0.661357
0.424212	-0.261196	-0.308883	-0.662038
0.424564	-0.260621	-0.310142	-0.661057
0.424257	-0.260483	-0.311863	-0.661211
0.424581	-0.259453	-0.314279	-0.660988
0.423991	-0.258705	-0.316802	-0.661211
0.427529	-0.257548	-0.317192	-0.661343
0.429930	-0.257415	-0.318429	-0.662008
0.429337	-0.256265	-0.320998	-0.662039
0.429664	-0.255781	-0.324631	-0.662079
0.429490	-0.254195	-0.325249	-0.661770
0.429677	-0.253395	-0.328189	-0.661919
0.429524	-0.252621	-0.330909	-0.662106
0.429608	-0.253072	-0.333646	-0.662027
0.429512	-0.251076	-0.335601	-0.663074
0.429565	-0.249948	-0.338921	-0.662693
0.429446	-0.249596	-0.340005	-0.662592
0.429547	-0.249720	-0.340911	-0.662125
0.429569	-0.250045	-0.343684	-0.663723
0.429646	-0.248893	-0.343457	-0.662322
0.429493	-0.247683	-0.348176	-0.662054
0.429571	-0.247536	-0.348004	-0.662529
0.429581	-0.246188	-0.349722	-0.661616
0.429549	-0.244731	-0.353509	-0.663198
0.429532	-0.243833	-0.355492	-0.661640
0.429534	-0.242475	-0.358165	-0.661372
0.429631	-0.241375	-0.359851	-0.663345
0.429555	-0.242457	-0.361713	-0.663627
0.429512	-0.241295	-0.362991	-0.661190
0.429567	-0.240268	-0.363842	-0.662012
0.429512	-0.239135	-0.368492	-0.661960
0.429501	-0.241555	-0.369317	-0.662862
0.429601	-0.238322	-0.374097	-0.662924
0.429530	-0.237463	-0.376774	-0.663858
0.429534	-0.236275	-0.378176	-0.663282
0.429540	-0.234062	-0.382596	-0.661597
0.429569	-0.234794	-0.384634	-0.663248
0.429517	-0.234410	-0.387665	-0.662378
0.429534	-0.234177	-0.388295	-0.661893
0.429467	-0.234395	-0.388670	-0.662296
0.429567	-0.233570	-0.390974	-0.662443
0.429418	-0.232967	-0.391087	-0.664114
0.429720	-0.232665	-0.395045	-0.663255
0.429207	-0.229441	-0.397248	-0.662997
0.432961	-0.228587	-0.398812	-0.663088
0.434900	-0.227268	-0.403158	-0.663612
0.434331	-0.227504	-0.405672	-0.663900
0.434609	-0.227144	-0.407019	-0.662567
0.434465	-0.227489	-0.408168	-0.664459
0.434517	-0.225783	-0.412336	-0.663321
0.434413	-0.225870	-0.413240	-0.664868
0.434568	-0.225513	-0.414897	-0.664040
0.434438	-0.225154	-0.420043	-0.664346
0.434588	-0.222188	-0.422251	-0.662245
0.434489	-0.222782	-0.424602	-0.664533
0.434545	-0.219485	-0.427396	-0.663891
0.434455	-0.219734	-0.431143	-0.663426
0.434552	-0.219431	-0.432396	-0.663816
0.434554	-0.217404	-0.434942	-0.663493
0.434515	-0.217706	-0.436550	-0.663022
0.434470	-0.218208	-0.437584	-0.663193
0.434478	-0.217292	-0.437826	-0.664064
0.434456	-0.215367	-0.442014	-0.664985
0.434480	-0.215624	-0.443275	-0.664662
0.434583	-0.212924	-0.446483	-0.662961
0.434475	-0.213930	-0.448627	-0.664803
0.434499	-0.213204	-0.451482	-0.665156
0.434539	-0.213006	-0.455658	-0.664931
0.434552	-0.211067	-0.457612	-0.665408
0.434537	-0.210874	-0.460565	-0.665794
0.434444	-0.209893	-0.462719	-0.664459
0.434540	-0.210511	-0.464737	-0.665239
0.434421	-0.209400	-0.468669	-0.663817
0.434577	-0.208491	-0.470090	-0.663999
0.434471	-0.207919	-0.471041	-0.663815
0.434656	-0.205112	-0.473178	-0.663754
0.434413	-0.204900	-0.479028	-0.664619
0.434675	-0.202867	-0.479546	-0.664019
0.434332	-0.202659	-0.484697	-0.664516
0.434725	-0.200868	-0.486642	-0.664382
0.434134	-0.200809	-0.487565	-0.664167
0.438722	-0.200512	-0.491806	-0.664754
0.438030	-0.200991	-0.492609	-0.666154
0.434060	-0.199863	-0.495802	-0.664604
0.434754	-0.198277	-0.497385	-0.665279
0.434403	-0.196916	-0.498471	-0.664609
0.434574	-0.198601	-0.501196	-0.663673
0.434453	-0.196591	-0.504021	-0.664905
0.434529	-0.195388	-0.506095	-0.665430
0.438298	-0.194358	-0.509028	-0.664519
0.439850	-0.192929	-0.511327	-0.663780
0.439143	-0.192924	-0.514812	-0.664223
0.439674	-0.190730	-0.518222	-0.664223
0.435210	-0.191442	-0.520179	-0.664117
0.434340	-0.190327	-0.522636	-0.664620
0.434545	-0.189654	-0.524024	-0.664232
0.434520	-0.190449	-0.526239	-0.665079
0.434434	-0.190217	-0.528303	-0.665194
0.434542	-0.187660	-0.532575	-0.664539
0.434540	-0.186591	-0.533062	-0.664668
0.438659	-0.184683	-0.536298	-0.666008
0.439665	-0.184437	-0.541179	-0.665402
0.439299	-0.182209	-0.542989	-0.665334
0.439505	-0.183304	-0.545739	-0.666052
0.439432	-0.183159	-0.547732	-0.664843
0.439511	-0.182309	-0.549302	-0.665587
0.439478	-0.181563	-0.550876	-0.665765
0.439437	-0.182404	-0.552286	-0.665505
0.439455	-0.179983	-0.555035	-0.665972
0.439436	-0.179828	-0.556484	-0.665338
0.439423	-0.179824	-0.559889	-0.665505
0.439493	-0.176612	-0.562979	-0.664472
0.439389	-0.176744	-0.564333	-0.665069
0.439477	-0.175781	-0.567712	-0.666164
0.439452	-0.174845	-0.570034	-0.664372
0.439472	-0.173006	-0.570254	-0.665887
0.439497	-0.173565	-0.572392	-0.665808
0.439488	-0.172945	-0.574579	-0.664224
0.439549	-0.171208	-0.577050	-0.665723
0.439408	-0.171126	-0.580012	-0.665047
0.439496	-0.170943	-0.580666	-0.666373
0.439423	-0.169484	-0.584373	-0.664937
0.439463	-0.168769	-0.586460	-0.665800
0.439463	-0.169074	-0.587019	-0.665584
0.439417	-0.169527	-0.588268	-0.665656
0.439482	-0.167135	-0.588159	-0.666773
0.439466	-0.168629	-0.589281	-0.664837
0.439544	-0.169564	-0.589499	-0.665205
0.439426	-0.168736	-0.590665	-0.666183
0.439434	-0.167727	-0.590513	-0.666285
0.439411	-0.168517	-0.592004	-0.665596
0.439439	-0.166940	-0.593461	-0.666062
0.439455	-0.166369	-0.593458	-0.666481
0.439433	-0.165138	-0.592844	-0.666211
0.439384	-0.166919	-0.592204	-0.665009
0.439486	-0.166836	-0.592781	-0.664122
0.439475	-0.166979	-0.590597	-0.665810
0.439394	-0.168216	-0.589909	-0.666783
0.439562	-0.167172	-0.587991	-0.666525
0.439318	-0.168662	-0.590213	-0.665854
0.439539	-0.167491	-0.591612	-0.665975
0.439359	-0.169587	-0.591378	-0.665931
0.439594	-0.166194	-0.594585	-0.664408
0.439029	-0.166852	-0.594579	-0.665981
0.441948	-0.167278	-0.594611	-0.665339
0.445086	-0.168000	-0.595540	-0.665732
0.444377	-0.168865	-0.593442	-0.665658
0.444785	-0.170467	-0.592971	-0.666183
0.444479	-0.170899	-0.591119	-0.665181
0.444702	-0.171260	-0.590678	-0.666230
0.444601	-0.172396	-0.591279	-0.664371
0.444609	-0.170684	-0.590101	-0.666181
0.444559	-0.171310	-0.590900	-0.665773
0.444568	-0.171799	-0.591212	-0.665819
0.444497	-0.171436	-0.591592	-0.666687
0.444594	-0.170814	-0.593001	-0.665669
0.444539	-0.171161	-0.591612	-0.666016
0.444549	-0.172816	-0.591881	-0.664778
0.444555	-0.172728	-0.588545	-0.666474
0.444603	-0.173825	-0.587929	-0.666337
0.444633	-0.174311	-0.588557	-0.664960
0.444622	-0.173053	-0.588455	-0.664564
0.444632	-0.174017	-0.588782	-0.666079
0.444569	-0.172739	-0.591457	-0.666204
0.444522	-0.172897	-0.592245	-0.664271
0.444530	-0.171658	-0.592212	-0.664570
0.444579	-0.173489	-0.593013	-0.665212
0.444504	-0.172615	-0.592717	-0.665620
0.444619	-0.174442	-0.591141	-0.664999
0.444104	-0.174095	-0.591338	-0.666061
0.439685	-0.173194	-0.592082	-0.666313
0.439525	-0.173860	-0.592596	-0.665099
0.439382	-0.174439	-0.592868	-0.664789
0.439493	-0.175138	-0.591489	-0.664659
0.439259	-0.173597	-0.593210	-0.666031
0.439964	-0.174044	-0.593738	-0.665973
0.444395	-0.170768	-0.594459	-0.666429
0.444489	-0.173987	-0.594462	-0.666611
0.444609	-0.172966	-0.593758	-0.665277
0.444573	-0.174124	-0.593191	-0.664162
0.444629	-0.170675	-0.594629	-0.664809
0.444572	-0.173396	-0.594347	-0.664888
0.444675	-0.172613	-0.594556	-0.665319
0.444537	-0.173023	-0.594789	-0.665522
0.444650	-0.172449	-0.595676	-0.665769
0.444454	-0.171210	-0.595488	-0.665278
0.444749	-0.172548	-0.595348	-0.665269
0.444323	-0.171917	-0.597309	-0.664327
0.444988	-0.170708	-0.597476	-0.666543
0.441564	-0.171571	-0.597554	-0.665166
0.438993	-0.172202	-0.599030	-0.665136
0.439649	-0.170837	-0.598075	-0.664803
0.439280	-0.172038	-0.597792	-0.665805
0.439580	-0.173323	-0.596952	-0.664928
0.439302	-0.172530	-0.596512	-0.665663
0.439502	-0.171554	-0.596811	-0.665430
0.439424	-0.172958	-0.598912	-0.665881
0.439554	-0.172440	-0.598223	-0.665458
0.439348	-0.171778	-0.597416	-0.664918
0.439431	-0.171500	-0.598806	-0.664877
0.440104	-0.171037	-0.600484	-0.665768
0.444838	-0.171474	-0.600632	-0.666994
0.444204	-0.171218	-0.599728	-0.665451
0.445213	-0.170867	-0.600983	-0.665141
0.441024	-0.171420	-0.599880	-0.664708
0.439487	-0.170252	-0.600263	-0.665725
0.439140	-0.172732	-0.601279	-0.665085
0.442856	-0.170397	-0.600493	-0.667012
0.444115	-0.169728	-0.603008	-0.667142
0.439274	-0.171212	-0.603626	-0.665690
0.439467	-0.170442	-0.602282	-0.665460
0.440216	-0.170573	-0.602459	-0.665430
0.444793	-0.169796	-0.602012	-0.665670
0.444391	-0.171459	-0.601879	-0.666810
0.444756	-0.171888	-0.601810	-0.665349
0.444503	-0.173000	-0.601287	-0.665630
0.444693	-0.171969	-0.602668	-0.665592
0.444494	-0.172376	-0.601419	-0.665606
0.444553	-0.172460	-0.602157	-0.665991
0.444628	-0.172156	-0.601553	-0.663654
0.444499	-0.172319	-0.603489	-0.665257
0.444776	-0.171710	-0.602519	-0.664786
0.443535	-0.170765	-0.602706	-0.665694
0.439248	-0.170813	-0.601425	-0.665301
0.439608	-0.170685	-0.602415	-0.665544
0.439268	-0.171488	-0.602613	-0.666805
0.439616	-0.172075	-0.601482	-0.664718
0.439340	-0.170860	-0.603474	-0.664397
0.439512	-0.169246	-0.604612	-0.665090
0.439386	-0.168266	-0.603808	-0.667085
0.439575	-0.168511	-0.607905	-0.665322
0.439456	-0.167709	-0.607961	-0.665402
0.439455	-0.169963	-0.604519	-0.665783
0.439418	-0.169178	-0.606122	-0.665997
0.439417	-0.170481	-0.605660	-0.664915
0.439487	-0.171342	-0.604222	-0.666280
0.439439	-0.169778	-0.603679	-0.664990
0.439408	-0.168854	-0.605596	-0.664188
0.439470	-0.170998	-0.604437	-0.663852
0.439519	-0.171498	-0.605820	-0.665072
0.439515	-0.168768	-0.607146	-0.664514
0.439423	-0.170293	-0.607229	-0.666448
0.439429	-0.170078	-0.606438	-0.666000
0.439432	-0.170004	-0.607933	-0.666925
0.439480	-0.169396	-0.607747	-0.666500
0.439381	-0.170536	-0.607936	-0.665711
0.439503	-0.171963	-0.606906	-0.664941
0.439486	-0.169686	-0.607722	-0.665698
0.439478	-0.170583	-0.607905	-0.663916
0.439507	-0.170019	-0.608220	-0.666522
0.439432	-0.169467	-0.608955	-0.665204
0.439495	-0.170169	-0.608695	-0.666334
0.439557	-0.169248	-0.608944	-0.665343
0.439458	-0.169227	-0.609341	-0.662252
0.439466	-0.170946	-0.609946	-0.665891
0.439482	-0.169700	-0.610071	-0.665190
0.439510	-0.170283	-0.609620	-0.665988
0.439452	-0.171325	-0.608125	-0.665602
0.439423	-0.171188	-0.608689	-0.664614
0.439486	-0.172056	-0.607938	-0.664753
0.439492	-0.173000	-0.610129	-0.664629
0.439463	-0.170532	-0.606991	-0.663149
0.439471	-0.171310	-0.607398	-0.663158
0.439403	-0.170718	-0.607994	-0.666239
0.439539	-0.169560	-0.608527	-0.666545
0.439488	-0.169504	-0.608692	-0.664645
0.439448	-0.168955	-0.608228	-0.665629
0.439475	-0.170491	-0.607437	-0.665213
0.439429	-0.168211	-0.609890	-0.665425
0.439458	-0.167326	-0.609518	-0.665713
0.439392	-0.168442	-0.609843	-0.666542
0.439436	-0.166496	-0.609119	-0.665358
0.439404	-0.167297	-0.610051	-0.665118
0.439497	-0.166766	-0.611223	-0.665862
0.439565	-0.166159	-0.612588	-0.665748
0.439511	-0.166411	-0.613473	-0.666919
0.439424	-0.164438	-0.613975	-0.666443
0.439432	-0.165712	-0.615547	-0.664984
0.439427	-0.166348	-0.613713	-0.665629
0.439448	-0.166601	-0.614948	-0.664860
0.439529	-0.166084	-0.614850	-0.664623
0.439472	-0.165915	-0.613015	-0.664692
0.439471	-0.167716	-0.613880	-0.665539
0.439531	-0.166431	-0.614897	-0.665934
0.439477	-0.167393	-0.615324	-0.664124
0.439501	-0.167393	-0.615373	-0.664130
0.439512	-0.169485	-0.614393	-0.664875
0.439510	-0.166409	-0.614780	-0.665747
0.439433	-0.166019	-0.613190	-0.664204
0.439452	-0.167222	-0.613922	-0.665306
0.439497	-0.166876	-0.611445	-0.664819
0.439476	-0.165995	-0.612040	-0.665542
0.439433	-0.167468	-0.613267	-0.664308
0.439421	-0.165991	-0.612936	-0.664980
0.439488	-0.165014	-0.615370	-0.665159
0.439481	-0.166160	-0.614887	-0.664570
0.439414	-0.164520	-0.615755	-0.665684
0.439439	-0.164403	-0.617250	-0.665232
0.439451	-0.164785	-0.616187	-0.665056
0.439491	-0.165293	-0.615682	-0.664813
0.439438	-0.167645	-0.615443	-0.665648
0.439456	-0.167386	-0.616008	-0.664598
0.439458	-0.166739	-0.615835	-0.665554
0.439492	-0.167452	-0.615659	-0.665076
0.439476	-0.166170	-0.614539	-0.665897
0.439511	-0.166091	-0.615667	-0.665793
0.439447	-0.166923	-0.616657	-0.665571
0.439407	-0.167513	-0.616443	-0.664528
0.439508	-0.166630	-0.616322	-0.664791
0.439453	-0.167000	-0.617119	-0.664400
0.439529	-0.167916	-0.616657	-0.664534
0.439496	-0.169082	-0.616823	-0.665075
0.439452	-0.169810	-0.615402	-0.664551
0.439453	-0.171006	-0.616383	-0.665486
0.439505	-0.171444	-0.615545	-0.665017
0.439471	-0.170217	-0.616137	-0.664639
0.439507	-0.170142	-0.614860	-0.664933
0.439442	-0.170797	-0.616869	-0.666919
0.439467	-0.171038	-0.615345	-0.664865
0.439470	-0.169616	-0.615113	-0.665235
0.439526	-0.170022	-0.615601	-0.666439
0.439446	-0.169118	-0.614284	-0.666298
0.439506	-0.170188	-0.615414	-0.663610
0.439462	-0.169804	-0.615435	-0.664858
0.439471	-0.169482	-0.614808	-0.663331
0.439507	-0.169393	-0.613866	-0.664970
0.439513	-0.170564	-0.614438	-0.665510
0.439483	-0.169114	-0.615669	-0.665748
0.439541	-0.167143	-0.615756	-0.664708
0.439456	-0.167303	-0.616857	-0.664479
0.439446	-0.170162	-0.614251	-0.663966
0.439472	-0.168258	-0.616741	-0.665475
0.439555	-0.168064	-0.616973	-0.664624
0.439482	-0.170012	-0.617988	-0.664303
0.439414	-0.167794	-0.617788	-0.663574
0.439507	-0.168816	-0.617981	-0.665331
0.439457	-0.169903	-0.616812	-0.665227
0.439519	-0.170485	-0.617441	-0.665623
0.439436	-0.169790	-0.617582	-0.664633
0.439477	-0.169417	-0.618313	-0.664197
0.439507	-0.168602	-0.621713	-0.665075
0.439419	-0.168342	-0.620212	-0.665689
0.439407	-0.168557	-0.620296	-0.666466
0.439480	-0.167078	-0.621163	-0.664802
0.439519	-0.170139	-0.621936	-0.665427
0.439417	-0.169918	-0.620302	-0.664758
0.439506	-0.169321	-0.619507	-0.663934
0.439576	-0.169450	-0.618945	-0.665861
0.439412	-0.170521	-0.619794	-0.667146
0.439409	-0.169709	-0.620831	-0.664975
0.439487	-0.167846	-0.619687	-0.666051
0.439487	-0.167951	-0.621566	-0.667170
0.439451	-0.166739	-0.622533	-0.666586
0.439486	-0.164483	-0.621071	-0.666209
0.439428	-0.166379	-0.621506	-0.665562
0.439442	-0.166085	-0.620914	-0.665975
0.439411	-0.166155	-0.620630	-0.666557
0.439525	-0.168271	-0.621687	-0.666575
0.439531	-0.168047	-0.620398	-0.666012
0.439501	-0.166895	-0.621259	-0.665046
0.439465	-0.166869	-0.622283	-0.666408
0.439389	-0.166575	-0.622310	-0.664328
0.439492	-0.165184	-0.624256	-0.665285
0.439485	-0.165723	-0.626306	-0.666089
0.439465	-0.165123	-0.626636	-0.666224
0.439495	-0.165990	-0.625480	-0.666811
0.439443	-0.168252	-0.627646	-0.664333
0.439481	-0.166969	-0.625598	-0.665653
0.439534	-0.166973	-0.623831	-0.666458
0.439491	-0.169117	-0.623415	-0.666481
0.439416	-0.168714	-0.621912	-0.664689
0.439442	-0.168155	-0.622813	-0.665369
0.439461	-0.169644	-0.623691	-0.665094
0.439447	-0.167717	-0.623390	-0.666860
0.439439	-0.168157	-0.623069	-0.666819
0.439431	-0.169088	-0.623394	-0.666375
0.439461	-0.168729	-0.623440	-0.666578
0.439525	-0.167122	-0.623479	-0.666416
0.439414	-0.169864	-0.621756	-0.665476
0.439524	-0.168707	-0.623711	-0.664730
0.439468	-0.170157	-0.621617	-0.665025
0.439495	-0.169410	-0.621261	-0.666136
0.439426	-0.167626	-0.624524	-0.666000
0.439515	-0.167215	-0.624492	-0.664536
0.439466	-0.168758	-0.624028	-0.665453
0.439476	-0.167233	-0.623359	-0.665690
0.439437	-0.170126	-0.625331	-0.665481
0.439442	-0.169489	-0.621447	-0.665848
0.439470	-0.170936	-0.622627	-0.665342
0.439471	-0.171016	-0.621233	-0.664668
0.439490	-0.171758	-0.620342	-0.665963
0.439536	-0.172672	-0.619341	-0.665237
0.439470	-0.170654	-0.621051	-0.665951
0.439431	-0.172016	-0.621437	-0.665589
0.439497	-0.170747	-0.622164	-0.663906
0.439515	-0.171874	-0.622305	-0.664393
0.439522	-0.172483	-0.621192	-0.664725
0.439426	-0.171982	-0.622339	-0.666482
0.439486	-0.172634	-0.622592	-0.665500
0.439507	-0.174505	-0.620810	-0.666899
0.439570	-0.175599	-0.619395	-0.665371
0.439490	-0.174688	-0.620040	-0.664987
0.439492	-0.176232	-0.620470	-0.667055
0.439401	-0.174638	-0.618545	-0.665178
0.439470	-0.175553	-0.619964	-0.665072
0.439347	-0.174922	-0.621430	-0.664046
0.439549	-0.174818	-0.621949	-0.667572
0.439332	-0.174513	-0.620550	-0.666383
0.439732	-0.174314	-0.622464	-0.666687
0.438454	-0.174351	-0.620521	-0.665114
0.434423	-0.175866	-0.620673	-0.664413
0.434608	-0.175554	-0.620219	-0.666824
0.434428	-0.176085	-0.619161	-0.665686
0.434512	-0.176492	-0.618907	-0.665016
0.434483	-0.175954	-0.617886	-0.666368
0.434552	-0.175139	-0.618957	-0.665802
0.434391	-0.175904	-0.619032	-0.667482
0.434568	-0.174372	-0.618639	-0.665843
0.434425	-0.176116	-0.619817	-0.664454
0.434559	-0.175225	-0.618542	-0.665185
0.434500	-0.174682	-0.620203	-0.665614
0.434503	-0.175379	-0.620688	-0.665358
0.434548	-0.175501	-0.619408	-0.665779
0.434567	-0.176467	-0.618086	-0.663553
0.434563	-0.177386	-0.619272	-0.666788
0.434608	-0.178395	-0.618011	-0.664248
0.434445	-0.178625	-0.616739	-0.665514
0.434505	-0.177725	-0.620642	-0.665270
0.434515	-0.178217	-0.618314	-0.664744
0.434514	-0.178033	-0.620144	-0.665932
0.434478	-0.179109	-0.619358	-0.665406
0.434596	-0.178826	-0.618143	-0.665113
0.434498	-0.178177	-0.620931	-0.664410
0.434532	-0.179726	-0.619828	-0.664912
0.434522	-0.179248	-0.618344	-0.664342
0.434566	-0.180320	-0.615217	-0.665126
0.434473	-0.180481	-0.616137	-0.665391
0.434523	-0.183144	-0.615166	-0.665962
0.434459	-0.182545	-0.613800	-0.664583
0.434502	-0.183250	-0.615303	-0.664799
0.434493	-0.182433	-0.613409	-0.665526
0.434490	-0.182337	-0.614324	-0.665705
0.434493	-0.183212	-0.614237	-0.665354
0.434485	-0.182491	-0.615646	-0.665842
0.434470	-0.182568	-0.615414	-0.666211
0.434545	-0.182503	-0.615135	-0.665981
0.434518	-0.181301	-0.615296	-0.663964
0.434517	-0.181669	-0.614954	-0.663692
0.434436	-0.180414	-0.615117	-0.666013
0.434522	-0.179337	-0.617269	-0.665193
0.434424	-0.178398	-0.617150	-0.664407
0.434599	-0.178398	-0.617240	-0.665239
0.434321	-0.178175	-0.616741	-0.664956
0.434657	-0.176842	-0.616877	-0.664011
0.430745	-0.177153	-0.617337	-0.664307
0.429241	-0.178538	-0.615324	-0.665099
0.429725	-0.177853	-0.615300	-0.664514
0.429516	-0.180527	-0.614633	-0.664738
0.429631	-0.180226	-0.614536	-0.664284
0.429476	-0.179192	-0.616664	-0.665482
0.429572	-0.178620	-0.615412	-0.664371
0.429452	-0.176776	-0.617188	-0.664304
0.429544	-0.177316	-0.617001	-0.665946
0.429472	-0.177694	-0.618857	-0.665653
0.429516	-0.176995	-0.618012	-0.664878
0.429490	-0.175846	-0.618259	-0.665134
0.429535	-0.177178	-0.617160	-0.664581
0.429579	-0.176009	-0.617848	-0.665883
0.429570	-0.175567	-0.619995	-0.664501
0.429503	-0.174276	-0.618750	-0.665268
0.429540	-0.174867	-0.619832	-0.666146
0.429532	-0.173366	-0.620766	-0.664620
0.429536	-0.172189	-0.619997	-0.667117
0.429541	-0.171604	-0.618953	-0.664680
0.429550	-0.173172	-0.619410	-0.666224
0.429588	-0.172798	-0.617916	-0.665036
0.429623	-0.171051	-0.617487	-0.665962
0.429570	-0.172920	-0.618699	-0.664709
0.429550	-0.172743	-0.617584	-0.664601
0.429550	-0.171888	-0.619925	-0.665200
0.429532	-0.172259	-0.619771	-0.666053
0.429537	-0.170500	-0.618067	-0.665316
0.429585	-0.170798	-0.619170	-0.664569
0.429551	-0.170223	-0.619817	-0.665686
0.429551	-0.170205	-0.619257	-0.664405
0.429564	-0.170074	-0.618985	-0.664728
0.429516	-0.170693	-0.618476	-0.665036
0.429600	-0.169440	-0.619497	-0.665161
0.429537	-0.170396	-0.619639	-0.665349
0.429511	-0.170973	-0.618765	-0.665552
0.429527	-0.171555	-0.620215	-0.664918
0.429623	-0.172683	-0.618898	-0.664530
0.429628	-0.169964	-0.619580	-0.664665
0.429536	-0.171848	-0.620378	-0.666944
0.429519	-0.171821	-0.620177	-0.665435
0.429549	-0.172915	-0.619611	-0.666414
0.429591	-0.172937	-0.620573	-0.665948
0.429535	-0.173781	-0.620892	-0.665960
0.429600	-0.174777	-0.618813	-0.665307
0.429564	-0.172882	-0.620341	-0.666135
0.429498	-0.172657	-0.618133	-0.664664
0.429580	-0.171409	-0.618175	-0.665540
0.429586	-0.171778	-0.618136	-0.665872
0.429628	-0.171377	-0.618698	-0.665290
0.429550	-0.171692	-0.618104	-0.664967
0.429515	-0.170222	-0.620005	-0.664351
0.429572	-0.171052	-0.620435	-0.666503
0.429501	-0.170327	-0.621775	-0.665312
0.429535	-0.169968	-0.621628	-0.664868
0.429496	-0.171140	-0.621119	-0.666023
0.429537	-0.171098	-0.622018	-0.665838
0.429510	-0.168385	-0.621530	-0.665628
0.429598	-0.168707	-0.622489	-0.664059
0.429640	-0.170016	-0.622751	-0.665914
0.429539	-0.169291	-0.624824	-0.666483
0.429527	-0.168418	-0.626548	-0.666066
0.429570	-0.168998	-0.625498	-0.665888
0.429531	-0.169296	-0.624321	-0.665382
0.429569	-0.169106	-0.625172	-0.663563
0.429552	-0.169234	-0.624403	-0.665861
0.429487	-0.169211	-0.622384	-0.664991
0.429539	-0.170706	-0.622918	-0.665577
0.429619	-0.173032	-0.621996	-0.666022
0.429570	-0.171401	-0.622381	-0.664648
0.429550	-0.173242	-0.621859	-0.664408
0.429565	-0.173630	-0.621810	-0.665372
0.429483	-0.174072	-0.621431	-0.665219
0.429529	-0.174370	-0.621699	-0.664935
0.429460	-0.174843	-0.621513	-0.666644
0.429657	-0.175159	-0.621315	-0.665222
0.429490	-0.176187	-0.620773	-0.664976
0.429585	-0.176697	-0.621157	-0.665664
0.429483	-0.177538	-0.621949	-0.666517
0.429576	-0.174316	-0.620460	-0.665825
0.429566	-0.178356	-0.620591	-0.664650
0.429565	-0.176511	-0.620996	-0.665302
0.429554	-0.174830	-0.621748	-0.666789
0.429611	-0.175282	-0.623547	-0.664598
0.429473	-0.175906	-0.621025	-0.666199
0.429584	-0.176483	-0.620865	-0.666666
0.429498	-0.177924	-0.622033	-0.665066
0.429697	-0.176265	-0.623586	-0.664346
0.429502	-0.178763	-0.622128	-0.665634
0.429680	-0.178253	-0.621046	-0.666869
0.429244	-0.178262	-0.620811	-0.664771
0.429951	-0.176472	-0.621401	-0.664796
0.426619	-0.174473	-0.621301	-0.664628
0.423916	-0.174535	-0.621934	-0.666537
0.424656	-0.174602	-0.621199	-0.665997
0.424211	-0.174747	-0.624685	-0.665440
0.424499	-0.173702	-0.623796	-0.664038
0.424340	-0.173742	-0.623370	-0.664962
0.424465	-0.173936	-0.623854	-0.663627
0.424330	-0.174952	-0.622501	-0.664789
0.424517	-0.176413	-0.623307	-0.665294
0.424350	-0.173921	-0.624450	-0.665451
0.424517	-0.175862	-0.623075	-0.666997
0.424389	-0.175568	-0.623680	-0.665289
0.424419	-0.174344	-0.623686	-0.665313
0.424445	-0.174830	-0.624270	-0.665550
0.424445	-0.172660	-0.624626	-0.666066
0.424371	-0.172504	-0.624665	-0.664348
0.424403	-0.172536	-0.626138	-0.665005
0.424380	-0.172260	-0.625028	-0.664407
0.424429	-0.173146	-0.624754	-0.665839
0.424401	-0.174159	-0.623641	-0.665465
0.424431	-0.174966	-0.622737	-0.664487
0.424377	-0.175414	-0.624205	-0.665135
0.424381	-0.174042	-0.624528	-0.664043
0.424403	-0.174131	-0.623067	-0.665329
0.424387	-0.174793	-0.622946	-0.665567
0.424374	-0.174141	-0.624859	-0.665610
0.424414	-0.172637	-0.624322	-0.664952
0.424352	-0.173528	-0.625211	-0.665299
0.424401	-0.173662	-0.625736	-0.664407
0.424322	-0.174114	-0.624102	-0.664080
0.424374	-0.172722	-0.625907	-0.666061
0.424409	-0.172925	-0.624505	-0.666479
0.424379	-0.172663	-0.625746	-0.666959
0.424391	-0.171828	-0.626303	-0.664216
0.424408	-0.172769	-0.626116	-0.664873
0.424321	-0.173578	-0.626927	-0.664997
0.424380	-0.174862	-0.624576	-0.665927
0.424347	-0.174131	-0.626187	-0.664657
0.424484	-0.173751	-0.625088	-0.666774
0.424461	-0.173597	-0.627276	-0.665678
0.424416	-0.174318	-0.626305	-0.666176
0.424361	-0.174895	-0.627631	-0.666025
0.424426	-0.175434	-0.625754	-0.665199
0.424410	-0.175185	-0.624950	-0.666269
0.424446	-0.175534	-0.624201	-0.664742
0.424449	-0.175992	-0.625558	-0.663808
0.424421	-0.176953	-0.624627	-0.664774
0.424352	-0.176670	-0.624876	-0.664421
0.424410	-0.177212	-0.623601	-0.663158
0.424416	-0.178038	-0.624166	-0.665051
0.424326	-0.177669	-0.623597	-0.665877
0.424455	-0.179950	-0.621594	-0.664663
0.424453	-0.178572	-0.623810	-0.665229
0.424408	-0.178218	-0.622568	-0.665114
0.424416	-0.177983	-0.622213	-0.665556
0.424357	-0.179610	-0.622083	-0.665158
0.424356	-0.178748	-0.622940	-0.664601
0.424351	-0.178412	-0.622429	-0.665192
0.424495	-0.175842	-0.623875	-0.664625
0.424360	-0.177490	-0.625299	-0.664766
0.424391	-0.177255	-0.626466	-0.665724
0.424386	-0.175970	-0.626675	-0.664817
0.424334	-0.175727	-0.626695	-0.666313
0.424416	-0.175006	-0.626988	-0.666669
0.424302	-0.175688	-0.625925	-0.664816
0.424387	-0.175648	-0.626543	-0.663990
0.424525	-0.174628	-0.625627	-0.665691
0.424394	-0.175979	-0.625751	-0.665560
0.424336	-0.174380	-0.626556	-0.664761
0.424401	-0.173504	-0.625272	-0.665654
0.424425	-0.174642	-0.624935	-0.664251
0.424385	-0.173330	-0.627108	-0.664283
0.424385	-0.170419	-0.625417	-0.665655
0.424449	-0.170203	-0.627550	-0.666319
0.424395	-0.168448	-0.627457	-0.664628
0.424403	-0.168790	-0.627771	-0.664358
0.424505	-0.168306	-0.629228	-0.666359
0.424386	-0.168778	-0.629869	-0.665552
0.424398	-0.169089	-0.630586	-0.665368
0.424419	-0.167356	-0.629738	-0.665586
0.424424	-0.168217	-0.631159	-0.665769
0.424337	-0.166705	-0.632417	-0.664144
0.424440	-0.166592	-0.633370	-0.664208
0.424387	-0.167755	-0.634429	-0.665844
0.424411	-0.167195	-0.632313	-0.664903
0.424415	-0.166760	-0.633154	-0.665976
0.424424	-0.167523	-0.630723	-0.664543
0.424405	-0.170217	-0.630728	-0.665205
0.424444	-0.169920	-0.629670	-0.665353
0.424403	-0.168254	-0.629057	-0.665541
0.424465	-0.168970	-0.630871	-0.665859
0.424273	-0.167819	-0.630134	-0.665244
0.424451	-0.166842	-0.631452	-0.664160
0.424331	-0.166816	-0.631821	-0.665214
0.424488	-0.167412	-0.629683	-0.665678
0.424329	-0.168501	-0.629549	-0.665176
0.424477	-0.169029	-0.629937	-0.665045
0.424268	-0.169475	-0.629257	-0.665229
0.424498	-0.168403	-0.629634	-0.665098
0.424199	-0.168821	-0.629107	-0.665007
0.424623	-0.170076	-0.629358	-0.662941
0.423961	-0.169371	-0.629317	-0.666194
0.426195	-0.170064	-0.630165	-0.664467
0.425765	-0.169770	-0.630344	-0.665649
0.423921	-0.169912	-0.631649	-0.665342
0.424631	-0.169854	-0.632163	-0.665631
0.424137	-0.169824	-0.630247	-0.665475
0.424676	-0.172012	-0.631575	-0.664737
0.424204	-0.170484	-0.629072	-0.665131
0.424569	-0.172236	-0.627223	-0.664905
0.424246	-0.173449	-0.627600	-0.663503
0.424492	-0.172906	-0.626783	-0.665729
0.424140	-0.172893	-0.628025	-0.664682
0.424616	-0.171152	-0.628025	-0.665016
0.423950	-0.170803	-0.627421	-0.666171
0.426293	-0.171213	-0.629183	-0.664752
0.429861	-0.170402	-0.629706	-0.665146
0.429317	-0.169360	-0.630441	-0.666201
0.429648	-0.170777	-0.629784	-0.664046
0.429594	-0.170167	-0.628877	-0.663790
0.428005	-0.169645	-0.631633	-0.664972
0.423331	-0.170982	-0.631041	-0.665019
0.427006	-0.169970	-0.631897	-0.663782
0.427764	-0.171560	-0.634811	-0.665496
0.423893	-0.170969	-0.634032	-0.665671
0.424752	-0.171929	-0.634000	-0.664425
0.424265	-0.171061	-0.634592	-0.665614
0.424543	-0.170606	-0.633869	-0.664598
0.424332	-0.171299	-0.632431	-0.664611
0.424428	-0.171380	-0.631237	-0.665645
0.424357	-0.171969	-0.633415	-0.666448
0.424472	-0.172443	-0.631560	-0.666637
0.424295	-0.171479	-0.633065	-0.665800
0.424489	-0.171329	-0.632860	-0.664841
0.424292	-0.170505	-0.633297	-0.664175
0.424467	-0.171305	-0.633713	-0.664120
0.424332	-0.170198	-0.633500	-0.665245
0.424435	-0.169828	-0.634920	-0.663426
0.424394	-0.169858	-0.635065	-0.665800
0.424424	-0.168865	-0.635647	-0.664680
0.424449	-0.169975	-0.635529	-0.665500
0.424374	-0.169376	-0.633672	-0.665193
0.424361	-0.169159	-0.636167	-0.665296
0.424335	-0.169184	-0.635641	-0.666243
0.424591	-0.167961	-0.634888	-0.664801
0.428742	-0.169666	-0.636400	-0.665284
0.425086	-0.169512	-0.635711	-0.665815
0.424282	-0.169199	-0.637600	-0.665069
0.424494	-0.169967	-0.637272	-0.664159
0.424356	-0.170425	-0.637156	-0.663605
0.424488	-0.170643	-0.635465	-0.666788
0.424346	-0.170482	-0.635324	-0.666320
0.424428	-0.170321	-0.634450	-0.664519
0.424420	-0.169435	-0.634163	-0.664321
0.424357	-0.171253	-0.632638	-0.664841
0.424393	-0.171733	-0.633990	-0.666289
0.424399	-0.170461	-0.634453	-0.663489
0.424463	-0.168849	-0.635058	-0.664421
0.424376	-0.172301	-0.634370	-0.663569
0.424400	-0.170951	-0.632739	-0.665098
0.424357	-0.170959	-0.633149	-0.666097
0.424377	-0.172418	-0.633835	-0.666200
0.424440	-0.171948	-0.633623	-0.665020
0.424508	-0.172077	-0.635418	-0.664420
0.424428	-0.172038	-0.633953	-0.665665
0.424411	-0.171808	-0.634558	-0.665005
0.424433	-0.171188	-0.634048	-0.664752
0.424409	-0.170351	-0.635738	-0.665119
0.424354	-0.170021	-0.636190	-0.663312
0.424435	-0.171630	-0.636577	-0.664545
0.424451	-0.171494	-0.636359	-0.665644
0.424398	-0.169771	-0.635567	-0.664664
0.424434	-0.170471	-0.635682	-0.664650
0.424390	-0.170153	-0.636020	-0.664851
0.424369	-0.169606	-0.635567	-0.664996
0.424385	-0.167878	-0.635423	-0.664103
0.424395	-0.167610	-0.637838	-0.664629
0.424473	-0.166945	-0.637607	-0.663516
0.424382	-0.167332	-0.638255	-0.665101
0.424414	-0.166506	-0.636569	-0.665119
0.424416	-0.165623	-0.637286	-0.664980
0.424350	-0.167219	-0.639546	-0.664858
0.424374	-0.165866	-0.636919	-0.664486
0.424421	-0.167112	-0.639701	-0.665301
0.424375	-0.168254	-0.639923	-0.664787
0.424360	-0.168065	-0.642421	-0.664987
0.424369	-0.168397	-0.641520	-0.665209
0.424410	-0.170404	-0.640467	-0.665238
0.424435	-0.169418	-0.640308	-0.664932
0.424450	-0.169847	-0.641636	-0.664787
0.424428	-0.170688	-0.641193	-0.665942
0.424364	-0.171294	-0.640810	-0.665089
0.424434	-0.172657	-0.641478	-0.665094
0.424296	-0.173888	-0.639837	-0.665005
0.424406	-0.174674	-0.640530	-0.664000
0.424434	-0.176163	-0.638260	-0.664842
0.424436	-0.176467	-0.636900	-0.665331
0.424399	-0.178025	-0.635455	-0.666496
0.424472	-0.176297	-0.635713	-0.664427
0.424423	-0.177938	-0.635142	-0.665829
0.424454	-0.177657	-0.637775	-0.665151
0.424350	-0.177864	-0.637078	-0.666016
0.424441	-0.175067	-0.638097	-0.665501
0.424387	-0.173636	-0.636420	-0.665084
0.424411	-0.175012	-0.637320	-0.667227
0.424399	-0.172992	-0.636489	-0.664133
0.424350	-0.173751	-0.635977	-0.665849
0.424429	-0.175343	-0.635304	-0.665111
0.424487	-0.172643	-0.636886	-0.664460
0.424332	-0.173823	-0.637878	-0.667479
0.424503	-0.173499	-0.638944	-0.665872
0.424325	-0.172619	-0.638374	-0.663753
0.424576	-0.173000	-0.639507	-0.664261
0.424133	-0.174144	-0.639280	-0.665289
0.424790	-0.172501	-0.636821	-0.664733
0.421522	-0.175011	-0.639492	-0.665656
0.419372	-0.173145	-0.637848	-0.665098
0.419935	-0.173166	-0.637978	-0.665408
0.419630	-0.174304	-0.637791	-0.664971
0.419732	-0.173389	-0.638093	-0.664464
0.419664	-0.175410	-0.637430	-0.664222
0.419758	-0.173340	-0.638603	-0.665610
0.419659	-0.174240	-0.637331	-0.664863
0.419766	-0.173684	-0.636964	-0.665301
0.419663	-0.176732	-0.637126	-0.664482
0.419848	-0.174388	-0.639181	-0.665017
0.419655	-0.174171	-0.639310	-0.663981
0.419739	-0.174100	-0.638791	-0.665894
0.419702	-0.173063	-0.639492	-0.664619
0.419776	-0.173658	-0.641061	-0.665121
0.419721	-0.172794	-0.640094	-0.665438
0.419717	-0.172707	-0.639310	-0.665175
0.419806	-0.172276	-0.638983	-0.664546
0.419756	-0.174314	-0.639432	-0.665456
0.419712	-0.172445	-0.640259	-0.665059
0.419704	-0.173430	-0.639570	-0.665014
0.419783	-0.173971	-0.640795	-0.665263
0.419709	-0.172046	-0.639891	-0.664875
0.419688	-0.171588	-0.641407	-0.665298
0.419689	-0.171984	-0.642495	-0.663012
0.419739	-0.172771	-0.639284	-0.665639
0.419702	-0.174021	-0.636186	-0.664648
0.419705	-0.175030	-0.637511	-0.664411
0.419831	-0.176722	-0.635559	-0.666654
0.419737	-0.176207	-0.635715	-0.663816
0.419713	-0.177243	-0.636285	-0.663747
0.419712	-0.178480	-0.634971	-0.666234
0.419662	-0.177036	-0.636039	-0.664249
0.419707	-0.176680	-0.634335	-0.662994
0.419772	-0.178863	-0.634619	-0.665777
0.419731	-0.177179	-0.632441	-0.664732
0.419739	-0.176761	-0.634599	-0.664104
0.419683	-0.176954	-0.634663	-0.663726
0.419724	-0.177817	-0.634386	-0.665027
0.419714	-0.176406	-0.637671	-0.664328
0.419645	-0.176088	-0.638339	-0.664900
0.419702	-0.175522	-0.637427	-0.665257
0.419739	-0.174454	-0.638194	-0.666373
0.419778	-0.176245	-0.638260	-0.666010
0.419712	-0.174733	-0.637211	-0.664129
0.419733	-0.175527	-0.637226	-0.664997
0.419787	-0.176335	-0.635938	-0.664372
0.419731	-0.176239	-0.636819	-0.665615
0.419692	-0.175044	-0.637429	-0.664485
0.419749	-0.177570	-0.638971	-0.665017
0.419734	-0.175249	-0.637549	-0.664252
0.419812	-0.174563	-0.638968	-0.666026
0.419677	-0.173801	-0.640346	-0.665071
0.419812	-0.173807	-0.638462	-0.664615
0.419641	-0.174276	-0.639180	-0.664642
0.419884	-0.174762	-0.637270	-0.663863
0.419638	-0.173743	-0.641713	-0.664380
0.419897	-0.173938	-0.638828	-0.664313
0.419465	-0.173239	-0.639698	-0.666205
0.420027	-0.172684	-0.640824	-0.663811
0.415658	-0.170979	-0.640057	-0.665517
0.418351	-0.170878	-0.641090	-0.665379
0.420054	-0.169830	-0.642688	-0.664637
0.419487	-0.170353	-0.642258	-0.664442
0.419855	-0.169426	-0.641099	-0.665614
0.419605	-0.167406	-0.643410	-0.665243
0.419743	-0.167979	-0.643403	-0.665402
0.419721	-0.167941	-0.645590	-0.665408
0.419641	-0.165498	-0.647128	-0.665438
0.420055	-0.165430	-0.645494	-0.663971
0.418104	-0.167736	-0.645869	-0.666065
0.414272	-0.166254	-0.646044	-0.665535
0.414847	-0.166870	-0.646201	-0.665448
0.414485	-0.166660	-0.646043	-0.665730
0.414837	-0.166054	-0.645181	-0.666328
0.414487	-0.166063	-0.643198	-0.664122
0.414737	-0.165911	-0.645248	-0.665062
0.414557	-0.166295	-0.644410	-0.667288
0.414821	-0.167317	-0.645177	-0.664585
0.414537	-0.164467	-0.645626	-0.665145
0.414783	-0.165696	-0.644496	-0.665105
0.414554	-0.166508	-0.644984	-0.664888
0.418891	-0.166402	-0.643447	-0.666016
0.419899	-0.168825	-0.642778	-0.665204
0.419630	-0.166461	-0.642756	-0.665225
0.419733	-0.165810	-0.641343	-0.664662
0.419729	-0.167070	-0.641214	-0.664403
0.419749	-0.165283	-0.641896	-0.664441
0.419721	-0.164221	-0.642975	-0.664621
0.419707	-0.164985	-0.641917	-0.664390
0.419784	-0.163086	-0.642838	-0.664118
0.419677	-0.164914	-0.643690	-0.664616
0.419771	-0.164523	-0.644722	-0.665674
0.419615	-0.164149	-0.645851	-0.665329
0.419813	-0.164981	-0.643564	-0.664668
0.419603	-0.164562	-0.645782	-0.664844
0.419876	-0.164657	-0.644998	-0.664673
0.419496	-0.165081	-0.644565	-0.664437
0.419858	-0.162831	-0.646191	-0.662624
0.414937	-0.164678	-0.644822	-0.663955
0.416314	-0.165656	-0.642388	-0.664937
0.420106	-0.167496	-0.643068	-0.664376
0.419458	-0.166663	-0.643894	-0.665985
0.415554	-0.167158	-0.643397	-0.664705
0.418710	-0.167070	-0.644104	-0.664761
0.420113	-0.168073	-0.642672	-0.664251
0.419525	-0.166784	-0.642025	-0.665223
0.419930	-0.167481	-0.642843	-0.665009
0.419561	-0.166463	-0.641880	-0.665626
0.419876	-0.166512	-0.643111	-0.665131
0.419673	-0.165939	-0.641728	-0.663894
0.419835	-0.166148	-0.643716	-0.664630
0.419759	-0.162788	-0.642817	-0.664806
0.419788	-0.162920	-0.642507	-0.664009
0.419635	-0.163852	-0.641921	-0.666005
0.419753	-0.163002	-0.644332	-0.664534
0.419690	-0.162153	-0.644752	-0.664927
0.419747	-0.161322	-0.644832	-0.664761
0.419739	-0.162197	-0.645326	-0.664928
0.419731	-0.162041	-0.646049	-0.664569
0.419694	-0.160872	-0.645103	-0.665154
0.419742	-0.161913	-0.644366	-0.665296
0.419758	-0.162204	-0.645506	-0.665214
0.419729	-0.161814	-0.645225	-0.663885
0.419685	-0.162036	-0.643697	-0.664401
0.419510	-0.163462	-0.645173	-0.665407
0.415179	-0.162426	-0.644501	-0.665901
0.414544	-0.161162	-0.643444	-0.665120
0.414663	-0.162292	-0.644949	-0.665044
0.414582	-0.161350	-0.645493	-0.664856
0.414653	-0.159454	-0.645168	-0.665512
0.414586	-0.161326	-0.646133	-0.665336
0.414913	-0.162073	-0.644506	-0.664253
0.419308	-0.162042	-0.646362	-0.665769
0.419862	-0.162746	-0.645811	-0.665372
0.419669	-0.163599	-0.645366	-0.664396
0.419786	-0.164238	-0.645093	-0.664958
0.419713	-0.163295	-0.643894	-0.666432
0.419732	-0.165131	-0.645415	-0.665257
0.419723	-0.165457	-0.644746	-0.664103
0.419722	-0.164185	-0.645125	-0.665100
0.419648	-0.166449	-0.643397	-0.665918
0.419757	-0.166059	-0.645173	-0.663891
0.419771	-0.163933	-0.646075	-0.664600
0.419752	-0.166731	-0.644775	-0.664492
0.419688	-0.166218	-0.644415	-0.664772
0.419741	-0.167374	-0.645001	-0.664331
0.419753	-0.166767	-0.645900	-0.664997
0.419739	-0.167177	-0.644035	-0.665403
0.419761	-0.167931	-0.644615	-0.664932
0.419792	-0.167906	-0.643813	-0.664234
0.419744	-0.168888	-0.645701	-0.664020
0.419719	-0.168675	-0.644817	-0.664687
0.419695	-0.170192	-0.643816	-0.665554
0.419694	-0.171213	-0.643031	-0.666279
0.419732	-0.170743	-0.644862	-0.663835
0.419704	-0.172938	-0.644394	-0.665483
0.419684	-0.172928	-0.642371	-0.664907
0.419757	-0.174453	-0.643236	-0.664728
0.419737	-0.173612	-0.642254	-0.663731
0.419733	-0.170780	-0.643061	-0.666126
0.419715	-0.172557	-0.643103	-0.663042
0.419744	-0.171533	-0.641403	-0.664330
0.419771	-0.172849	-0.641308	-0.665326
0.419737	-0.172728	-0.640723	-0.665085
0.419709	-0.171595	-0.641876	-0.665222
0.419736	-0.171125	-0.642956	-0.663615
0.419721	-0.170768	-0.642504	-0.664912
0.419731	-0.170516	-0.644505	-0.663900
0.419721	-0.170485	-0.645584	-0.665079
0.419752	-0.170788	-0.643732	-0.665189
0.419757	-0.170336	-0.643877	-0.664510
0.419742	-0.170640	-0.644465	-0.665002
0.419732	-0.170709	-0.644983	-0.666422
0.419734	-0.170346	-0.644055	-0.665055
0.419684	-0.170116	-0.644739	-0.665748
0.419663	-0.170646	-0.644931	-0.666431
0.419773	-0.171301	-0.645272	-0.664781
0.419654	-0.171113	-0.643160	-0.664707
0.419747	-0.172051	-0.642184	-0.665230
0.419657	-0.171626	-0.642382	-0.663841
0.419749	-0.171100	-0.643122	-0.665027
0.419615	-0.173749	-0.642980	-0.664566
0.419961	-0.173549	-0.643961	-0.665171
0.416843	-0.172707	-0.642469	-0.665757
0.413945	-0.175049	-0.642042	-0.664807
0.418039	-0.174136	-0.642276	-0.665153
0.419948	-0.173580	-0.639388	-0.664967
0.419575	-0.174211	-0.641463	-0.666028
0.419792	-0.175722	-0.643610	-0.665451
0.419738	-0.175732	-0.642878	-0.664674
0.419784	-0.174994	-0.641981	-0.665114
0.419677	-0.175449	-0.642645	-0.663042
0.419749	-0.175041	-0.643906	-0.664333
0.419683	-0.174100	-0.643472	-0.664512
0.419733	-0.175885	-0.641312	-0.664439
0.419702	-0.172991	-0.641631	-0.664754
0.419758	-0.172854	-0.642813	-0.664219
0.419638	-0.172476	-0.643657	-0.664466
0.419820	-0.170149	-0.641853	-0.664606
0.419633	-0.171589	-0.643650	-0.663575
0.419961	-0.170931	-0.645623	-0.664107
0.418695	-0.171051	-0.644645	-0.665123
0.414613	-0.172003	-0.643716	-0.664277
0.414729	-0.169461	-0.643004	-0.665371
0.414569	-0.171589	-0.643155	-0.665255
0.414750	-0.171932	-0.642824	-0.664566
0.414652	-0.172976	-0.642118	-0.664992
0.414667	-0.171589	-0.642336	-0.664995
0.414562	-0.171680	-0.643388	-0.664737
0.414760	-0.171620	-0.641352	-0.664763
0.414638	-0.172589	-0.640768	-0.664682
0.414671	-0.172938	-0.640681	-0.664672
0.414665	-0.173067	-0.640522	-0.664029
0.414643	-0.174315	-0.639946	-0.665270
0.414643	-0.173504	-0.639693	-0.664848
0.414657	-0.174349	-0.640595	-0.663609
0.414613	-0.172923	-0.640203	-0.664784
0.414573	-0.174736	-0.639700	-0.664580
0.414648	-0.174057	-0.640680	-0.664999
0.414660	-0.173886	-0.641110	-0.664155
0.414612	-0.173520	-0.638244	-0.663590
0.414635	-0.173857	-0.639599	-0.663215
0.414682	-0.175645	-0.640414	-0.664367
0.414679	-0.174060	-0.639909	-0.663724
0.414705	-0.174614	-0.639794	-0.662497
0.414621	-0.175173	-0.637622	-0.664895
0.414637	-0.174603	-0.638665	-0.665535
0.414611	-0.175592	-0.640367	-0.662375
0.414626	-0.173762	-0.639632	-0.664837
0.414675	-0.174161	-0.640007	-0.664722
0.414597	-0.175111	-0.641745	-0.664847
0.414658	-0.175080	-0.639503	-0.665190
0.414638	-0.175437	-0.640518	-0.664615
0.414610	-0.173647	-0.638670	-0.663927
0.414720	-0.173199	-0.637383	-0.664083
0.414656	-0.174917	-0.641849	-0.665373
0.414632	-0.173898	-0.640873	-0.665118
0.414667	-0.172241	-0.641475	-0.664003
0.414656	-0.172186	-0.643688	-0.665814
0.414685	-0.172662	-0.641995	-0.666650
0.414582	-0.173241	-0.643925	-0.665070
0.414668	-0.171131	-0.644288	-0.665045
0.414675	-0.169521	-0.643104	-0.665466
0.414567	-0.171355	-0.644637	-0.664333
0.414666	-0.170996	-0.643533	-0.665506
0.414686	-0.173429	-0.641290	-0.665614
0.414632	-0.174111	-0.643264	-0.664461
0.414670	-0.172345	-0.643352	-0.665877
0.414715	-0.173814	-0.642599	-0.665527
0.414657	-0.172695	-0.642413	-0.665287
0.414569	-0.171742	-0.642702	-0.665862
0.414677	-0.171211	-0.642537	-0.664039
0.414630	-0.172644	-0.642902	-0.664751
0.414720	-0.173061	-0.643054	-0.664601
0.414612	-0.173080	-0.642835	-0.664682
0.414587	-0.172127	-0.642397	-0.665052
0.414667	-0.172921	-0.643457	-0.663946
0.414675	-0.170297	-0.644608	-0.663455
0.414648	-0.171694	-0.643277	-0.663979
0.414610	-0.171287	-0.641888	-0.664301
0.414677	-0.171929	-0.642997	-0.664853
0.414630	-0.171248	-0.642918	-0.664553
0.414608	-0.170522	-0.644587	-0.664703
0.414714	-0.171912	-0.644068	-0.664724
0.414692	-0.170058	-0.644504	-0.664413
0.414673	-0.169919	-0.646537	-0.664599
0.414630	-0.170195	-0.646750	-0.664496
0.414734	-0.169285	-0.645336	-0.666248
0.414630	-0.167680	-0.646866	-0.665154
0.414685	-0.170313	-0.647556	-0.665081
0.414745	-0.168659	-0.647868	-0.663935
0.414645	-0.168331	-0.648135	-0.664490
0.414610	-0.167311	-0.647584	-0.664149
0.414642	-0.167137	-0.649542	-0.664687
0.414640	-0.167232	-0.650338	-0.664497
0.414599	-0.166749	-0.650209	-0.664026
0.414705	-0.166478	-0.650889	-0.664489
0.414675	-0.166349	-0.652907	-0.666801
0.414656	-0.166790	-0.651566	-0.664471
0.414647	-0.166035	-0.652242	-0.665552
0.414702	-0.166387	-0.652842	-0.665995
0.414679	-0.167323	-0.653514	-0.662966
0.414676	-0.167556	-0.651666	-0.664613
0.414661	-0.169825	-0.650794	-0.664915
0.414695	-0.172058	-0.650943	-0.665644
0.414675	-0.171281	-0.651165	-0.664375
0.414690	-0.171091	-0.650787	-0.664955
0.414643	-0.173399	-0.649778	-0.665960
0.414712	-0.171863	-0.646884	-0.664382
0.414671	-0.172801	-0.648118	-0.663550
0.414730	-0.173343	-0.648532	-0.666081
0.414662	-0.173323	-0.646106	-0.664436
0.414673	-0.173105	-0.647845	-0.665105
0.414679	-0.172428	-0.644574	-0.665978
0.414652	-0.173423	-0.647474	-0.664837
0.414637	-0.170395	-0.647995	-0.664326
0.414653	-0.171740	-0.645859	-0.665383
0.414662	-0.170992	-0.646999	-0.665049
0.414700	-0.172535	-0.647475	-0.663005
0.414598	-0.170235	-0.648514	-0.663543
0.414627	-0.172826	-0.647438	-0.663994
0.414630	-0.172197	-0.648427	-0.665279
0.414675	-0.169937	-0.648344	-0.665993
0.414650	-0.170021	-0.647533	-0.665567
0.414679	-0.171366	-0.649161	-0.664107
0.414653	-0.170377	-0.647571	-0.665235
0.414682	-0.174731	-0.645557	-0.666723
0.414653	-0.174218	-0.646978	-0.664759
0.414616	-0.173379	-0.646802	-0.664058
0.414704	-0.175894	-0.644910	-0.664108
0.414620	-0.176008	-0.644275	-0.664107
0.414694	-0.175121	-0.646265	-0.664471
0.414582	-0.176570	-0.644231	-0.665356
0.414677	-0.176749	-0.643757	-0.665090
0.414672	-0.177275	-0.644617	-0.665824
0.414630	-0.175399	-0.643228	-0.664282
0.414656	-0.175787	-0.643105	-0.665054
0.414696	-0.175329	-0.642655	-0.662810
0.414597	-0.174445	-0.642902	-0.664093
0.414732	-0.173219	-0.642524	-0.666706
0.414599	-0.173104	-0.643318	-0.662894
0.414628	-0.172048	-0.645532	-0.664880
0.414695	-0.173240	-0.644308	-0.664585
0.414735	-0.172491	-0.642175	-0.665004
0.414677	-0.173448	-0.642970	-0.664863
0.414676	-0.172143	-0.644292	-0.663167
0.414562	-0.172668	-0.645800	-0.664470
0.414741	-0.171366	-0.645611	-0.664730
0.414227	-0.171071	-0.645237	-0.663924
0.409965	-0.170292	-0.644523	-0.665257
0.409648	-0.170132	-0.644818	-0.663623
0.409743	-0.169884	-0.645869	-0.664927
0.409580	-0.168630	-0.644350	-0.664252
0.409687	-0.167720	-0.645088	-0.663771
0.409638	-0.167291	-0.645063	-0.665022
0.409756	-0.168291	-0.644276	-0.666487
0.409610	-0.167617	-0.644357	-0.665293
0.409652	-0.168067	-0.644165	-0.664130
0.409566	-0.168644	-0.643884	-0.665750
0.409746	-0.168825	-0.644410	-0.664248
0.409550	-0.169059	-0.643262	-0.664130
0.409874	-0.171158	-0.643624	-0.663728
0.409240	-0.171166	-0.644989	-0.664999
0.412353	-0.171957	-0.642436	-0.665368
0.415064	-0.172287	-0.644247	-0.665184
0.414329	-0.174241	-0.642744	-0.664976
0.414904	-0.173962	-0.642189	-0.664768
0.414490	-0.175171	-0.643084	-0.665704
0.414732	-0.174890	-0.640247	-0.664264
0.414544	-0.175034	-0.639565	-0.663620
0.414741	-0.175417	-0.639300	-0.664135
0.414548	-0.174543	-0.638680	-0.665656
0.414801	-0.174062	-0.637750	-0.664613
0.414603	-0.173085	-0.637908	-0.665025
0.414766	-0.172905	-0.637674	-0.665997
0.414593	-0.172217	-0.637532	-0.663801
0.414837	-0.171347	-0.637457	-0.664221
0.413977	-0.171946	-0.639719	-0.664080
0.409738	-0.171471	-0.638320	-0.663877
0.409665	-0.173604	-0.638128	-0.663074
0.409643	-0.171749	-0.638897	-0.666213
0.409759	-0.173803	-0.638755	-0.663932
0.409714	-0.173996	-0.638244	-0.664520
0.409654	-0.173121	-0.637927	-0.665099
0.409702	-0.173226	-0.637462	-0.664644
0.409694	-0.175196	-0.638362	-0.664332
0.409678	-0.172488	-0.638422	-0.664108
0.409642	-0.172501	-0.638679	-0.665150
0.409647	-0.173966	-0.637715	-0.663865
0.409604	-0.172858	-0.639389	-0.664436
0.409667	-0.173920	-0.637994	-0.664961
0.409640	-0.173288	-0.639030	-0.664589
0.409664	-0.174076	-0.639236	-0.663900
0.409667	-0.173147	-0.638150	-0.663644
0.409680	-0.172648	-0.638637	-0.664447
0.409688	-0.172495	-0.638372	-0.665029
0.409611	-0.174074	-0.638108	-0.664977
0.409613	-0.173433	-0.638651	-0.663816
0.409642	-0.171454	-0.639434	-0.663718
0.409664	-0.172239	-0.638813	-0.663934
0.409653	-0.171038	-0.639706	-0.664712
0.409662	-0.170837	-0.640072	-0.664445
0.409621	-0.170581	-0.642045	-0.665591
0.409611	-0.170922	-0.641401	-0.665814
0.409713	-0.171570	-0.640904	-0.664799
0.409718	-0.171488	-0.642267	-0.664401
0.409652	-0.169422	-0.640534	-0.664244
0.409631	-0.168869	-0.640827	-0.664400
0.409649	-0.170001	-0.642440	-0.665392
0.409644	-0.171213	-0.641140	-0.664273
0.409677	-0.170711	-0.639333	-0.663693
0.409698	-0.171145	-0.641124	-0.665059
0.409683	-0.171626	-0.641448	-0.664910
0.409649	-0.171221	-0.639918	-0.665635
0.409733	-0.171241	-0.641863	-0.664931
0.409596	-0.170974	-0.641697	-0.664271
0.409677	-0.172035	-0.641421	-0.665524
0.409630	-0.172262	-0.642207	-0.664763
0.409731	-0.171772	-0.641526	-0.664099
0.409674	-0.172357	-0.642898	-0.666251
0.409718	-0.171351	-0.641032	-0.663787
0.409708	-0.171240	-0.642172	-0.664856
0.409621	-0.172165	-0.641724	-0.664905
0.409628	-0.169771	-0.643019	-0.664891
0.409659	-0.170497	-0.643109	-0.665223
0.409689	-0.169907	-0.645208	-0.665379
0.409648	-0.170240	-0.644585	-0.663692
0.409733	-0.171658	-0.646116	-0.664594
0.409647	-0.169570	-0.647435	-0.663656
0.409660	-0.170918	-0.645211	-0.664660
0.409625	-0.170569	-0.646726	-0.663342
0.409708	-0.171828	-0.644780	-0.664650
0.409643	-0.171948	-0.643417	-0.663718
0.409640	-0.171280	-0.643643	-0.664346
0.409693	-0.174122	-0.643989	-0.664575
0.409628	-0.174408	-0.643254	-0.665614
0.409726	-0.173707	-0.644404	-0.663932
0.409593	-0.175927	-0.643762	-0.663345
0.409675	-0.175034	-0.643926	-0.664323
0.409655	-0.174703	-0.644593	-0.664466
0.409662	-0.174115	-0.646752	-0.665265
0.409593	-0.173585	-0.645039	-0.663929
0.409738	-0.174420	-0.645886	-0.664373
0.409705	-0.174688	-0.645731	-0.663083
0.409579	-0.174354	-0.646223	-0.666001
0.409657	-0.174669	-0.646703	-0.663729
0.409705	-0.175305	-0.645553	-0.664697
0.409682	-0.175504	-0.646564	-0.663860
0.409650	-0.175773	-0.645925	-0.664132
0.409662	-0.173946	-0.645986	-0.663553
0.409705	-0.174109	-0.645611	-0.664595
0.409631	-0.174745	-0.646236	-0.664742
0.409688	-0.173651	-0.646874	-0.665392
0.409690	-0.172809	-0.647522	-0.665391
0.409650	-0.172555	-0.647779	-0.665441
0.409633	-0.172332	-0.648625	-0.665037
0.409674	-0.172350	-0.648746	-0.665873
0.409711	-0.172200	-0.648626	-0.666577
0.409689	-0.172316	-0.647336	-0.664216
0.409614	-0.172434	-0.647943	-0.664670
0.409662	-0.171401	-0.646665	-0.664150
0.409640	-0.170022	-0.648047	-0.664347
0.409633	-0.170777	-0.649592	-0.664600
0.409727	-0.170178	-0.650220	-0.664054
0.409685	-0.170583	-0.648474	-0.664917
0.409682	-0.169895	-0.649867	-0.665287
0.409727	-0.168482	-0.651858	-0.665943
0.409634	-0.169492	-0.651645	-0.665334
0.409643	-0.168700	-0.652911	-0.664717
0.409692	-0.169298	-0.654080	-0.664228
0.409689	-0.168157	-0.652693	-0.665995
0.409669	-0.168202	-0.653496	-0.665076
0.409659	-0.167481	-0.653928	-0.664616
0.409688	-0.168198	-0.652570	-0.663107
0.409697	-0.166464	-0.654095	-0.664054
0.409652	-0.167705	-0.653858	-0.665208
0.409650	-0.167323	-0.653233	-0.663817
0.409690	-0.167354	-0.653912	-0.665701
0.409731	-0.166324	-0.654455	-0.663955
0.409680	-0.165767	-0.655351	-0.664219
0.409697	-0.166074	-0.654395	-0.664130
0.409639	-0.165459	-0.655202	-0.663192
0.409655	-0.166044	-0.653192	-0.664045
0.409689	-0.166165	-0.654665	-0.664134
0.409648	-0.167855	-0.653437	-0.662855
0.409709	-0.168485	-0.652893	-0.664325
0.409615	-0.169469	-0.650244	-0.664232
0.409774	-0.170047	-0.650797	-0.664540
0.409747	-0.170688	-0.651101	-0.661962
0.409658	-0.171412	-0.650520	-0.664611
0.409693	-0.171991	-0.649780	-0.664694
0.409589	-0.171245	-0.649687	-0.664112
0.409633	-0.173091	-0.650852	-0.664080
0.409658	-0.173572	-0.649760	-0.663663
0.409697	-0.175447	-0.649487	-0.663645
0.409581	-0.175592	-0.647984	-0.665397
0.409657	-0.175766	-0.647009	-0.665903
0.409673	-0.175318	-0.646955	-0.665530
0.409695	-0.175577	-0.648395	-0.664732
0.409731	-0.175450	-0.647178	-0.665720
0.409682	-0.176038	-0.647410	-0.664198
0.409643	-0.175125	-0.646983	-0.663996
0.409689	-0.176721	-0.645352	-0.665014
0.409732	-0.177085	-0.643764	-0.665247
0.409664	-0.177195	-0.645212	-0.664464
0.409600	-0.176633	-0.642195	-0.665349
0.409721	-0.178522	-0.640678	-0.664689
0.409642	-0.178730	-0.641608	-0.664935
0.409693	-0.179192	-0.639878	-0.664233
0.409703	-0.177915	-0.641287	-0.665085
0.409663	-0.179108	-0.641680	-0.665996
0.409679	-0.180053	-0.641877	-0.663359
0.409709	-0.179515	-0.641347	-0.664351
0.409685	-0.179470	-0.640833	-0.663806
0.409642	-0.180629	-0.639279	-0.664238
0.409674	-0.182175	-0.637596	-0.663270
0.409699	-0.180374	-0.637112	-0.662364
0.409693	-0.181899	-0.638032	-0.665435
0.409655	-0.181743	-0.637116	-0.664590
0.409727	-0.180525	-0.635671	-0.665101
0.409678	-0.178977	-0.636963	-0.664635
0.409797	-0.181052	-0.637180	-0.665501
0.409606	-0.181135	-0.638125	-0.664743
0.409737	-0.180494	-0.639391	-0.664212
0.409593	-0.180012	-0.638542	-0.664663
0.409830	-0.179293	-0.638662	-0.664605
0.409437	-0.178373	-0.637236	-0.664921
0.410029	-0.179590	-0.636878	-0.663248
0.407114	-0.181235	-0.637800	-0.664261
0.404252	-0.181596	-0.636922	-0.664267
0.404860	-0.184455	-0.635484	-0.665144
0.404517	-0.186652	-0.633379	-0.664883
0.404763	-0.186507	-0.632769	-0.663198
0.404618	-0.187252	-0.633612	-0.664861
0.404748	-0.186887	-0.632325	-0.663422
0.404523	-0.188753	-0.630778	-0.663215
0.404660	-0.188647	-0.632405	-0.664629
0.404656	-0.188609	-0.630095	-0.664229
0.404640	-0.189744	-0.629085	-0.664553
0.404620	-0.190716	-0.629851	-0.664568
0.404613	-0.190255	-0.629713	-0.664897
0.404691	-0.192256	-0.628360	-0.664343
0.404726	-0.192703	-0.628132	-0.665473
0.404652	-0.192602	-0.627452	-0.664500
0.404636	-0.193006	-0.626260	-0.664574
0.404702	-0.192699	-0.625701	-0.663776
0.404630	-0.192150	-0.626081	-0.663721
0.404647	-0.193475	-0.626650	-0.665046
0.404566	-0.192178	-0.627065	-0.663653
0.404637	-0.192690	-0.625595	-0.664827
0.404574	-0.192451	-0.625472	-0.662829
0.404682	-0.191968	-0.626909	-0.664469
0.404576	-0.193662	-0.626847	-0.663634
0.404691	-0.193527	-0.627244	-0.665508
0.404450	-0.193216	-0.626642	-0.663515
0.404799	-0.193987	-0.627080	-0.664308
0.404391	-0.192374	-0.624989	-0.664412
0.405033	-0.192871	-0.626024	-0.664801
0.401704	-0.193370	-0.625798	-0.665521
0.399126	-0.191221	-0.625464	-0.662900
0.399772	-0.191520	-0.626711	-0.664564
0.399363	-0.191638	-0.627869	-0.664477
0.399561	-0.190069	-0.626034	-0.662956
0.399494	-0.190542	-0.626440	-0.663761
0.399606	-0.189358	-0.628651	-0.663647
0.399415	-0.188577	-0.626954	-0.664417
0.399659	-0.186716	-0.626163	-0.664436
0.399456	-0.188656	-0.627171	-0.663563
0.399662	-0.187120	-0.626873	-0.664416
0.399445	-0.187930	-0.628882	-0.665412
0.399609	-0.187552	-0.627141	-0.664208
0.399485	-0.189237	-0.627159	-0.663694
0.399561	-0.190557	-0.626707	-0.664426
0.399529	-0.189445	-0.625328	-0.664673
0.399560	-0.188851	-0.623924	-0.663744
0.399482	-0.189745	-0.626447	-0.664990
0.399588	-0.188828	-0.626784	-0.664232
0.399550	-0.188979	-0.626951	-0.663027
0.399500	-0.187866	-0.625123	-0.664193
0.399485	-0.187446	-0.627270	-0.665064
0.399561	-0.187885	-0.626662	-0.663585
0.399511	-0.186243	-0.628230	-0.663161
0.399525	-0.186618	-0.627045	-0.664631
0.399542	-0.189079	-0.627011	-0.664474
0.399512	-0.186830	-0.627874	-0.664657
0.399450	-0.187423	-0.628580	-0.664434
0.399391	-0.187814	-0.627829	-0.664214
0.399588	-0.187651	-0.627407	-0.663168
0.399481	-0.187597	-0.627159	-0.665180
0.399522	-0.189064	-0.626443	-0.665099
0.399516	-0.187837	-0.626509	-0.663833
0.399623	-0.187775	-0.628308	-0.664511
0.399526	-0.187213	-0.627151	-0.663387
0.399586	-0.187625	-0.626308	-0.664457
0.399389	-0.186865	-0.626730	-0.664953
0.399822	-0.185225	-0.627962	-0.662951
0.398441	-0.184911	-0.629343	-0.664338
0.394425	-0.186189	-0.629873	-0.664209
0.394674	-0.185027	-0.630510	-0.663470
0.394416	-0.183731	-0.630496	-0.663407
0.394583	-0.183872	-0.630842	-0.664912
0.394444	-0.183905	-0.630382	-0.664887
0.394601	-0.183704	-0.632355	-0.664490
0.394502	-0.182128	-0.632551	-0.662909
0.394518	-0.184100	-0.633415	-0.665103
0.394517	-0.181415	-0.631713	-0.665866
0.394509	-0.181191	-0.634203	-0.663884
0.394564	-0.182429	-0.631929	-0.664682
0.394548	-0.181021	-0.632368	-0.664737
0.394485	-0.181305	-0.634085	-0.664159
0.394504	-0.182121	-0.633642	-0.666685
0.394527	-0.182365	-0.633414	-0.664437
0.394534	-0.181541	-0.633971	-0.663826
0.394546	-0.180908	-0.632935	-0.665316
0.394595	-0.181387	-0.634156	-0.663540
0.394470	-0.180909	-0.635559	-0.664623
0.394548	-0.180828	-0.635043	-0.663733
0.394443	-0.182098	-0.635263	-0.665332
0.394534	-0.181355	-0.634846	-0.663983
0.394497	-0.182282	-0.634381	-0.663292
0.394518	-0.184026	-0.631187	-0.664679
0.394509	-0.183706	-0.631128	-0.663192
0.394583	-0.185716	-0.631664	-0.664190
0.394571	-0.185591	-0.633182	-0.664464
0.394533	-0.185607	-0.631418	-0.664355
0.394543	-0.185154	-0.632554	-0.664019
0.394500	-0.184636	-0.633989	-0.664419
0.394508	-0.181896	-0.633602	-0.664665
0.394541	-0.182607	-0.632573	-0.664198
0.394532	-0.183861	-0.634167	-0.664415
0.394554	-0.183956	-0.634303	-0.665640
0.394487	-0.181938	-0.634983	-0.663459
0.394484	-0.182249	-0.636427	-0.665389
0.394499	-0.181470	-0.635785	-0.664219
0.394552	-0.184045	-0.635969	-0.663902
0.394484	-0.183221	-0.637586	-0.665378
0.394503	-0.182773	-0.636329	-0.665176
0.394503	-0.182285	-0.636722	-0.663949
0.394454	-0.181744	-0.636306	-0.663976
0.394495	-0.183569	-0.635934	-0.664822
0.394559	-0.181698	-0.637026	-0.662707
0.394529	-0.182679	-0.636750	-0.663708
0.394542	-0.182592	-0.636798	-0.664605
0.394547	-0.183500	-0.634374	-0.664893
0.394529	-0.182703	-0.635203	-0.662690
0.394537	-0.182604	-0.635132	-0.666159
0.394539	-0.182508	-0.634164	-0.665633
0.394557	-0.182904	-0.636236	-0.662097
0.394487	-0.184020	-0.636939	-0.665685
0.394503	-0.183593	-0.635722	-0.665030
0.394500	-0.183903	-0.637325	-0.665024
0.394503	-0.184120	-0.637062	-0.664107
0.394563	-0.182146	-0.636825	-0.662542
0.394600	-0.182713	-0.636578	-0.664362
0.394561	-0.181611	-0.638028	-0.663189
0.394561	-0.181590	-0.637395	-0.664735
0.394554	-0.180507	-0.637182	-0.665297
0.394497	-0.179962	-0.638454	-0.664257
0.394492	-0.179095	-0.640574	-0.663352
0.394561	-0.178694	-0.640913	-0.663550
0.394462	-0.179347	-0.641486	-0.663664
0.394541	-0.178415	-0.641104	-0.662765
0.394562	-0.178447	-0.640344	-0.665651
0.394508	-0.178899	-0.639723	-0.663998
0.394562	-0.178794	-0.639695	-0.663465
0.394533	-0.180501	-0.638202	-0.663867
0.394512	-0.179696	-0.639325	-0.663919
0.394533	-0.179650	-0.640749	-0.665546
0.394517	-0.180862	-0.640144	-0.665071
0.394533	-0.181312	-0.641645	-0.665181
0.394531	-0.180182	-0.641886	-0.663845
0.394576	-0.181286	-0.639347	-0.664935
0.394546	-0.182839	-0.641777	-0.663662
0.394568	-0.181694	-0.641765	-0.665059
0.394497	-0.181332	-0.640946	-0.663969
0.394579	-0.181243	-0.639587	-0.665050
0.394542	-0.180246	-0.640931	-0.665178
0.394524	-0.180278	-0.638820	-0.664307
0.394547	-0.180649	-0.637826	-0.664368
0.394553	-0.181067	-0.636860	-0.663896
0.394513	-0.180076	-0.637868	-0.663785
0.394497	-0.180112	-0.638743	-0.663950
0.394591	-0.180563	-0.638125	-0.664311
0.394613	-0.179259	-0.638142	-0.663509
0.394497	-0.181939	-0.639991	-0.664519
0.394553	-0.180646	-0.640730	-0.663312
0.394484	-0.182082	-0.638855	-0.663676
0.394526	-0.182664	-0.639284	-0.664274
0.394568	-0.183936	-0.640129	-0.665952
0.394487	-0.183955	-0.637222	-0.664020
0.394502	-0.184843	-0.636557	-0.664257
0.394499	-0.185215	-0.636746	-0.664550
0.394529	-0.184801	-0.636215	-0.663384
0.394497	-0.184767	-0.637168	-0.664880
0.394487	-0.184064	-0.636521	-0.665022
0.394518	-0.186561	-0.636794	-0.664629
0.394578	-0.186661	-0.637324	-0.663742
0.394544	-0.184656	-0.636771	-0.663248
0.394558	-0.184687	-0.636943	-0.661806
0.394556	-0.184321	-0.635841	-0.663632
0.394489	-0.183975	-0.637304	-0.665388
0.394534	-0.183846	-0.637260	-0.664041
0.394537	-0.183211	-0.637068	-0.664373
0.394559	-0.183369	-0.640341	-0.664781
0.394543	-0.182262	-0.637879	-0.664342
0.394552	-0.181201	-0.636955	-0.664585
0.394482	-0.179821	-0.639184	-0.663821
0.394536	-0.180374	-0.639294	-0.663025
0.394597	-0.179381	-0.639384	-0.663704
0.394531	-0.178851	-0.638875	-0.662993
0.394507	-0.179963	-0.637922	-0.663979
0.394504	-0.178980	-0.639075	-0.663342
0.394521	-0.180223	-0.635983	-0.665253
0.394541	-0.181594	-0.637686	-0.663899
0.394636	-0.181029	-0.636093	-0.663582
0.394519	-0.180860	-0.636582	-0.663972
0.394418	-0.181554	-0.635993	-0.664356
0.394514	-0.180173	-0.637759	-0.665408
0.394557	-0.178064	-0.637894	-0.664386
0.394596	-0.177458	-0.638359	-0.664991
0.394458	-0.175294	-0.639389	-0.664183
0.394601	-0.176168	-0.639362	-0.663914
0.394484	-0.174719	-0.640417	-0.664415
0.394551	-0.175382	-0.638207	-0.665730
0.394499	-0.173896	-0.640248	-0.663826
0.394523	-0.173902	-0.639977	-0.663597
0.394561	-0.175397	-0.638734	-0.661884
0.394579	-0.173008	-0.638806	-0.664207
0.394513	-0.175414	-0.637887	-0.664104
0.394573	-0.174019	-0.637162	-0.664647
0.394487	-0.175835	-0.638244	-0.665135
0.394494	-0.174572	-0.640510	-0.662698
0.394595	-0.175059	-0.638100	-0.662702
0.394528	-0.175239	-0.639071	-0.662862
0.394543	-0.177275	-0.636828	-0.663653
0.394595	-0.177442	-0.636826	-0.664425
0.394452	-0.176907	-0.635519	-0.664565
0.395000	-0.175514	-0.636399	-0.664218
0.399347	-0.175597	-0.635549	-0.664816
0.399553	-0.175310	-0.636218	-0.663801
0.399615	-0.175188	-0.635487	-0.663995
0.399569	-0.174808	-0.634460	-0.663996
0.399536	-0.175589	-0.636279	-0.662993
0.399573	-0.177881	-0.636000	-0.663060
0.399575	-0.175468	-0.633145	-0.664916
0.399522	-0.175819	-0.634107	-0.665057
0.399553	-0.177182	-0.634550	-0.663949
0.399563	-0.176134	-0.633548	-0.661816
0.399595	-0.177714	-0.633404	-0.663174
0.399484	-0.178571	-0.632229	-0.664922
0.399595	-0.177530	-0.633851	-0.662785
0.399623	-0.177976	-0.635183	-0.663332
0.399546	-0.176740	-0.632875	-0.664595
0.399563	-0.178410	-0.633985	-0.664439
0.399689	-0.177465	-0.633694	-0.663590
0.399537	-0.178042	-0.634074	-0.664615
0.399588	-0.177542	-0.631347	-0.663592
0.399487	-0.177622	-0.631455	-0.664540
0.399539	-0.178103	-0.631571	-0.664013
0.399591	-0.176721	-0.631103	-0.665296
0.399570	-0.177914	-0.631435	-0.663615
0.399520	-0.178192	-0.631777	-0.663782
0.399534	-0.180156	-0.632103	-0.664209
0.399531	-0.178485	-0.632115	-0.664233
0.399529	-0.177879	-0.631872	-0.663807
0.399575	-0.180918	-0.632440	-0.664466
0.399549	-0.179393	-0.632020	-0.665442
0.399539	-0.182386	-0.630629	-0.663791
0.399556	-0.181374	-0.629780	-0.665554
0.399591	-0.181117	-0.631415	-0.662906
0.399515	-0.182160	-0.630067	-0.665308
0.399550	-0.184356	-0.628442	-0.664893
0.399534	-0.184519	-0.627715	-0.663942
0.399569	-0.184010	-0.627057	-0.663939
0.399502	-0.182530	-0.628312	-0.663718
0.399593	-0.185448	-0.627933	-0.664424
0.399581	-0.182814	-0.627105	-0.664460
0.399504	-0.184233	-0.627362	-0.663166
0.399585	-0.185250	-0.629309	-0.664584
0.399540	-0.182022	-0.626971	-0.662787
0.399504	-0.183206	-0.628076	-0.664431
0.399596	-0.181907	-0.629749	-0.663634
0.399632	-0.183688	-0.629965	-0.663870
0.399516	-0.182627	-0.629597	-0.663531
0.399594	-0.182599	-0.631415	-0.663117
0.399463	-0.182127	-0.629529	-0.664553
0.399494	-0.183090	-0.630832	-0.663977
0.399606	-0.180825	-0.630660	-0.664026
0.399608	-0.183007	-0.629807	-0.662773
0.399553	-0.182718	-0.631520	-0.664398
0.399545	-0.181683	-0.630626	-0.664093
0.399477	-0.182921	-0.630646	-0.664446
0.399564	-0.183881	-0.632910	-0.663757
0.399609	-0.184285	-0.632080	-0.664415
0.399475	-0.183464	-0.630933	-0.664095
0.399544	-0.186749	-0.632269	-0.663739
0.399564	-0.185747	-0.632303	-0.663853
0.399604	-0.185537	-0.632177	-0.663617
0.399507	-0.184931	-0.630881	-0.662880
0.399542	-0.185989	-0.630928	-0.663335
0.399527	-0.183017	-0.632078	-0.664553
0.399532	-0.183719	-0.632185	-0.662854
0.399487	-0.183824	-0.631044	-0.663642
0.399549	-0.181412	-0.632263	-0.663585
0.399649	-0.180306	-0.632944	-0.663440
0.399558	-0.180310	-0.633708	-0.664441
0.399537	-0.179416	-0.634870	-0.663013
0.399515	-0.178364	-0.634731	-0.663449
0.399542	-0.178860	-0.635715	-0.663486
0.399517	-0.178392	-0.636059	-0.662297
0.399621	-0.177384	-0.635781	-0.664611
0.399556	-0.177712	-0.637961	-0.663173
0.399547	-0.179209	-0.636732	-0.664439
0.399534	-0.177979	-0.638092	-0.663221
0.399521	-0.176965	-0.637763	-0.662663
0.399512	-0.177878	-0.635893	-0.662852
0.399556	-0.178162	-0.637087	-0.664004
0.399475	-0.176444	-0.637824	-0.663233
0.399540	-0.176344	-0.638606	-0.664251
0.399553	-0.175109	-0.637618	-0.664761
0.399585	-0.173404	-0.638155	-0.664570
0.399585	-0.173356	-0.639120	-0.664558
0.399489	-0.174733	-0.639416	-0.664975
0.399534	-0.173784	-0.641447	-0.663584
0.399576	-0.172851	-0.641985	-0.663811
0.399551	-0.172604	-0.640130	-0.664454
0.399517	-0.172498	-0.641184	-0.664674
0.399517	-0.171927	-0.640867	-0.663952
0.399470	-0.171024	-0.641198	-0.664043
0.399532	-0.169534	-0.643043	-0.663831
0.399574	-0.171708	-0.643358	-0.663900
0.399569	-0.170223	-0.641883	-0.664434
0.399519	-0.172754	-0.641863	-0.663917
0.399501	-0.172053	-0.641793	-0.663741
0.399551	-0.172369	-0.640628	-0.663979
0.399614	-0.172530	-0.639918	-0.663637
0.399542	-0.172421	-0.640600	-0.663247
0.399564	-0.173811	-0.641051	-0.665284
0.399527	-0.173554	-0.640656	-0.663456
0.399537	-0.173094	-0.639473	-0.665243
0.399626	-0.173747	-0.640878	-0.663536
0.399524	-0.175443	-0.638007	-0.664643
0.399581	-0.175743	-0.638857	-0.664718
0.399531	-0.174549	-0.640031	-0.664361
0.399601	-0.175976	-0.637971	-0.663882
0.399566	-0.176388	-0.637561	-0.664134
0.399524	-0.174599	-0.636798	-0.664189
0.399487	-0.178085	-0.637413	-0.664239
0.399526	-0.177933	-0.636415	-0.664432
0.399495	-0.175790	-0.636301	-0.663919
0.399507	-0.178267	-0.636096	-0.664029
0.399545	-0.177124	-0.635597	-0.663732
0.399615	-0.177515	-0.635354	-0.664994
0.399550	-0.176181	-0.635834	-0.664109
0.399579	-0.176585	-0.636509	-0.663872
0.399519	-0.176185	-0.636544	-0.663514
0.399566	-0.176968	-0.637225	-0.663236
0.399507	-0.176630	-0.637524	-0.665159
0.399517	-0.178098	-0.637582	-0.664474
0.399586	-0.178915	-0.637325	-0.662994
0.399544	-0.178790	-0.636869	-0.663426
0.399510	-0.180182	-0.636563	-0.663022
0.399516	-0.180514	-0.635886	-0.663907
0.399487	-0.180312	-0.635170	-0.665352
0.399510	-0.179437	-0.634666	-0.663390
0.399558	-0.177054	-0.636157	-0.662936
0.399510	-0.179917	-0.636561	-0.665175
0.399544	-0.178397	-0.636314	-0.664206
0.399535	-0.177659	-0.637399	-0.665919
0.399539	-0.178879	-0.638141	-0.664044
0.399593	-0.177384	-0.638204	-0.663172
0.399517	-0.177491	-0.635550	-0.663615
0.399542	-0.178087	-0.636380	-0.663805
0.399584	-0.177436	-0.635524	-0.663050
0.399476	-0.177020	-0.637276	-0.663836
0.399545	-0.178281	-0.635089	-0.665759
0.399465	-0.176787	-0.635750	-0.663976
0.399576	-0.177175	-0.636735	-0.664098
0.399517	-0.177610	-0.637232	-0.662801
0.399569	-0.176749	-0.636648	-0.663647
0.399519	-0.176661	-0.635661	-0.664675
0.399554	-0.175332	-0.637699	-0.663385
0.399530	-0.176521	-0.636084	-0.663767
0.399501	-0.176867	-0.636348	-0.664432
0.399535	-0.177287	-0.635642	-0.664248
0.399509	-0.175469	-0.635789	-0.662926
0.399537	-0.176541	-0.636052	-0.664832
0.399462	-0.174924	-0.637508	-0.663126
0.399510	-0.173861	-0.637380	-0.662706
0.399593	-0.173249	-0.637721	-0.663099
0.399570	-0.172459	-0.637720	-0.663604
0.399489	-0.171779	-0.638132	-0.663857
0.399594	-0.172977	-0.638654	-0.663940
0.399549	-0.171506	-0.638671	-0.663723
0.399657	-0.173936	-0.637546	-0.665076
0.399546	-0.172911	-0.639007	-0.663783
0.399524	-0.174412	-0.638245	-0.663741
0.399479	-0.173110	-0.637653	-0.662310
0.399546	-0.175976	-0.637118	-0.664168
0.399519	-0.173836	-0.638137	-0.663688
0.399515	-0.171601	-0.638595	-0.664877
0.399615	-0.172224	-0.638274	-0.665396
0.399529	-0.172175	-0.639057	-0.664288
0.399458	-0.173759	-0.640416	-0.663367
0.399864	-0.172933	-0.641725	-0.665245
0.404299	-0.172946	-0.640102	-0.664524
0.404679	-0.173767	-0.640658	-0.665265
0.404598	-0.175108	-0.639688	-0.664108
0.404646	-0.174060	-0.639393	-0.662658
0.404625	-0.175084	-0.637999	-0.663988
0.404605	-0.174583	-0.639570	-0.664539
0.404592	-0.175807	-0.638670	-0.664860
0.404645	-0.174183	-0.638857	-0.664925
0.404568	-0.175433	-0.639380	-0.662299
0.404612	-0.175551	-0.637846	-0.664033
0.404616	-0.174639	-0.639293	-0.665580
0.404709	-0.175544	-0.639710	-0.663815
0.404600	-0.174375	-0.639428	-0.664167
0.404559	-0.174062	-0.640300	-0.662435
0.404607	-0.174465	-0.640710	-0.664804
0.404662	-0.174623	-0.638893	-0.665619
0.404603	-0.175388	-0.637336	-0.664016
0.404660	-0.176979	-0.636697	-0.664626
0.404631	-0.176583	-0.636879	-0.662616
0.404591	-0.176824	-0.636989	-0.664476
0.404546	-0.175438	-0.637558	-0.663977
0.404660	-0.176250	-0.638147	-0.664662
0.404694	-0.177159	-0.638368	-0.664366
0.404638	-0.175428	-0.638941	-0.665418
0.404658	-0.175592	-0.639264	-0.663919
0.404615	-0.176367	-0.640876	-0.663970
0.404612	-0.176526	-0.638890	-0.664039
0.404682	-0.175904	-0.638814	-0.664754
0.404729	-0.175342	-0.640145	-0.664159
0.404602	-0.177687	-0.637999	-0.663972
0.404710	-0.176976	-0.640243	-0.664866
0.404623	-0.177232	-0.639615	-0.665197
0.404611	-0.179701	-0.638634	-0.663994
0.404672	-0.178149	-0.637521	-0.662522
0.404606	-0.177113	-0.636715	-0.664748
0.404666	-0.177303	-0.636732	-0.663860
0.404699	-0.177780	-0.637390	-0.664113
0.404646	-0.177443	-0.636475	-0.664381
0.404685	-0.178323	-0.636838	-0.664381
0.404621	-0.177284	-0.637034	-0.665000
0.404623	-0.177921	-0.637930	-0.662855
0.404606	-0.178874	-0.636160	-0.664074
0.404666	-0.179174	-0.638169	-0.664045
0.404695	-0.178192	-0.637117	-0.664254
0.404596	-0.176051	-0.637469	-0.663830
0.404721	-0.176586	-0.638047	-0.662890
0.404563	-0.176566	-0.638291	-0.663613
0.404671	-0.177040	-0.636558	-0.663127
0.404522	-0.175811	-0.635766	-0.664868
0.404741	-0.174171	-0.636589	-0.663597
0.404452	-0.174919	-0.636989	-0.664079
0.405030	-0.174166	-0.637939	-0.665524
0.401420	-0.173313	-0.638716	-0.663524
0.399193	-0.173630	-0.638926	-0.662956
0.399692	-0.173295	-0.640814	-0.664112
0.399486	-0.173851	-0.640376	-0.663693
0.399637	-0.173294	-0.640730	-0.663716
0.399525	-0.172713	-0.639847	-0.663855
0.399512	-0.174052	-0.639975	-0.664149
0.399565	-0.174091	-0.642808	-0.664014
0.399436	-0.173853	-0.641635	-0.664211
0.399679	-0.172483	-0.640341	-0.663496
0.399319	-0.173701	-0.642289	-0.663915
0.400537	-0.172933	-0.641907	-0.662864
0.404726	-0.174527	-0.640106	-0.665222
0.404484	-0.175219	-0.639985	-0.664365
0.404686	-0.172180	-0.640891	-0.663113
0.404578	-0.176139	-0.640665	-0.663835
0.404700	-0.172515	-0.641069	-0.664182
0.404615	-0.172476	-0.640525	-0.663827
0.404699	-0.174283	-0.641381	-0.664125
0.404603	-0.173698	-0.640231	-0.664529
0.404627	-0.175299	-0.641912	-0.662692
0.404646	-0.175965	-0.640236	-0.663118
0.404648	-0.176600	-0.639720	-0.664712
0.404584	-0.177169	-0.640585	-0.663638
0.404628	-0.178570	-0.637989	-0.663237
0.404586	-0.179415	-0.638818	-0.666185
0.404658	-0.179935	-0.636594	-0.662956
0.404623	-0.180203	-0.637804	-0.663204
0.404603	-0.181768	-0.637766	-0.663837
0.404635	-0.181475	-0.639399	-0.663025
0.404657	-0.181048	-0.638180	-0.664188
0.404569	-0.182540	-0.637681	-0.665290
0.404720	-0.181417	-0.637791	-0.662354
0.404621	-0.182178	-0.637364	-0.661437
0.404652	-0.182903	-0.635777	-0.663716
0.404603	-0.183533	-0.635985	-0.663444
0.404666	-0.183399	-0.635094	-0.664553
0.404641	-0.183544	-0.635621	-0.664160
0.404581	-0.184170	-0.636814	-0.664655
0.404633	-0.182678	-0.637103	-0.663440
0.404642	-0.183699	-0.638278	-0.663633
0.404653	-0.182567	-0.636706	-0.662385
0.404611	-0.182473	-0.639632	-0.663732
0.404600	-0.182836	-0.637694	-0.665131
0.404699	-0.183826	-0.636814	-0.665025
0.404588	-0.183773	-0.638150	-0.663211
0.404704	-0.182471	-0.638029	-0.665358
0.404510	-0.181699	-0.638063	-0.665180
0.404682	-0.178261	-0.638494	-0.663931
0.404483	-0.179035	-0.639040	-0.662934
0.404815	-0.178064	-0.638399	-0.664586
0.404440	-0.176473	-0.640245	-0.663540
0.404853	-0.175233	-0.639780	-0.662743
0.400797	-0.175726	-0.640701	-0.662914
0.399196	-0.174291	-0.641006	-0.665239
0.399708	-0.174564	-0.641438	-0.664287
0.399431	-0.174364	-0.640698	-0.663662
0.399679	-0.176620	-0.640653	-0.664865
0.399489	-0.175872	-0.641427	-0.664816
0.399584	-0.179292	-0.639121	-0.664958
0.399443	-0.183083	-0.638008	-0.664543
0.399673	-0.182261	-0.640190	-0.663557
0.399485	-0.183767	-0.637319	-0.664457
0.399596	-0.182816	-0.634065	-0.664075
0.399535	-0.185218	-0.635690	-0.663529
0.399479	-0.184198	-0.635561	-0.663592
0.399595	-0.184331	-0.634780	-0.665402
0.399547	-0.185166	-0.636162	-0.664257
0.399603	-0.185710	-0.635255	-0.662111
0.399457	-0.185357	-0.633218	-0.663749
0.399591	-0.186150	-0.634570	-0.664774
0.399447	-0.185601	-0.633179	-0.663198
0.399704	-0.186156	-0.631806	-0.664679
0.399401	-0.189612	-0.630804	-0.662910
0.399801	-0.189771	-0.630610	-0.663752
0.399172	-0.189773	-0.629526	-0.664343
0.401351	-0.191939	-0.629713	-0.664634
0.404961	-0.192324	-0.628151	-0.664170
0.404542	-0.193339	-0.628542	-0.663419
0.404689	-0.194607	-0.627498	-0.663113
0.404596	-0.192898	-0.628226	-0.664183
0.400493	-0.192420	-0.628745	-0.664197
0.399317	-0.193842	-0.627028	-0.663083
0.399734	-0.194025	-0.627755	-0.664439
0.399405	-0.193379	-0.626823	-0.663361
0.399677	-0.194126	-0.624880	-0.664772
0.399461	-0.191099	-0.623765	-0.662628
0.399619	-0.192801	-0.627066	-0.662082
0.399479	-0.189418	-0.626235	-0.664222
0.399588	-0.190631	-0.626280	-0.663202
0.399462	-0.189116	-0.627047	-0.662306
0.399632	-0.188575	-0.627877	-0.663584
0.399399	-0.187909	-0.628576	-0.664345
0.399665	-0.188647	-0.627595	-0.663812
0.399551	-0.188153	-0.629833	-0.662269
0.399625	-0.186745	-0.627859	-0.663448
0.399357	-0.186085	-0.628564	-0.662542
0.399726	-0.184950	-0.629728	-0.662403
0.399349	-0.187195	-0.630041	-0.662961
0.399966	-0.186702	-0.630609	-0.664203
0.397481	-0.184683	-0.630663	-0.663327
0.394148	-0.183876	-0.628823	-0.663341
0.394732	-0.184892	-0.631173	-0.663075
0.394305	-0.184051	-0.630232	-0.662613
0.394636	-0.184330	-0.629521	-0.663946
0.394440	-0.182796	-0.629229	-0.664119
0.394631	-0.181558	-0.630960	-0.664119
0.394519	-0.181998	-0.630849	-0.663619
0.394765	-0.182127	-0.630744	-0.664921
0.398937	-0.180689	-0.631108	-0.664251
0.399719	-0.180541	-0.631155	-0.663781
0.399485	-0.178839	-0.630586	-0.662547
0.399608	-0.178281	-0.632211	-0.663486
0.399507	-0.177533	-0.631922	-0.663706
0.399553	-0.176431	-0.632915	-0.665492
0.399480	-0.176109	-0.633184	-0.665088
0.399551	-0.174329	-0.632406	-0.663592
0.399473	-0.173300	-0.634557	-0.667462
0.399608	-0.172981	-0.633312	-0.663971
0.399531	-0.172692	-0.635583	-0.663906
0.399554	-0.172574	-0.635849	-0.663889
0.399516	-0.173194	-0.633559	-0.662908
0.399555	-0.174090	-0.632025	-0.663163
0.399529	-0.173376	-0.632523	-0.663499
0.399540	-0.173990	-0.632162	-0.663860
0.399530	-0.174771	-0.631766	-0.662999
0.399568	-0.175785	-0.632900	-0.662786
0.399491	-0.178422	-0.630803	-0.663909
0.399559	-0.178531	-0.630589	-0.663935
0.399556	-0.178194	-0.632546	-0.664558
0.399566	-0.177760	-0.632239	-0.663248
0.399545	-0.178511	-0.631715	-0.663536
0.399534	-0.177480	-0.632588	-0.664504
0.399501	-0.178283	-0.630599	-0.664502
0.399539	-0.179063	-0.630410	-0.664660
0.399584	-0.180333	-0.631447	-0.664085
0.399546	-0.180412	-0.630510	-0.663488
0.399501	-0.180102	-0.631474	-0.664112
0.399561	-0.179905	-0.629872	-0.662474
0.399541	-0.179128	-0.631321	-0.664431
0.399546	-0.178632	-0.630299	-0.663548
0.399514	-0.179423	-0.633367	-0.663925
0.399610	-0.179975	-0.633351	-0.665173
0.399660	-0.178967	-0.634291	-0.664144
0.399511	-0.179670	-0.636074	-0.664308
0.399613	-0.179823	-0.636142	-0.664263
0.399428	-0.179579	-0.635746	-0.664719
0.399560	-0.180351	-0.634953	-0.664188
0.399546	-0.179621	-0.635305	-0.664941
0.399496	-0.180696	-0.633856	-0.662820
0.399525	-0.181330	-0.632490	-0.663813
0.399475	-0.181978	-0.635072	-0.663652
0.399489	-0.181812	-0.633082	-0.663049
0.399501	-0.181610	-0.632686	-0.662326
0.399491	-0.182356	-0.632266	-0.663813
0.399585	-0.181225	-0.632817	-0.663283
0.399596	-0.180471	-0.634515	-0.663635
0.399561	-0.177270	-0.633855	-0.664234
0.399581	-0.178229	-0.636287	-0.663714
0.399589	-0.177454	-0.637601	-0.664283
0.399565	-0.176683	-0.636749	-0.664722
0.399575	-0.176925	-0.637613	-0.663484
0.399475	-0.177396	-0.636784	-0.664345
0.399492	-0.176821	-0.636854	-0.663511
0.399629	-0.178170	-0.636551	-0.662969
0.399509	-0.177939	-0.637155	-0.663820
0.399583	-0.177179	-0.636903	-0.663474
0.399550	-0.179249	-0.637870	-0.665399
0.399494	-0.177586	-0.636519	-0.663580
0.399542	-0.177019	-0.638530	-0.664474
0.399535	-0.177006	-0.639208	-0.664257
0.399586	-0.176770	-0.638592	-0.664045
0.399539	-0.176362	-0.638959	-0.664157
0.399479	-0.175935	-0.638424	-0.664502
0.399551	-0.173678	-0.639347	-0.663714
0.399504	-0.173932	-0.640066	-0.663983
0.399585	-0.172911	-0.640284	-0.663622
0.399440	-0.173931	-0.640255	-0.663598
0.399465	-0.173129	-0.640272	-0.664610
0.399531	-0.174101	-0.641003	-0.662245
0.399514	-0.173920	-0.638850	-0.663833
0.399515	-0.174170	-0.638368	-0.663977
0.399486	-0.174155	-0.640225	-0.663362
0.399546	-0.173157	-0.640461	-0.663927
0.399492	-0.172602	-0.639800	-0.662021
0.399520	-0.172345	-0.640364	-0.664599
0.399525	-0.173057	-0.640483	-0.663651
0.399559	-0.175146	-0.642648	-0.663990
0.399499	-0.174424	-0.642214	-0.662926
0.399489	-0.173090	-0.642431	-0.662284
0.399539	-0.172756	-0.640367	-0.664090
0.399473	-0.175200	-0.641427	-0.663961
0.399575	-0.175494	-0.642652	-0.663044
0.399558	-0.174609	-0.639696	-0.662771
0.399432	-0.174390	-0.640419	-0.664688
0.399576	-0.175313	-0.641644	-0.663420
0.399432	-0.175640	-0.640178	-0.663627
0.399738	-0.175360	-0.640288	-0.664492
0.399196	-0.174152	-0.639190	-0.665180
0.402951	-0.174129	-0.641415	-0.664345
0.404958	-0.175309	-0.640818	-0.663325
0.404360	-0.175532	-0.640680	-0.663075
0.404736	-0.175337	-0.640789	-0.662317
0.404616	-0.176981	-0.638140	-0.662383
0.404645	-0.176463	-0.641011	-0.663162
0.404593	-0.176324	-0.639701	-0.663122
0.404665	-0.177094	-0.638948	-0.664149
0.404568	-0.178162	-0.640028	-0.665797
0.404694	-0.176541	-0.639449	-0.663781
0.404650	-0.177140	-0.640337	-0.664796
0.404596	-0.176371	-0.639931	-0.665149
0.404637	-0.176207	-0.642212	-0.664746
0.404663	-0.175627	-0.641015	-0.665495
0.404662	-0.175258	-0.641614	-0.663770
0.404645	-0.175522	-0.641900	-0.664044
0.404667	-0.175050	-0.643525	-0.662281
0.404623	-0.175337	-0.643863	-0.665223
0.404667	-0.175017	-0.642337	-0.664444
0.404610	-0.175841	-0.642534	-0.663957
0.404694	-0.174977	-0.641525	-0.662322
0.404526	-0.176431	-0.641718	-0.664804
0.404948	-0.174174	-0.641786	-0.662232
0.403520	-0.176428	-0.643239	-0.663749
0.398978	-0.174888	-0.642725	-0.664130
0.403399	-0.178251	-0.642811	-0.663153
0.404798	-0.176359	-0.643205	-0.662621
0.404589	-0.176384	-0.641806	-0.664322
0.404641	-0.176971	-0.639657	-0.663222
0.404671	-0.177412	-0.642146	-0.663679
0.404612	-0.176618	-0.641509	-0.665100
0.404694	-0.176600	-0.640940	-0.664490
0.404602	-0.177119	-0.641995	-0.665918
0.404785	-0.173990	-0.643696	-0.664725
0.404485	-0.175209	-0.642994	-0.663448
0.404765	-0.174070	-0.642029	-0.663126
0.404362	-0.175109	-0.643637	-0.662400
0.405067	-0.174554	-0.642124	-0.664714
0.400300	-0.175960	-0.642908	-0.663952
0.400881	-0.175626	-0.642907	-0.663330
0.405023	-0.177955	-0.642391	-0.663868
0.404453	-0.177197	-0.642390	-0.663382
0.404699	-0.175522	-0.643608	-0.662817
0.404706	-0.178257	-0.642418	-0.663112
0.403232	-0.178505	-0.642660	-0.663917
0.399110	-0.179241	-0.643653	-0.663877
0.399887	-0.180750	-0.641489	-0.663728
0.399145	-0.180132	-0.638692	-0.662614
0.403557	-0.181757	-0.640690	-0.663494
0.404804	-0.180850	-0.638983	-0.663401
0.404581	-0.182629	-0.637615	-0.663775
0.404702	-0.182508	-0.638827	-0.662335
0.404666	-0.183210	-0.639604	-0.665629
0.404682	-0.182894	-0.639540	-0.664140
0.404626	-0.181634	-0.640517	-0.664108
0.404628	-0.180803	-0.640920	-0.665468
0.404697	-0.181670	-0.640604	-0.662022
0.404768	-0.182098	-0.640881	-0.663980
0.404714	-0.181737	-0.639551	-0.665187
0.404602	-0.183676	-0.638706	-0.664504
0.404547	-0.182236	-0.639428	-0.664095
0.404638	-0.182383	-0.639003	-0.663654
0.404665	-0.182252	-0.638370	-0.663169
0.404562	-0.181277	-0.639972	-0.662632
0.404679	-0.181705	-0.641392	-0.663628
0.404529	-0.180490	-0.641441	-0.664578
0.404627	-0.179474	-0.640683	-0.663381
0.400439	-0.180768	-0.641882	-0.663644
0.399343	-0.178830	-0.642213	-0.663972
0.399637	-0.180648	-0.642778	-0.664490
0.399517	-0.181571	-0.642672	-0.662336
0.399591	-0.180758	-0.642682	-0.664327
0.399522	-0.181430	-0.642365	-0.663704
0.399645	-0.183031	-0.640735	-0.664298
0.399576	-0.183167	-0.639990	-0.664851
0.399546	-0.183450	-0.640309	-0.663293
0.399491	-0.183683	-0.640011	-0.663339
0.399571	-0.182220	-0.639669	-0.662723
0.399491	-0.183693	-0.641531	-0.665650
0.399555	-0.183180	-0.641020	-0.663895
0.399515	-0.181680	-0.641912	-0.662054
0.399563	-0.181555	-0.641699	-0.664439
0.399556	-0.180029	-0.641599	-0.661814
0.399521	-0.179410	-0.641217	-0.663989
0.399619	-0.179203	-0.640452	-0.664107
0.399535	-0.179278	-0.639729	-0.664903
0.399580	-0.180464	-0.640586	-0.663065
0.399595	-0.178173	-0.640931	-0.663900
0.399560	-0.180034	-0.641719	-0.663610
0.399500	-0.180038	-0.639523	-0.663458
0.399512	-0.177493	-0.640686	-0.663922
0.399544	-0.179631	-0.640507	-0.663456
0.399463	-0.179506	-0.642951	-0.662703
0.399521	-0.176841	-0.642558	-0.662539
0.399542	-0.177737	-0.642213	-0.663620
0.399591	-0.177714	-0.643891	-0.664573
0.399556	-0.180099	-0.642348	-0.663463
0.399541	-0.179308	-0.642314	-0.664076
0.399594	-0.180159	-0.642348	-0.663902
0.399559	-0.180108	-0.642752	-0.663198
0.399571	-0.177476	-0.641734	-0.664068
0.399495	-0.179080	-0.643378	-0.662867
0.399615	-0.179093	-0.642789	-0.663592
0.399553	-0.178715	-0.642353	-0.663230
0.399497	-0.179386	-0.642373	-0.662835
0.399485	-0.180700	-0.645097	-0.664282
0.399435	-0.179228	-0.642842	-0.663218
0.399476	-0.179281	-0.642502	-0.664307
0.399544	-0.180446	-0.642162	-0.662569
0.399522	-0.181122	-0.640933	-0.662385
0.399545	-0.181314	-0.642471	-0.664192
0.399526	-0.179658	-0.640498	-0.663990
0.399549	-0.180734	-0.640528	-0.664311
0.399553	-0.179918	-0.639799	-0.664596
0.399504	-0.179632	-0.641046	-0.663548
0.399558	-0.182324	-0.639249	-0.664031
0.399421	-0.180335	-0.638441	-0.664858
0.399514	-0.181421	-0.638550	-0.663202
0.399509	-0.179873	-0.638464	-0.661905
0.399502	-0.182305	-0.640247	-0.664709
0.399559	-0.183827	-0.638157	-0.664081
0.399546	-0.183585	-0.637259	-0.663900
0.399479	-0.183205	-0.635881	-0.662094
0.399566	-0.183361	-0.635235	-0.663225
0.399549	-0.184771	-0.634839	-0.663044
0.399554	-0.182506	-0.636653	-0.661952
0.399553	-0.181959	-0.634275	-0.663149
0.399575	-0.183431	-0.636222	-0.663479
0.399521	-0.181618	-0.636499	-0.662859
0.399526	-0.183584	-0.637690	-0.664725
0.399510	-0.182085	-0.636221	-0.663818
0.399540	-0.180412	-0.637306	-0.662245
0.399462	-0.180291	-0.637647	-0.662703
0.399536	-0.180104	-0.638734	-0.662653
0.399546	-0.180953	-0.639951	-0.662733
0.399532	-0.182229	-0.640081	-0.663808
0.399563	-0.182254	-0.640572	-0.664281
0.399522	-0.179724	-0.640418	-0.663851
0.399569	-0.182023	-0.640257	-0.664218
0.399551	-0.182080	-0.639275	-0.663525
0.399535	-0.182113	-0.639251	-0.662933
0.399565	-0.182570	-0.640594	-0.661435
0.399535	-0.185150	-0.640571	-0.665386
0.399521	-0.183779	-0.639353	-0.665212
0.399595	-0.184477	-0.639937	-0.664403
0.399509	-0.185624	-0.637701	-0.662800
0.399530	-0.186279	-0.637171	-0.663590
0.399506	-0.184778	-0.637308	-0.664435
0.399497	-0.187184	-0.636870	-0.664385
0.399486	-0.187114	-0.635718	-0.664114
0.399569	-0.187631	-0.637443	-0.662742
0.399517	-0.188674	-0.634900	-0.662606
0.399496	-0.187665	-0.635025	-0.664397
0.399475	-0.189072	-0.636910	-0.663335
0.399565	-0.186953	-0.635648	-0.662616
0.399453	-0.189355	-0.634399	-0.664682
0.399599	-0.187880	-0.634469	-0.663788
0.399481	-0.188645	-0.635319	-0.664321
0.399626	-0.189600	-0.634822	-0.663553
0.399484	-0.189487	-0.635430	-0.664063
0.399585	-0.189952	-0.633318	-0.664038
0.399342	-0.189728	-0.633473	-0.664445
0.399633	-0.189035	-0.634552	-0.663887
0.399289	-0.188155	-0.636472	-0.662523
0.399817	-0.187331	-0.634182	-0.663253
0.396466	-0.186393	-0.633677	-0.665222
0.394173	-0.186488	-0.634517	-0.662696
0.394711	-0.184616	-0.634182	-0.663567
0.394273	-0.184651	-0.636804	-0.663651
0.394690	-0.183529	-0.637230	-0.663900
0.394470	-0.183200	-0.634938	-0.663419
0.394557	-0.183016	-0.634367	-0.661798
0.394442	-0.180546	-0.635745	-0.663766
0.394544	-0.182879	-0.637211	-0.662290
0.394562	-0.181670	-0.635671	-0.662850
0.394500	-0.182534	-0.635533	-0.664883
0.394522	-0.182708	-0.634964	-0.662720
0.394554	-0.182573	-0.634359	-0.662606
0.394519	-0.182340	-0.634424	-0.662849
0.394537	-0.183438	-0.633963	-0.663534
0.394503	-0.182714	-0.633392	-0.664725
0.394503	-0.184095	-0.634592	-0.663594
0.394421	-0.183533	-0.633806	-0.662802
0.394503	-0.184548	-0.633129	-0.663025
0.394596	-0.183656	-0.633777	-0.663876
0.394542	-0.183903	-0.633083	-0.663257
0.394534	-0.182861	-0.631435	-0.663288
0.394522	-0.184240	-0.631333	-0.664675
0.394504	-0.184559	-0.631499	-0.662978
0.394547	-0.182782	-0.630341	-0.665014
0.394546	-0.184086	-0.630504	-0.664335
0.394522	-0.183032	-0.630826	-0.661985
0.394556	-0.182639	-0.631556	-0.662297
0.394494	-0.181873	-0.629361	-0.665348
0.394475	-0.182867	-0.630591	-0.662277
0.394499	-0.181334	-0.630655	-0.663800
0.394472	-0.179759	-0.630942	-0.664259
0.394559	-0.178202	-0.632059	-0.664565
0.394543	-0.178599	-0.632063	-0.662557
0.394517	-0.178127	-0.632780	-0.663694
0.394529	-0.176348	-0.631827	-0.663461
0.394493	-0.176943	-0.633212	-0.661944
0.394574	-0.173472	-0.633404	-0.663538
0.394542	-0.175323	-0.633773	-0.662559
0.394539	-0.173584	-0.634424	-0.663154
0.394527	-0.172861	-0.634500	-0.663231
0.394495	-0.173082	-0.635329	-0.662795
0.394492	-0.173831	-0.635472	-0.664452
0.394544	-0.174300	-0.634988	-0.663684
0.394517	-0.172694	-0.635470	-0.663107
0.394532	-0.173061	-0.637597	-0.664649
0.394541	-0.172877	-0.634824	-0.661289
0.394538	-0.173550	-0.635514	-0.664405
0.394480	-0.173520	-0.635123	-0.664159
0.394568	-0.173841	-0.637048	-0.663855
0.394504	-0.172758	-0.636168	-0.664108
0.394526	-0.173993	-0.635881	-0.663206
0.394563	-0.175329	-0.637329	-0.663709
0.394562	-0.172640	-0.637158	-0.663084
0.394477	-0.175657	-0.635619	-0.663567
0.394598	-0.175155	-0.634305	-0.662695
0.394493	-0.173993	-0.635829	-0.663821
0.394563	-0.175255	-0.634939	-0.663777
0.394475	-0.174979	-0.636301	-0.662353
0.394497	-0.175026	-0.636504	-0.663832
0.394479	-0.174992	-0.637712	-0.664591
0.394584	-0.174477	-0.637250	-0.662548
0.394474	-0.174827	-0.637249	-0.664357
0.394490	-0.175812	-0.637419	-0.664184
0.394627	-0.173993	-0.638878	-0.664430
0.394521	-0.174009	-0.641091	-0.664553
0.394625	-0.173500	-0.640001	-0.663161
0.394613	-0.173416	-0.640545	-0.663260
0.394576	-0.173227	-0.640716	-0.664165
0.394553	-0.174798	-0.640371	-0.662773
0.394512	-0.174656	-0.640253	-0.664962
0.394507	-0.173960	-0.640506	-0.663192
0.394605	-0.175343	-0.640521	-0.663191
0.394534	-0.174040	-0.641636	-0.663251
0.394537	-0.173354	-0.641338	-0.663377
0.394498	-0.174082	-0.640508	-0.663171
0.394509	-0.175329	-0.643486	-0.663173
0.394519	-0.174996	-0.642138	-0.663003
0.394498	-0.174857	-0.643430	-0.663280
0.394538	-0.176581	-0.642717	-0.664766
0.394470	-0.175292	-0.643004	-0.664164
0.394549	-0.176115	-0.643432	-0.663713
0.394541	-0.175434	-0.641712	-0.664569
0.394552	-0.175134	-0.640897	-0.664283
0.394442	-0.176034	-0.640622	-0.662666
0.394554	-0.177275	-0.640584	-0.663791
0.394517	-0.178281	-0.639551	-0.662941
0.394536	-0.178808	-0.639929	-0.662751
0.394533	-0.177331	-0.641461	-0.662964
0.394531	-0.177538	-0.642846	-0.664590
0.394557	-0.178306	-0.642719	-0.662862
0.394538	-0.176309	-0.642852	-0.663757
0.394514	-0.177576	-0.644421	-0.663951
0.394557	-0.177954	-0.644796	-0.664426
0.394577	-0.177193	-0.643835	-0.663826
0.394467	-0.177863	-0.643100	-0.663118
0.394573	-0.176453	-0.642611	-0.662419
0.394569	-0.177780	-0.642357	-0.663070
0.394574	-0.177230	-0.641615	-0.661573
0.394582	-0.176715	-0.642563	-0.663990
0.394500	-0.176832	-0.643509	-0.663250
0.394573	-0.175864	-0.641813	-0.663682
0.394474	-0.177020	-0.643732	-0.663540
0.394513	-0.176725	-0.642004	-0.663453
0.394490	-0.176877	-0.642921	-0.664236
0.394538	-0.177462	-0.643159	-0.663534
0.394465	-0.179338	-0.642198	-0.663478
0.394513	-0.178924	-0.641963	-0.662381
0.394539	-0.179183	-0.640871	-0.662926
0.394505	-0.179431	-0.642170	-0.662482
0.394479	-0.181831	-0.641611	-0.662386
0.394529	-0.183396	-0.639595	-0.663023
0.394473	-0.183983	-0.637739	-0.663216
0.394519	-0.185621	-0.638339	-0.662661
0.394523	-0.186453	-0.637580	-0.663093
0.394630	-0.186998	-0.636116	-0.662816
0.394507	-0.189963	-0.635148	-0.663376
0.394462	-0.188425	-0.634118	-0.661915
0.394442	-0.189035	-0.634867	-0.663265
0.394652	-0.190087	-0.635307	-0.662543
0.398982	-0.189326	-0.634431	-0.662612
0.399564	-0.188706	-0.634103	-0.663884
0.394951	-0.187975	-0.634723	-0.663728
0.394469	-0.189375	-0.634127	-0.662213
0.394482	-0.187482	-0.635339	-0.662713
0.394523	-0.188088	-0.635490	-0.662731
0.394467	-0.186914	-0.635578	-0.663344
0.394622	-0.186194	-0.634743	-0.662316
0.394500	-0.187472	-0.634370	-0.662973
0.394499	-0.185185	-0.634874	-0.663209
0.394541	-0.186536	-0.635331	-0.664071
0.394509	-0.186875	-0.634731	-0.664772
0.394518	-0.186139	-0.634829	-0.663535
0.394582	-0.187647	-0.635305	-0.662767
0.394462	-0.186601	-0.633336	-0.663905
0.394567	-0.187592	-0.634870	-0.662579
0.394381	-0.187424	-0.634824	-0.663285
0.394577	-0.184233	-0.635411	-0.662633
0.394304	-0.186421	-0.633884	-0.662291
0.394942	-0.184856	-0.635299	-0.663674
0.391947	-0.183792	-0.634731	-0.663790
0.389011	-0.182224	-0.633673	-0.664038
0.389702	-0.183334	-0.634275	-0.662335
0.389288	-0.181795	-0.633701	-0.663054
0.389575	-0.181520	-0.633986	-0.662738
0.389361	-0.180966	-0.634476	-0.664204
0.389506	-0.181147	-0.635029	-0.664243
0.389339	-0.179764	-0.635832	-0.664207
0.389455	-0.180686	-0.634756	-0.662676
0.389421	-0.179431	-0.636348	-0.664725
0.389509	-0.179874	-0.636681	-0.663355
0.389455	-0.178194	-0.636698	-0.662673
0.389466	-0.178819	-0.637214	-0.664343
0.389416	-0.179953	-0.634847	-0.663074
0.389466	-0.177732	-0.635368	-0.663464
0.389415	-0.181172	-0.635747	-0.663356
0.389423	-0.181643	-0.634252	-0.662530
0.389465	-0.183434	-0.634608	-0.662702
0.389461	-0.183098	-0.634350	-0.662915
0.389446	-0.182342	-0.631873	-0.663505
0.389397	-0.182694	-0.632624	-0.663723
0.389427	-0.181902	-0.631984	-0.663347
0.389474	-0.180923	-0.631158	-0.662658
0.389406	-0.182028	-0.632905	-0.664303
0.389436	-0.182222	-0.631678	-0.663025
0.389333	-0.182087	-0.631673	-0.664124
0.389435	-0.180225	-0.631346	-0.663318
0.389462	-0.179457	-0.631167	-0.663093
0.389452	-0.180016	-0.631995	-0.663912
0.389437	-0.180546	-0.631412	-0.663862
0.389468	-0.180073	-0.632093	-0.664739
0.389457	-0.178411	-0.631692	-0.662430
0.389430	-0.179345	-0.632838	-0.664509
0.389415	-0.178783	-0.632974	-0.663708
0.389413	-0.179126	-0.631501	-0.663988
0.389447	-0.179039	-0.633189	-0.664635
0.389388	-0.179166	-0.632890	-0.663272
0.389468	-0.179855	-0.630783	-0.663484
0.389415	-0.181953	-0.632668	-0.662259
0.389514	-0.181969	-0.632259	-0.663237
0.389438	-0.181946	-0.631261	-0.663759
0.389484	-0.181725	-0.630700	-0.664486
0.389425	-0.184661	-0.630778	-0.663965
0.389402	-0.183396	-0.629695	-0.664028
0.389466	-0.183040	-0.631522	-0.664140
0.389471	-0.185111	-0.630641	-0.664437
0.389456	-0.184147	-0.630351	-0.663220
0.389457	-0.184238	-0.630615	-0.663861
0.389458	-0.184175	-0.627949	-0.663519
0.389458	-0.183796	-0.630214	-0.663533
0.389470	-0.184410	-0.628975	-0.662534
0.389457	-0.183958	-0.629020	-0.663040
0.389471	-0.183350	-0.630921	-0.664198
0.389437	-0.182980	-0.629705	-0.665021
0.389438	-0.183085	-0.628734	-0.663415
0.389480	-0.182181	-0.630465	-0.663053
0.389389	-0.182045	-0.630004	-0.663475
0.389391	-0.181963	-0.631222	-0.664177
0.389377	-0.182573	-0.630440	-0.663302
0.389411	-0.182155	-0.630658	-0.661765
0.389522	-0.182249	-0.630614	-0.665289
0.389484	-0.182292	-0.630188	-0.663331
0.389447	-0.181819	-0.629314	-0.663952
0.389472	-0.181938	-0.631007	-0.663892
0.389442	-0.182193	-0.630690	-0.664451
0.389534	-0.184147	-0.631517	-0.663321
0.389500	-0.182476	-0.630733	-0.662533
0.389468	-0.184450	-0.630620	-0.663137
0.389401	-0.184728	-0.631432	-0.663106
0.389361	-0.184199	-0.630687	-0.664380
0.389407	-0.184062	-0.631393	-0.664312
0.389477	-0.184713	-0.630453	-0.664209
0.389479	-0.183025	-0.631031	-0.664516
0.389405	-0.183356	-0.631198	-0.663639
0.389482	-0.185199	-0.630962	-0.663917
0.389458	-0.183444	-0.631502	-0.663876
0.389408	-0.185950	-0.629701	-0.662571
0.389453	-0.186096	-0.631222	-0.664330
0.389382	-0.186355	-0.630465	-0.665036
0.389546	-0.185901	-0.629229	-0.663000
0.389376	-0.186655	-0.630180	-0.663065
0.389458	-0.186552	-0.630057	-0.663925
0.389384	-0.184154	-0.631378	-0.663930
0.389497	-0.188179	-0.630788	-0.661204
0.389437	-0.186278	-0.630866	-0.662956
0.389461	-0.185223	-0.629838	-0.662324
0.389539	-0.185009	-0.632580	-0.663471
0.389420	-0.185871	-0.630646	-0.664284
0.389467	-0.187000	-0.629971	-0.662854
0.389515	-0.188298	-0.630827	-0.662664
0.389496	-0.187974	-0.631807	-0.663707
0.389463	-0.187144	-0.630829	-0.663620
0.389423	-0.188044	-0.631911	-0.664905
0.389490	-0.189005	-0.630544	-0.663307
0.389443	-0.188727	-0.631469	-0.662572
0.389500	-0.188403	-0.633196	-0.663967
0.389463	-0.188773	-0.629616	-0.664591
0.389442	-0.188531	-0.631650	-0.663525
0.389539	-0.188367	-0.630573	-0.663406
0.389394	-0.188756	-0.631511	-0.664842
0.389452	-0.189625	-0.629221	-0.663578
0.389438	-0.188027	-0.630734	-0.662835
0.389364	-0.189888	-0.629605	-0.663790
0.389466	-0.189952	-0.629616	-0.663962
0.389374	-0.189350	-0.629363	-0.663870
0.389376	-0.191784	-0.629257	-0.663726
0.389412	-0.191764	-0.629770	-0.664953
0.389491	-0.192506	-0.628977	-0.663132
0.389511	-0.194056	-0.629722	-0.663894
0.389452	-0.194403	-0.627042	-0.664263
0.389407	-0.194989	-0.627585	-0.662478
0.389450	-0.194002	-0.627756	-0.663053
0.389428	-0.194785	-0.624826	-0.662517
0.389598	-0.195223	-0.623850	-0.663454
0.389457	-0.195454	-0.624068	-0.664455
0.389544	-0.194281	-0.623524	-0.662697
0.389398	-0.196151	-0.623365	-0.663952
0.389484	-0.194554	-0.625071	-0.663977
0.389363	-0.193659	-0.624183	-0.665194
0.389524	-0.193927	-0.624621	-0.662460
0.389373	-0.192222	-0.624896	-0.664727
0.389576	-0.191783	-0.626388	-0.664598
0.389367	-0.192589	-0.625876	-0.663134
0.389609	-0.192844	-0.624850	-0.664405
0.389264	-0.190363	-0.625957	-0.662270
0.389860	-0.190372	-0.624436	-0.663669
0.387740	-0.191374	-0.626585	-0.662663
0.384171	-0.190063	-0.626741	-0.664209
0.384625	-0.190818	-0.626251	-0.663471
0.384364	-0.190013	-0.627358	-0.663768
0.384646	-0.190605	-0.625711	-0.662852
0.384430	-0.190877	-0.626111	-0.665099
0.384563	-0.190074	-0.625478	-0.662473
0.384360	-0.191114	-0.625567	-0.663515
0.384533	-0.188881	-0.624592	-0.662998
0.384398	-0.191021	-0.627070	-0.662021
0.384537	-0.190459	-0.625543	-0.663044
0.384493	-0.190431	-0.625752	-0.662048
0.384578	-0.188644	-0.625665	-0.663981
0.384473	-0.187810	-0.624136	-0.663015
0.384482	-0.188741	-0.627142	-0.664292
0.384485	-0.186861	-0.626679	-0.663863
0.384522	-0.185362	-0.626743	-0.663034
0.384523	-0.185220	-0.627498	-0.665006
0.384487	-0.184692	-0.627721	-0.661711
0.384443	-0.183703	-0.629407	-0.663443
0.384517	-0.181901	-0.629374	-0.663399
0.384462	-0.181566	-0.629599	-0.662829
0.384499	-0.183209	-0.630024	-0.663028
0.384489	-0.182048	-0.627541	-0.662649
0.384518	-0.181105	-0.629683	-0.663119
0.384507	-0.181879	-0.628550	-0.663505
0.384472	-0.183185	-0.629841	-0.663644
0.384482	-0.184355	-0.629468	-0.662717
0.384465	-0.183388	-0.629026	-0.663876
0.384538	-0.183414	-0.627484	-0.663003
0.384497	-0.183340	-0.628933	-0.663350
0.384452	-0.183025	-0.629968	-0.663484
0.384448	-0.182973	-0.629585	-0.664365
0.384500	-0.180237	-0.631784	-0.664347
0.384437	-0.180184	-0.631812	-0.663835
0.384485	-0.178773	-0.633666	-0.663896
0.384421	-0.179328	-0.634020	-0.664119
0.384472	-0.177824	-0.635217	-0.663483
0.384514	-0.177721	-0.632721	-0.664410
0.384590	-0.179295	-0.633049	-0.664086
0.384574	-0.177925	-0.634355	-0.664434
0.384483	-0.178610	-0.633956	-0.664534
0.384444	-0.180655	-0.634968	-0.664307
0.384664	-0.177929	-0.634020	-0.663697
0.388915	-0.179194	-0.634296	-0.664098
0.389546	-0.181468	-0.635263	-0.664117
0.389453	-0.179978	-0.634925	-0.663567
0.389262	-0.180844	-0.634717	-0.664172
0.385010	-0.182604	-0.635700	-0.663174
0.384320	-0.182526	-0.635252	-0.663316
0.384519	-0.182907	-0.633773	-0.663666
0.384460	-0.183222	-0.633239	-0.664308
0.384598	-0.183030	-0.632681	-0.663629
0.384410	-0.183285	-0.631580	-0.663880
0.384571	-0.184857	-0.631585	-0.664184
0.384345	-0.184167	-0.630601	-0.665218
0.384591	-0.184290	-0.629223	-0.664549
0.384385	-0.184210	-0.629783	-0.663897
0.384591	-0.182489	-0.631619	-0.663914
0.384340	-0.184926	-0.631029	-0.663868
0.384775	-0.185673	-0.630526	-0.663652
0.384006	-0.184652	-0.632950	-0.663312
0.386989	-0.184429	-0.631524	-0.662517
0.389865	-0.184980	-0.630937	-0.664222
0.389292	-0.184509	-0.631916	-0.663831
0.389509	-0.184847	-0.634006	-0.664737
0.389435	-0.184750	-0.633729	-0.663253
0.389298	-0.183336	-0.631786	-0.663346
0.389762	-0.183738	-0.632899	-0.664274
0.386934	-0.181809	-0.632678	-0.662361
0.384063	-0.183043	-0.634035	-0.664628
0.384694	-0.183469	-0.634252	-0.663718
0.384359	-0.182660	-0.634532	-0.663419
0.384581	-0.183980	-0.638066	-0.663855
0.384455	-0.182712	-0.635326	-0.663445
0.384494	-0.183440	-0.635730	-0.663406
0.384521	-0.185519	-0.636531	-0.663782
0.384494	-0.188403	-0.636394	-0.663326
0.384516	-0.187280	-0.637004	-0.664401
0.384310	-0.186805	-0.633678	-0.663382
0.384636	-0.187568	-0.633847	-0.665353
0.384118	-0.189318	-0.634604	-0.663969
0.387148	-0.188304	-0.634184	-0.663959
0.389887	-0.188190	-0.633129	-0.664663
0.389285	-0.188057	-0.633506	-0.664274
0.389579	-0.189007	-0.634777	-0.663262
0.389354	-0.188908	-0.633643	-0.662703
0.389445	-0.187819	-0.633936	-0.664955
0.389521	-0.187511	-0.635083	-0.664119
0.389514	-0.187034	-0.634237	-0.663220
0.389536	-0.187343	-0.635158	-0.663240
0.388962	-0.186075	-0.634065	-0.663980
0.384660	-0.186437	-0.634220	-0.662728
0.384568	-0.186759	-0.637163	-0.663505
0.384442	-0.186406	-0.637252	-0.664470
0.384611	-0.185133	-0.636622	-0.663907
0.384385	-0.185634	-0.638397	-0.663493
0.384591	-0.187025	-0.637595	-0.662051
0.384424	-0.187119	-0.636576	-0.663207
0.384626	-0.188535	-0.633375	-0.665163
0.384390	-0.189499	-0.633951	-0.663427
0.384661	-0.188264	-0.634856	-0.662702
0.384321	-0.190000	-0.632580	-0.662300
0.384681	-0.189110	-0.635010	-0.663317
0.384073	-0.188362	-0.633322	-0.663885
0.387481	-0.188830	-0.632310	-0.662492
0.389889	-0.189681	-0.631179	-0.663568
0.389239	-0.188562	-0.631994	-0.662941
0.389471	-0.187545	-0.629920	-0.664413
0.389357	-0.187448	-0.629814	-0.663116
0.389477	-0.189222	-0.631214	-0.663614
0.389339	-0.185855	-0.631442	-0.663518
0.389531	-0.187245	-0.631825	-0.664530
0.389428	-0.184987	-0.633348	-0.664452
0.389482	-0.186446	-0.634070	-0.663316
0.389405	-0.184572	-0.632291	-0.663371
0.389410	-0.183634	-0.632691	-0.663550
0.389344	-0.184780	-0.632806	-0.663964
0.389381	-0.184191	-0.634164	-0.663223
0.389456	-0.183114	-0.634941	-0.664143
0.389342	-0.182185	-0.634028	-0.663856
0.389402	-0.182520	-0.633163	-0.663972
0.389318	-0.182530	-0.632328	-0.663676
0.389654	-0.181573	-0.632911	-0.663093
0.388598	-0.183416	-0.632866	-0.664732
0.384439	-0.182725	-0.632030	-0.663598
0.384585	-0.183582	-0.632696	-0.663504
0.384378	-0.184263	-0.631314	-0.663667
0.384498	-0.185651	-0.631025	-0.662178
0.384403	-0.184557	-0.631198	-0.663986
0.384519	-0.184838	-0.630183	-0.663301
0.384465	-0.186280	-0.630025	-0.663188
0.384603	-0.185568	-0.628387	-0.662126
0.384522	-0.184255	-0.628359	-0.665160
0.384497	-0.182886	-0.630225	-0.665624
0.384433	-0.182267	-0.631386	-0.662577
0.384470	-0.182406	-0.630224	-0.663901
0.384492	-0.181793	-0.631421	-0.662943
0.384538	-0.183315	-0.631659	-0.663349
0.384512	-0.181863	-0.630719	-0.663430
0.384420	-0.182050	-0.631648	-0.663577
0.384483	-0.180529	-0.631159	-0.663742
0.384564	-0.181160	-0.631898	-0.663980
0.384467	-0.180939	-0.631961	-0.663111
0.384542	-0.181246	-0.632311	-0.663960
0.384531	-0.181240	-0.630907	-0.661795
0.384508	-0.180615	-0.631074	-0.662980
0.384509	-0.181450	-0.632741	-0.663167
0.384497	-0.181752	-0.632110	-0.663894
0.384519	-0.182448	-0.630811	-0.665046
0.384523	-0.183169	-0.630066	-0.662879
0.384498	-0.184770	-0.629134	-0.664549
0.384522	-0.183154	-0.629016	-0.663830
0.384521	-0.184509	-0.627294	-0.663970
0.384517	-0.185995	-0.627615	-0.663064
0.384518	-0.187036	-0.626306	-0.663866
0.384488	-0.188590	-0.624415	-0.664010
0.384463	-0.188732	-0.625586	-0.662986
0.384447	-0.190257	-0.623479	-0.663191
0.384537	-0.189236	-0.623984	-0.664445
0.384434	-0.189325	-0.623225	-0.663030
0.384503	-0.187948	-0.623411	-0.663940
0.384428	-0.187742	-0.622876	-0.662123
0.384517	-0.187187	-0.624695	-0.663907
0.384493	-0.186517	-0.625207	-0.663984
0.384573	-0.183901	-0.627630	-0.664380
0.384492	-0.185637	-0.627348	-0.663904
0.384529	-0.185148	-0.626997	-0.662581
0.384448	-0.183885	-0.628640	-0.663252
0.384506	-0.183410	-0.630005	-0.662955
0.384524	-0.182468	-0.629223	-0.662599
0.384519	-0.182142	-0.628381	-0.662038
0.384450	-0.182643	-0.629960	-0.664714
0.384554	-0.183109	-0.629517	-0.662701
0.384449	-0.180953	-0.630045	-0.663070
0.384514	-0.180713	-0.630943	-0.662429
0.384472	-0.181247	-0.631812	-0.664212
0.384552	-0.179186	-0.631491	-0.663236
0.384302	-0.178938	-0.631130	-0.665887
0.384667	-0.180640	-0.631915	-0.663245
0.384241	-0.180718	-0.631541	-0.664167
0.384793	-0.181530	-0.630720	-0.664193
0.380285	-0.181395	-0.631298	-0.664350
0.381029	-0.181628	-0.630299	-0.662270
0.384879	-0.180137	-0.631990	-0.663191
0.384189	-0.182573	-0.630826	-0.663907
0.384704	-0.183234	-0.632041	-0.662786
0.384366	-0.182488	-0.630225	-0.663111
0.384524	-0.184376	-0.630481	-0.664031
0.384408	-0.185158	-0.629856	-0.662376
0.384567	-0.183152	-0.629937	-0.664249
0.384453	-0.183826	-0.631165	-0.665037
0.384615	-0.182215	-0.631423	-0.663033
0.384437	-0.182418	-0.630641	-0.663531
0.384440	-0.183298	-0.631677	-0.663484
0.384418	-0.181102	-0.632521	-0.662773
0.384519	-0.182514	-0.631370	-0.663582
0.384478	-0.182635	-0.630885	-0.663334
0.384507	-0.184095	-0.631984	-0.662046
0.384532	-0.183906	-0.631952	-0.662126
0.384521	-0.182941	-0.630950	-0.664600
0.384563	-0.185216	-0.630461	-0.662794
0.384507	-0.183817	-0.630992	-0.664854
0.384502	-0.186502	-0.630505	-0.664549
0.384482	-0.186416	-0.628640	-0.662926
0.384562	-0.186488	-0.630422	-0.663712
0.384480	-0.186628	-0.629826	-0.662281
0.384425	-0.187267	-0.629309	-0.663946
0.384452	-0.188391	-0.628219	-0.663202
0.384449	-0.187659	-0.629327	-0.663542
0.384559	-0.188243	-0.627800	-0.664987
0.384494	-0.187735	-0.628565	-0.663493
0.384548	-0.188309	-0.629030	-0.662804
0.384521	-0.186511	-0.630160	-0.665168
0.384504	-0.186971	-0.631232	-0.663375
0.384513	-0.188462	-0.629602	-0.662935
0.384537	-0.189411	-0.631771	-0.663805
0.384410	-0.188979	-0.630678	-0.663506
0.384509	-0.189925	-0.631188	-0.663436
0.384499	-0.190623	-0.632183	-0.663107
0.384554	-0.190546	-0.630125	-0.664735
0.384484	-0.190913	-0.629556	-0.663020
0.384495	-0.189785	-0.629551	-0.663464
0.384527	-0.189527	-0.628815	-0.663862
0.384561	-0.191147	-0.628607	-0.663080
0.384506	-0.188878	-0.628993	-0.662563
0.384516	-0.190053	-0.631234	-0.663548
0.384542	-0.189463	-0.629282	-0.663339
0.384462	-0.189133	-0.630104	-0.662929
0.384567	-0.190581	-0.628630	-0.663671
0.384479	-0.190520	-0.627973	-0.663136
0.384483	-0.189939	-0.629110	-0.662784
0.384498	-0.191069	-0.628100	-0.663972
0.384524	-0.193375	-0.628293	-0.664667
0.384547	-0.193428	-0.629011	-0.662757
0.384458	-0.193514	-0.630578	-0.663350
0.384460	-0.192592	-0.629090	-0.664071
0.384582	-0.193209	-0.630561	-0.662306
0.384492	-0.192931	-0.629200	-0.664134
0.384514	-0.193470	-0.629134	-0.662971
0.384531	-0.194022	-0.630509	-0.662125
0.384434	-0.193030	-0.628616	-0.663179
0.384506	-0.192758	-0.628283	-0.664015
0.384416	-0.193405	-0.630529	-0.662338
0.384507	-0.191566	-0.628911	-0.662626
0.384448	-0.191450	-0.628250	-0.661914
0.384463	-0.191127	-0.629343	-0.662166
0.384508	-0.191775	-0.629363	-0.663035
0.384488	-0.192083	-0.630095	-0.662270
0.384411	-0.192017	-0.630878	-0.664011
0.384564	-0.191770	-0.631733	-0.663600
0.384445	-0.192644	-0.630124	-0.663671
0.384572	-0.192131	-0.629331	-0.664024
0.384477	-0.193145	-0.629213	-0.662968
0.384583	-0.193542	-0.629038	-0.663921
0.384405	-0.192791	-0.627339	-0.662395
0.384696	-0.195173	-0.627234	-0.662176
0.384228	-0.193165	-0.628169	-0.662108
0.384931	-0.194567	-0.627432	-0.663300
0.382007	-0.193605	-0.625321	-0.662062
0.379249	-0.193610	-0.625882	-0.661761
0.380403	-0.193469	-0.626478	-0.662637
0.384108	-0.191624	-0.628490	-0.663672
0.384610	-0.192309	-0.627868	-0.662723
0.384413	-0.193125	-0.627922	-0.663608
0.384551	-0.191616	-0.627719	-0.662597
0.384429	-0.190237	-0.630195	-0.662770
0.384494	-0.189780	-0.629042	-0.662438
0.384548	-0.189044	-0.628939	-0.663421
0.384537	-0.189885	-0.629430	-0.663372
0.384477	-0.188605	-0.630768	-0.663550
0.384524	-0.187122	-0.630644	-0.663558
0.384571	-0.188213	-0.629836	-0.662797
0.384413	-0.190683	-0.630723	-0.664025
0.384514	-0.190156	-0.629535	-0.663149
0.384354	-0.188988	-0.630502	-0.662844
0.384598	-0.189649	-0.629446	-0.662968
0.384364	-0.188372	-0.628887	-0.663010
0.384873	-0.190858	-0.630740	-0.662155
0.383581	-0.190725	-0.630552	-0.663483
0.382667	-0.191122	-0.629552	-0.663316
0.384849	-0.191769	-0.627661	-0.663772
0.384253	-0.192598	-0.626849	-0.662725
0.384734	-0.192533	-0.627761	-0.663202
0.384380	-0.192541	-0.625192	-0.663313
0.384558	-0.193302	-0.624717	-0.663317
0.384437	-0.192724	-0.626041	-0.662414
0.384494	-0.192564	-0.625358	-0.662563
0.384453	-0.192415	-0.625328	-0.661633
0.384497	-0.194977	-0.625380	-0.662730
0.384442	-0.193518	-0.623702	-0.662555
0.384465	-0.194259	-0.623695	-0.661776
0.384482	-0.193615	-0.621608	-0.663196
0.384467	-0.195050	-0.623389	-0.663367
0.384421	-0.194575	-0.621154	-0.661940
0.384499	-0.193577	-0.622369	-0.662218
0.384537	-0.195816	-0.622490	-0.662391
0.384475	-0.195614	-0.621585	-0.663102
0.384522	-0.194964	-0.621519	-0.660587
0.384457	-0.195002	-0.621488	-0.662911
0.384499	-0.194529	-0.621444	-0.664943
0.384311	-0.195702	-0.620496	-0.662781
0.384660	-0.196412	-0.619954	-0.663048
0.383821	-0.195465	-0.618615	-0.664296
0.379760	-0.195124	-0.620584	-0.662153
0.379778	-0.194820	-0.619735	-0.664789
0.379727	-0.196098	-0.619511	-0.665093
0.379788	-0.194816	-0.620158	-0.663501
0.379679	-0.195099	-0.621969	-0.662489
0.379723	-0.194601	-0.620722	-0.664500
0.379620	-0.194505	-0.621124	-0.662791
0.379686	-0.194376	-0.621461	-0.663761
0.379645	-0.194087	-0.620378	-0.663657
0.379679	-0.193527	-0.622028	-0.663468
0.379716	-0.192115	-0.620548	-0.662671
0.379806	-0.193679	-0.620104	-0.663037
0.379731	-0.191539	-0.621637	-0.665371
0.379743	-0.192023	-0.621103	-0.662457
0.379595	-0.191078	-0.621593	-0.663962
0.379712	-0.191601	-0.621206	-0.662126
0.379645	-0.191390	-0.622731	-0.662631
0.379785	-0.188697	-0.623554	-0.663077
0.379706	-0.189636	-0.624005	-0.663079
0.379768	-0.189059	-0.624175	-0.663113
0.379606	-0.190252	-0.624998	-0.663305
0.379951	-0.189443	-0.623247	-0.664234
0.379453	-0.190790	-0.624052	-0.662582
0.380022	-0.191714	-0.623299	-0.663136
0.376402	-0.191127	-0.623194	-0.663833
0.374907	-0.189642	-0.623895	-0.664402
0.375234	-0.188985	-0.622064	-0.663316
0.375072	-0.191434	-0.622077	-0.663609
0.374983	-0.191167	-0.622654	-0.662435
0.376055	-0.188635	-0.623534	-0.663375
0.379876	-0.190545	-0.623250	-0.662656
0.379471	-0.188262	-0.624274	-0.662710
0.379855	-0.189744	-0.622364	-0.663714
0.379571	-0.189749	-0.624073	-0.662542
0.379802	-0.190844	-0.624314	-0.664074
0.379510	-0.191588	-0.624475	-0.660905
0.379976	-0.190041	-0.625467	-0.663885
0.376160	-0.191366	-0.623821	-0.664367
0.375835	-0.190680	-0.622790	-0.663123
0.380395	-0.190976	-0.622425	-0.663891
0.378130	-0.191536	-0.622743	-0.663683
0.375220	-0.191272	-0.622405	-0.663609
0.374741	-0.189113	-0.623509	-0.663624
0.376431	-0.190660	-0.622897	-0.664206
0.379865	-0.189748	-0.623509	-0.663633
0.379667	-0.188170	-0.624424	-0.662998
0.379647	-0.188391	-0.625749	-0.662230
0.379905	-0.188741	-0.625636	-0.662218
0.376384	-0.187729	-0.626135	-0.662380
0.374829	-0.186242	-0.626195	-0.663870
0.375294	-0.186571	-0.627583	-0.663609
0.375015	-0.185136	-0.628274	-0.663103
0.375110	-0.184409	-0.628753	-0.663520
0.375069	-0.184947	-0.628125	-0.663858
0.375190	-0.184129	-0.627409	-0.663604
0.375140	-0.184882	-0.627864	-0.662279
0.375160	-0.184304	-0.627729	-0.662786
0.375110	-0.183466	-0.628086	-0.662837
0.375158	-0.184449	-0.629312	-0.665091
0.375070	-0.183088	-0.629240	-0.662406
0.375094	-0.183953	-0.629273	-0.662966
0.375119	-0.181973	-0.630044	-0.663009
0.375129	-0.180645	-0.630188	-0.663137
0.375100	-0.181626	-0.630807	-0.663495
0.375155	-0.181334	-0.631546	-0.662745
0.375074	-0.180298	-0.632084	-0.664194
0.375080	-0.183366	-0.633565	-0.665010
0.375067	-0.181536	-0.633020	-0.662683
0.375158	-0.181710	-0.632144	-0.663295
0.375123	-0.181046	-0.631022	-0.663796
0.375066	-0.181211	-0.631796	-0.662400
0.375119	-0.181461	-0.631276	-0.663281
0.375026	-0.182125	-0.632024	-0.664313
0.375141	-0.183179	-0.630349	-0.664432
0.375128	-0.182315	-0.632488	-0.663500
0.375155	-0.180207	-0.632301	-0.663840
0.375071	-0.182923	-0.631546	-0.663775
0.375136	-0.182294	-0.633028	-0.664397
0.375095	-0.182425	-0.632075	-0.663256
0.378828	-0.183527	-0.630684	-0.663608
0.379902	-0.183180	-0.630042	-0.663843
0.379598	-0.183701	-0.629891	-0.663894
0.379811	-0.182869	-0.631485	-0.662530
0.379669	-0.181888	-0.631502	-0.663364
0.379756	-0.182468	-0.632447	-0.663673
0.379680	-0.181483	-0.631922	-0.663169
0.379683	-0.183275	-0.631356	-0.662895
0.379655	-0.183224	-0.631301	-0.661890
0.379758	-0.185548	-0.631935	-0.663503
0.379716	-0.183671	-0.631936	-0.662205
0.379752	-0.183031	-0.630631	-0.663589
0.379668	-0.183304	-0.630903	-0.663189
0.379810	-0.182503	-0.628877	-0.662490
0.379589	-0.185377	-0.631748	-0.663694
0.379780	-0.184692	-0.631664	-0.664104
0.379578	-0.183157	-0.631514	-0.663842
0.379854	-0.183607	-0.633155	-0.663416
0.379458	-0.186075	-0.632697	-0.663516
0.380123	-0.184578	-0.631261	-0.664182
0.377832	-0.186085	-0.633638	-0.662888
0.374786	-0.185417	-0.631099	-0.661420
0.375281	-0.185324	-0.629794	-0.663339
0.374929	-0.184866	-0.630957	-0.661993
0.375148	-0.187669	-0.629173	-0.662898
0.375016	-0.188465	-0.629918	-0.663608
0.375202	-0.186701	-0.630099	-0.662895
0.375052	-0.186413	-0.629396	-0.664239
0.375111	-0.185996	-0.631056	-0.665237
0.375076	-0.186300	-0.629978	-0.664366
0.375229	-0.186597	-0.631900	-0.663644
0.379185	-0.187193	-0.631897	-0.664229
0.379815	-0.185807	-0.630501	-0.664445
0.379655	-0.188308	-0.631178	-0.663727
0.379749	-0.187617	-0.631754	-0.664192
0.379713	-0.187697	-0.632756	-0.664197
0.379754	-0.187592	-0.633924	-0.664543
0.379732	-0.187123	-0.633827	-0.662290
0.379738	-0.189402	-0.633891	-0.663833
0.379453	-0.191222	-0.630428	-0.662515
0.375569	-0.189521	-0.630542	-0.662983
0.375066	-0.190729	-0.629586	-0.663528
0.375125	-0.191290	-0.630348	-0.663356
0.375072	-0.195049	-0.630631	-0.663218
0.375145	-0.195472	-0.629000	-0.663536
0.375110	-0.195269	-0.628932	-0.665225
0.375331	-0.195299	-0.628266	-0.661523
0.379323	-0.197314	-0.628406	-0.662489
0.379790	-0.196343	-0.627725	-0.663134
0.379699	-0.194927	-0.626934	-0.662611
0.379673	-0.195852	-0.626394	-0.662628
0.379746	-0.195384	-0.626364	-0.663208
0.379724	-0.197217	-0.628978	-0.663030
0.379724	-0.195153	-0.628794	-0.664434
0.379627	-0.196106	-0.629279	-0.663519
0.379744	-0.194806	-0.628512	-0.663022
0.379653	-0.195079	-0.629777	-0.662691
0.379546	-0.195017	-0.629361	-0.664207
0.375020	-0.195473	-0.629612	-0.663708
0.377523	-0.194218	-0.630012	-0.662850
0.379688	-0.194729	-0.629980	-0.663727
0.375178	-0.196099	-0.630387	-0.663969
0.375224	-0.195822	-0.631573	-0.663832
0.374993	-0.196940	-0.631005	-0.664688
0.375187	-0.195294	-0.630259	-0.662819
0.375014	-0.196094	-0.631240	-0.663129
0.375182	-0.196094	-0.630905	-0.662465
0.375002	-0.195760	-0.630025	-0.663881
0.375064	-0.195097	-0.630450	-0.663441
0.375162	-0.192807	-0.629343	-0.664060
0.375100	-0.193583	-0.628458	-0.663268
0.375163	-0.191798	-0.629453	-0.663473
0.375080	-0.193022	-0.629445	-0.663981
0.375062	-0.192473	-0.630169	-0.662529
0.375019	-0.190109	-0.630643	-0.662581
0.375072	-0.190184	-0.630576	-0.663486
0.375116	-0.188964	-0.630858	-0.662974
0.375133	-0.189048	-0.631638	-0.661925
0.375184	-0.186815	-0.631093	-0.662587
0.375089	-0.188983	-0.631472	-0.662826
0.375105	-0.190088	-0.631531	-0.663855
0.375086	-0.188513	-0.631105	-0.662811
0.375194	-0.186531	-0.631772	-0.663521
0.375100	-0.188149	-0.629704	-0.664155
0.375179	-0.188348	-0.629769	-0.661554
0.375056	-0.186319	-0.631199	-0.664099
0.375252	-0.186168	-0.630208	-0.664246
0.374940	-0.186635	-0.631515	-0.662980
0.375263	-0.186770	-0.630143	-0.662452
0.374768	-0.186720	-0.631334	-0.663401
0.377882	-0.186193	-0.632548	-0.663273
0.380062	-0.185463	-0.631954	-0.661734
0.379490	-0.187881	-0.631357	-0.664700
0.379887	-0.186205	-0.632185	-0.663334
0.379634	-0.187745	-0.631687	-0.664380
0.379827	-0.188040	-0.630734	-0.662991
0.379638	-0.188092	-0.630029	-0.663296
0.379733	-0.188198	-0.629864	-0.663241
0.379754	-0.188294	-0.626910	-0.662746
0.379719	-0.189919	-0.627620	-0.663582
0.379643	-0.189151	-0.628175	-0.663345
0.379701	-0.187424	-0.628908	-0.662855
0.379657	-0.189035	-0.627370	-0.663549
0.379697	-0.188978	-0.626420	-0.663998
0.379694	-0.187660	-0.628210	-0.663925
0.379679	-0.189315	-0.626986	-0.661241
0.379712	-0.188651	-0.627338	-0.663079
0.379687	-0.188704	-0.626581	-0.663119
0.379738	-0.191255	-0.627279	-0.665188
0.379633	-0.189910	-0.626576	-0.663703
0.379751	-0.190551	-0.625058	-0.662510
0.379674	-0.189476	-0.625498	-0.663557
0.379770	-0.189436	-0.625249	-0.662898
0.379481	-0.191422	-0.626024	-0.662156
0.380017	-0.189973	-0.624586	-0.662846
0.376704	-0.190103	-0.623642	-0.663990
0.374733	-0.191528	-0.626059	-0.662232
0.375257	-0.190426	-0.624958	-0.663721
0.374942	-0.190485	-0.624173	-0.664085
0.375135	-0.189197	-0.623191	-0.662928
0.375067	-0.189134	-0.624564	-0.662327
0.375202	-0.187896	-0.624932	-0.663480
0.375116	-0.188957	-0.625378	-0.663523
0.375140	-0.188515	-0.624792	-0.662404
0.375072	-0.190186	-0.625774	-0.664705
0.375158	-0.190088	-0.626148	-0.662611
0.375003	-0.189849	-0.627540	-0.662815
0.375129	-0.189960	-0.625621	-0.664573
0.375044	-0.188739	-0.626197	-0.664347
0.375233	-0.190575	-0.626424	-0.662360
0.374987	-0.190928	-0.625770	-0.663237
0.375325	-0.190434	-0.624201	-0.663758
0.374864	-0.191227	-0.623331	-0.662978
0.376167	-0.192322	-0.623579	-0.662736
0.379831	-0.191584	-0.624086	-0.662265
0.379588	-0.192479	-0.624510	-0.662534
0.379662	-0.192350	-0.625143	-0.662657
0.379744	-0.190666	-0.623988	-0.665505
0.379571	-0.190202	-0.625386	-0.662109
0.379959	-0.190549	-0.626552	-0.663391
0.376430	-0.190138	-0.625939	-0.662727
0.374729	-0.190819	-0.625376	-0.662385
0.375322	-0.190411	-0.624294	-0.662761
0.374982	-0.188796	-0.624621	-0.661914
0.375159	-0.192546	-0.623369	-0.663632
0.375024	-0.189350	-0.622152	-0.662832
0.375246	-0.189193	-0.623721	-0.663311
0.375131	-0.188523	-0.622682	-0.663716
0.375124	-0.189143	-0.624742	-0.661662
0.375111	-0.188690	-0.625983	-0.662051
0.375130	-0.188964	-0.625459	-0.663831
0.375002	-0.190500	-0.625850	-0.662116
0.375140	-0.190395	-0.627189	-0.662091
0.375136	-0.191186	-0.625519	-0.664053
0.375194	-0.191290	-0.625759	-0.663853
0.375061	-0.191705	-0.625454	-0.662241
0.375094	-0.192858	-0.623003	-0.663392
0.375154	-0.192831	-0.623009	-0.662801
0.375167	-0.193860	-0.621568	-0.663008
0.375096	-0.192932	-0.622253	-0.663221
0.375143	-0.194330	-0.621731	-0.662762
0.375155	-0.193152	-0.622841	-0.663233
0.375040	-0.194393	-0.623182	-0.662692
0.375110	-0.194408	-0.624175	-0.663173
0.375115	-0.193031	-0.621619	-0.661760
0.375125	-0.193118	-0.620857	-0.663657
0.375116	-0.192379	-0.621590	-0.663089
0.375130	-0.191481	-0.621269	-0.663267
0.375010	-0.192424	-0.621995	-0.662520
0.375168	-0.189133	-0.621340	-0.662503
0.375065	-0.189406	-0.621129	-0.663288
0.375182	-0.188675	-0.622228	-0.662279
0.375116	-0.188977	-0.623164	-0.663643
0.375081	-0.186765	-0.622127	-0.662971
0.375133	-0.186093	-0.624581	-0.663326
0.375110	-0.184316	-0.624518	-0.663220
0.375115	-0.185992	-0.625856	-0.663765
0.375072	-0.183607	-0.627007	-0.662463
0.375162	-0.182618	-0.626743	-0.664224
0.375175	-0.181928	-0.624994	-0.664190
0.375177	-0.184121	-0.626679	-0.661919
0.375093	-0.185538	-0.626770	-0.664035
0.375169	-0.182583	-0.626459	-0.661989
0.375123	-0.183206	-0.626468	-0.664251
0.375039	-0.183461	-0.627132	-0.662423
0.375131	-0.184504	-0.627354	-0.662644
0.375158	-0.184514	-0.626417	-0.663684
0.375049	-0.185036	-0.625237	-0.663245
0.375164	-0.186894	-0.626098	-0.663962
0.375162	-0.187457	-0.624945	-0.663479
0.375096	-0.188527	-0.624703	-0.663220
0.375108	-0.189413	-0.622610	-0.662736
0.375088	-0.190556	-0.623944	-0.662028
0.375160	-0.190126	-0.623760	-0.661489
0.375045	-0.192852	-0.623720	-0.662287
0.375155	-0.192632	-0.621137	-0.664153
0.375091	-0.192923	-0.620429	-0.663193
0.375077	-0.191026	-0.621663	-0.662622
0.375034	-0.192111	-0.620180	-0.662900
0.375164	-0.190088	-0.621672	-0.663040
0.375133	-0.187806	-0.621980	-0.662970
0.375069	-0.189224	-0.621484	-0.663168
0.375118	-0.186737	-0.623365	-0.662043
0.375183	-0.186214	-0.623811	-0.662420
0.375111	-0.186252	-0.624871	-0.663951
0.375091	-0.186078	-0.625112	-0.663932
0.375138	-0.183672	-0.628042	-0.662330
0.375108	-0.183615	-0.625903	-0.662832
0.375086	-0.184773	-0.626081	-0.663286
0.375140	-0.184268	-0.627758	-0.661950
0.375164	-0.184952	-0.628038	-0.661620
0.375077	-0.186578	-0.626603	-0.663677
0.375095	-0.185509	-0.625657	-0.664283
0.375070	-0.187195	-0.626659	-0.663206
0.375173	-0.184592	-0.627666	-0.662971
0.375077	-0.184007	-0.627784	-0.663174
0.375158	-0.183366	-0.628765	-0.662301
0.375044	-0.182967	-0.628040	-0.662712
0.375080	-0.183477	-0.626358	-0.663168
0.375129	-0.182912	-0.628347	-0.663645
0.375106	-0.183925	-0.628817	-0.662994
0.375072	-0.183455	-0.627828	-0.663128
0.375090	-0.183746	-0.627572	-0.662931
0.375159	-0.183102	-0.627669	-0.663985
0.375131	-0.185327	-0.627120	-0.664148
0.375074	-0.185084	-0.624908	-0.661496
0.375072	-0.186702	-0.625923	-0.662137
0.375123	-0.186199	-0.625304	-0.662741
0.375065	-0.186836	-0.624582	-0.663146
0.375091	-0.185713	-0.625940	-0.663588
0.375050	-0.185041	-0.626488	-0.662509
0.375099	-0.186081	-0.626578	-0.662505
0.375162	-0.183699	-0.627273	-0.663161
0.375089	-0.184673	-0.627884	-0.662361
0.375081	-0.185710	-0.626764	-0.664337
0.375116	-0.185574	-0.627058	-0.661962
0.375065	-0.184473	-0.625341	-0.663721
0.375084	-0.185546	-0.624742	-0.662875
0.375114	-0.184022	-0.626674	-0.662758
0.375057	-0.185000	-0.627452	-0.663474
0.375140	-0.186797	-0.626816	-0.661910
0.375074	-0.185531	-0.627824	-0.662758
0.375168	-0.187213	-0.626388	-0.664127
0.375076	-0.187880	-0.628226	-0.663957
0.375096	-0.188336	-0.626488	-0.663112
0.375106	-0.190043	-0.627194	-0.663545
0.375165	-0.188193	-0.625721	-0.662899
0.375090	-0.190691	-0.625235	-0.661612
0.375076	-0.189276	-0.624499	-0.662965
0.375098	-0.189852	-0.624238	-0.663436
0.375109	-0.189631	-0.625523	-0.663407
0.375089	-0.188088	-0.625430	-0.662319
0.375075	-0.185661	-0.626512	-0.662455
0.375071	-0.186945	-0.626216	-0.663927
0.375079	-0.184225	-0.626874	-0.663313
0.375064	-0.185613	-0.626449	-0.663672
0.375109	-0.185614	-0.628185	-0.662500
0.375159	-0.182465	-0.630114	-0.664396
0.375089	-0.183085	-0.630076	-0.663619
0.375101	-0.183459	-0.631611	-0.663347
0.375066	-0.183349	-0.630000	-0.664063
0.375061	-0.182933	-0.632476	-0.663701
0.375095	-0.181183	-0.635015	-0.663807
0.375111	-0.181294	-0.632515	-0.662648
0.375106	-0.181186	-0.632684	-0.663350
0.375099	-0.180608	-0.633031	-0.663617
0.375148	-0.180346	-0.632155	-0.663420
0.375057	-0.182073	-0.632743	-0.663926
0.375204	-0.179642	-0.634016	-0.662470
0.375034	-0.179607	-0.634844	-0.663724
0.375164	-0.178082	-0.635332	-0.662394
0.375025	-0.178506	-0.636741	-0.663486
0.375179	-0.177389	-0.638185	-0.662920
0.374961	-0.178480	-0.639404	-0.662648
0.375741	-0.178572	-0.636948	-0.663268
0.379659	-0.180188	-0.635401	-0.663077
0.379623	-0.179859	-0.636406	-0.663099
0.379760	-0.181516	-0.635642	-0.663283
0.379668	-0.183598	-0.633689	-0.663093
0.379717	-0.185286	-0.630956	-0.663743
0.379712	-0.186892	-0.632657	-0.664269
0.379744	-0.186692	-0.632091	-0.663246
0.379677	-0.187920	-0.632019	-0.663317
0.379665	-0.188819	-0.632781	-0.662956
0.379630	-0.188510	-0.630306	-0.662906
0.379821	-0.188744	-0.630858	-0.663570
0.379610	-0.188254	-0.630666	-0.664103
0.379724	-0.189293	-0.630263	-0.664174
0.379677	-0.190733	-0.628454	-0.663177
0.379738	-0.190376	-0.628536	-0.662503
0.379737	-0.191489	-0.628456	-0.662919
0.379703	-0.193026	-0.628266	-0.663529
0.379742	-0.190987	-0.627749	-0.664189
0.379635	-0.191631	-0.628518	-0.661687
0.379717	-0.192227	-0.629582	-0.664070
0.379664	-0.191685	-0.629013	-0.664001
0.379808	-0.191608	-0.628000	-0.662924
0.379663	-0.191877	-0.628176	-0.663529
0.379707	-0.192718	-0.627548	-0.662244
0.379701	-0.190367	-0.629060	-0.661923
0.379698	-0.191569	-0.628869	-0.663412
0.379747	-0.191907	-0.627934	-0.663692
0.379702	-0.190256	-0.628292	-0.662168
0.379697	-0.190724	-0.628259	-0.663917
0.379747	-0.190285	-0.628779	-0.663285
0.379763	-0.190910	-0.628966	-0.663301
0.379780	-0.187717	-0.631487	-0.661816
0.379698	-0.187530	-0.631278	-0.663157
0.379721	-0.188542	-0.630827	-0.662343
0.379692	-0.186691	-0.632272	-0.662453
0.379708	-0.185787	-0.632658	-0.663375
0.379679	-0.185116	-0.633622	-0.663043
0.379708	-0.185472	-0.634479	-0.662795
0.379663	-0.185567	-0.632357	-0.663246
0.379614	-0.183083	-0.634261	-0.663623
0.379699	-0.181837	-0.634746	-0.661533
0.379703	-0.182037	-0.636849	-0.663220
0.379732	-0.181385	-0.636132	-0.663738
0.379739	-0.180804	-0.637141	-0.662150
0.379739	-0.181268	-0.635554	-0.663369
0.379756	-0.179660	-0.636351	-0.663694
0.379603	-0.181374	-0.638817	-0.662120
0.379680	-0.180011	-0.638066	-0.662651
0.379673	-0.180897	-0.638829	-0.663297
0.379707	-0.180330	-0.638256	-0.663055
0.379738	-0.180887	-0.637467	-0.661959
0.379773	-0.180868	-0.635556	-0.662187
0.379662	-0.179800	-0.637590	-0.663858
0.379732	-0.180666	-0.637595	-0.663572
0.379723	-0.181309	-0.637539	-0.663887
0.379722	-0.180466	-0.638192	-0.663245
0.379693	-0.179530	-0.636779	-0.663788
0.379674	-0.180958	-0.637601	-0.663142
0.379645	-0.178547	-0.635579	-0.662538
0.379748	-0.179171	-0.639003	-0.662563
0.379673	-0.178934	-0.638289	-0.663851
0.379677	-0.178545	-0.637636	-0.664281
0.379738	-0.177729	-0.637848	-0.664089
0.379718	-0.177980	-0.639392	-0.662651
0.379635	-0.177885	-0.638111	-0.663280
0.379714	-0.177626	-0.638741	-0.662507
0.379667	-0.175519	-0.639464	-0.662998
0.379751	-0.176781	-0.637517	-0.661670
0.379707	-0.176558	-0.638175	-0.664005
0.379808	-0.177881	-0.640079	-0.664316
0.379594	-0.176781	-0.641059	-0.663478
0.379766	-0.176064	-0.639344	-0.662443
0.379563	-0.177120	-0.640254	-0.662973
0.383419	-0.178090	-0.639565	-0.663448
0.384724	-0.177900	-0.640393	-0.662192
0.384296	-0.176953	-0.640590	-0.662574
0.384641	-0.178114	-0.640431	-0.662558
0.384449	-0.176512	-0.640472	-0.662127
0.384553	-0.175489	-0.641593	-0.661831
0.384465	-0.174836	-0.641239	-0.662063
0.384458	-0.175339	-0.639152	-0.663451
0.384424	-0.174057	-0.641378	-0.662847
0.384507	-0.173863	-0.641931	-0.662936
0.384475	-0.174633	-0.642659	-0.663746
0.384484	-0.174096	-0.642247	-0.662839
0.384485	-0.174950	-0.641975	-0.663599
0.384533	-0.175651	-0.642779	-0.662198
0.384499	-0.173423	-0.641461	-0.662396
0.384544	-0.174820	-0.642918	-0.664381
0.384457	-0.175131	-0.644127	-0.662726
0.384509	-0.176009	-0.641722	-0.663045
0.384464	-0.176511	-0.642031	-0.663103
0.384494	-0.176591	-0.642581	-0.662776
0.384449	-0.176581	-0.640105	-0.663302
0.384543	-0.176078	-0.641040	-0.663139
0.384375	-0.176039	-0.641562	-0.662687
0.384511	-0.177143	-0.641329	-0.662628
0.384534	-0.177125	-0.642019	-0.663600
0.384502	-0.177521	-0.642593	-0.661930
0.384529	-0.176319	-0.642256	-0.662948
0.384437	-0.176053	-0.642751	-0.661700
0.384440	-0.175456	-0.644199	-0.662167
0.384444	-0.175588	-0.643970	-0.662519
0.384454	-0.175627	-0.642931	-0.661948
0.384449	-0.175273	-0.643679	-0.663573
0.384502	-0.174848	-0.644706	-0.664108
0.384494	-0.174325	-0.642981	-0.664015
0.384413	-0.175991	-0.642188	-0.662646
0.384484	-0.177767	-0.641287	-0.663372
0.384504	-0.176053	-0.641095	-0.663762
0.384438	-0.176428	-0.641436	-0.663232
0.384479	-0.176045	-0.643174	-0.663014
0.384474	-0.177033	-0.642741	-0.663444
0.384463	-0.176207	-0.645102	-0.663521
0.384506	-0.176950	-0.643989	-0.663747
0.384468	-0.176749	-0.644312	-0.663964
0.384511	-0.177433	-0.645906	-0.662693
0.384489	-0.178219	-0.645365	-0.662880
0.384539	-0.178977	-0.643821	-0.663292
0.384507	-0.179290	-0.644996	-0.663216
0.384502	-0.179660	-0.644264	-0.663258
0.384457	-0.180873	-0.643694	-0.662215
0.384490	-0.182130	-0.642467	-0.661399
0.384490	-0.181926	-0.643194	-0.661888
0.384467	-0.182341	-0.641986	-0.662212
0.384454	-0.184185	-0.642808	-0.663256
0.384524	-0.183175	-0.641819	-0.663266
0.384531	-0.184994	-0.641224	-0.662435
0.384514	-0.185379	-0.640868	-0.666026
0.384458	-0.183900	-0.640828	-0.663255
0.384497	-0.184405	-0.639344	-0.662639
0.384409	-0.185574	-0.639264	-0.662673
0.384483	-0.183628	-0.640878	-0.662731
0.384647	-0.183986	-0.641655	-0.664088
0.388785	-0.184762	-0.639497	-0.662999
0.389539	-0.184898	-0.640074	-0.663515
0.389381	-0.184382	-0.640488	-0.660863
0.389480	-0.185651	-0.639652	-0.662465
0.389423	-0.185832	-0.640549	-0.663117
0.389477	-0.184987	-0.641991	-0.662698
0.389534	-0.183698	-0.642386	-0.662755
0.389468	-0.185579	-0.641267	-0.663049
0.389534	-0.182334	-0.641551	-0.662973
0.389194	-0.182695	-0.642115	-0.664003
0.385000	-0.184289	-0.642009	-0.662794
0.384452	-0.183878	-0.641017	-0.661090
0.384484	-0.184204	-0.639315	-0.663352
0.384518	-0.185002	-0.637731	-0.663679
0.384532	-0.183137	-0.637473	-0.663425
0.384533	-0.185236	-0.638734	-0.663226
0.384508	-0.185193	-0.637799	-0.664221
0.384502	-0.185293	-0.639065	-0.663480
0.384497	-0.183823	-0.638704	-0.662923
0.384479	-0.184382	-0.638988	-0.661910
0.384457	-0.185219	-0.637833	-0.663704
0.384541	-0.185939	-0.638719	-0.663030
0.384433	-0.184444	-0.637328	-0.662748
0.384529	-0.184136	-0.638790	-0.663292
0.384539	-0.184162	-0.639072	-0.663103
0.384467	-0.182938	-0.638692	-0.663664
0.384489	-0.184723	-0.637182	-0.663910
0.384511	-0.183479	-0.636503	-0.662616
0.384556	-0.184394	-0.637648	-0.661724
0.384561	-0.183201	-0.636740	-0.662033
0.384434	-0.183845	-0.637122	-0.662751
0.384511	-0.182704	-0.636889	-0.662033
0.384519	-0.183932	-0.638130	-0.664472
0.384447	-0.182091	-0.638151	-0.663434
0.384469	-0.181899	-0.638146	-0.663183
0.384480	-0.180093	-0.638729	-0.663762
0.384547	-0.181237	-0.641342	-0.662049
0.384459	-0.179958	-0.639664	-0.662016
0.384485	-0.177810	-0.639030	-0.660745
0.384554	-0.180873	-0.639145	-0.662664
0.384493	-0.179714	-0.638843	-0.662740
0.384455	-0.178831	-0.639938	-0.664402
0.384580	-0.178284	-0.638377	-0.663040
0.384378	-0.178030	-0.638799	-0.662112
0.384433	-0.177560	-0.640259	-0.662799
0.384487	-0.178152	-0.641136	-0.663402
0.384551	-0.178078	-0.640284	-0.661789
0.384495	-0.178591	-0.641465	-0.662914
0.384457	-0.178915	-0.641130	-0.664315
0.384457	-0.179023	-0.641828	-0.664487
0.384467	-0.177824	-0.642496	-0.662738
0.384497	-0.179375	-0.643358	-0.662329
0.384416	-0.180495	-0.639887	-0.663287
0.384551	-0.178465	-0.641067	-0.662564
0.384508	-0.179790	-0.640084	-0.663652
0.384527	-0.180016	-0.640010	-0.664297
0.384562	-0.180981	-0.640366	-0.662832
0.384443	-0.180450	-0.641501	-0.664107
0.384430	-0.178903	-0.640709	-0.661078
0.384452	-0.179781	-0.640302	-0.664233
0.384543	-0.177926	-0.639077	-0.663813
0.384514	-0.179720	-0.639508	-0.663443
0.384513	-0.178426	-0.640178	-0.661678
0.384465	-0.179286	-0.640016	-0.661880
0.384478	-0.176521	-0.640397	-0.663800
0.384494	-0.176902	-0.638936	-0.662183
0.384483	-0.175931	-0.641239	-0.663587
0.384595	-0.176031	-0.640154	-0.663162
0.384583	-0.176457	-0.639511	-0.663098
0.384462	-0.177709	-0.640846	-0.661810
0.384479	-0.176835	-0.640147	-0.661548
0.384483	-0.176871	-0.640874	-0.663967
0.384513	-0.178616	-0.640886	-0.664127
0.384511	-0.177337	-0.639977	-0.663724
0.384464	-0.178410	-0.640465	-0.664293
0.384432	-0.177008	-0.641604	-0.663151
0.384547	-0.179214	-0.640052	-0.663100
0.384494	-0.179228	-0.641288	-0.663189
0.384477	-0.178248	-0.641190	-0.662790
0.384511	-0.177262	-0.640041	-0.661844
0.384474	-0.179024	-0.641113	-0.662097
0.384546	-0.181089	-0.639822	-0.661463
0.384503	-0.179829	-0.638798	-0.662295
0.384478	-0.181564	-0.640048	-0.662579
0.384516	-0.180655	-0.637519	-0.662761
0.384497	-0.180645	-0.639142	-0.661147
0.384445	-0.183061	-0.639038	-0.663615
0.384539	-0.181156	-0.639526	-0.663709
0.384423	-0.180397	-0.639043	-0.662795
0.384610	-0.182419	-0.639028	-0.663183
0.384469	-0.179487	-0.638458	-0.663176
0.384595	-0.181555	-0.639434	-0.662781
0.384300	-0.181196	-0.640046	-0.662306
0.384631	-0.180542	-0.639872	-0.663747
0.384256	-0.180081	-0.640576	-0.662842
0.385710	-0.179952	-0.639982	-0.662855
0.389471	-0.179877	-0.641666	-0.663825
0.389381	-0.180690	-0.641962	-0.662364
0.389445	-0.180316	-0.641990	-0.662335
0.389495	-0.179425	-0.642119	-0.663625
0.389352	-0.180118	-0.642670	-0.662043
0.389670	-0.180136	-0.643179	-0.662895
0.388303	-0.181422	-0.642034	-0.664322
0.384217	-0.182300	-0.642878	-0.664729
0.384672	-0.181280	-0.642489	-0.662611
0.384340	-0.182921	-0.642057	-0.662469
0.384677	-0.183016	-0.641986	-0.662949
0.384369	-0.180999	-0.640748	-0.661801
0.384636	-0.181770	-0.641812	-0.664694
0.384324	-0.181654	-0.642000	-0.662988
0.384659	-0.182453	-0.642688	-0.661289
0.384302	-0.180317	-0.641193	-0.664558
0.384715	-0.182111	-0.643723	-0.662981
0.384053	-0.181022	-0.643465	-0.662969
0.385819	-0.180683	-0.643252	-0.662926
0.389606	-0.180758	-0.642886	-0.662008
0.389397	-0.179686	-0.642668	-0.663074
0.389408	-0.180116	-0.643064	-0.664370
0.389675	-0.181818	-0.642218	-0.663721
0.388362	-0.181053	-0.641732	-0.663569
0.384335	-0.180449	-0.641348	-0.664294
0.384628	-0.184274	-0.640828	-0.664192
0.384445	-0.183349	-0.641324	-0.663719
0.384513	-0.184047	-0.641138	-0.663397
0.384453	-0.181416	-0.641519	-0.664105
0.384506	-0.181327	-0.640790	-0.662545
0.384482	-0.183446	-0.640807	-0.662475
0.384490	-0.182734	-0.641539	-0.661855
0.384586	-0.181856	-0.641242	-0.663980
0.384383	-0.181187	-0.640547	-0.663713
0.388401	-0.179660	-0.641191	-0.662602
0.389724	-0.181693	-0.640616	-0.662484
0.389308	-0.181634	-0.640351	-0.662909
0.389551	-0.180111	-0.639474	-0.662969
0.389431	-0.181093	-0.640601	-0.660883
0.389527	-0.181121	-0.640221	-0.662968
0.389436	-0.180815	-0.639433	-0.661705
0.389517	-0.182166	-0.639937	-0.663932
0.389515	-0.183673	-0.640159	-0.662450
0.389339	-0.183141	-0.638335	-0.662250
0.389500	-0.184230	-0.639053	-0.663352
0.389411	-0.183269	-0.638051	-0.662473
0.389524	-0.185199	-0.638121	-0.663694
0.385520	-0.183738	-0.638976	-0.662771
0.384292	-0.182793	-0.638171	-0.664279
0.384613	-0.183928	-0.638472	-0.663543
0.384494	-0.182381	-0.637311	-0.662355
0.384425	-0.182643	-0.637771	-0.662895
0.384495	-0.183379	-0.637064	-0.662480
0.384447	-0.183391	-0.637770	-0.661848
0.384608	-0.184813	-0.636484	-0.663763
0.384400	-0.185445	-0.636577	-0.663320
0.384656	-0.185370	-0.636061	-0.663277
0.384108	-0.186327	-0.636933	-0.663915
0.386347	-0.185598	-0.637565	-0.661865
0.389813	-0.184606	-0.637841	-0.661062
0.389235	-0.184890	-0.637591	-0.663909
0.389466	-0.184691	-0.638156	-0.663822
0.389436	-0.185025	-0.639265	-0.663293
0.389505	-0.185100	-0.639481	-0.660937
0.389344	-0.184100	-0.637123	-0.662252
0.389470	-0.185702	-0.637666	-0.662751
0.389402	-0.186002	-0.636023	-0.663003
0.385210	-0.188507	-0.636978	-0.663738
0.384266	-0.187915	-0.635812	-0.663335
0.384563	-0.188755	-0.634706	-0.663433
0.384440	-0.187542	-0.635263	-0.662986
0.384568	-0.187794	-0.634173	-0.663226
0.384463	-0.188634	-0.634890	-0.662287
0.384626	-0.189118	-0.634295	-0.662771
0.384473	-0.188651	-0.633592	-0.662093
0.384534	-0.188788	-0.633143	-0.661757
0.384484	-0.189350	-0.632469	-0.662358
0.384506	-0.188147	-0.632454	-0.662692
0.384434	-0.188303	-0.634428	-0.663365
0.384429	-0.187725	-0.634847	-0.662203
0.384516	-0.186518	-0.634552	-0.663361
0.384483	-0.187377	-0.632936	-0.662651
0.384440	-0.186345	-0.635776	-0.662918
0.384435	-0.188422	-0.632811	-0.663771
0.384508	-0.188604	-0.632311	-0.660967
0.384488	-0.189244	-0.634206	-0.662867
0.384484	-0.187180	-0.631826	-0.662772
0.384519	-0.188053	-0.630793	-0.662274
0.384488	-0.188974	-0.631754	-0.662454
0.384487	-0.186840	-0.632325	-0.662806
0.384595	-0.185762	-0.632490	-0.662512
0.384455	-0.186352	-0.631134	-0.662609
0.384478	-0.187160	-0.632944	-0.663085
0.384498	-0.186136	-0.633919	-0.663121
0.384549	-0.187015	-0.633286	-0.662190
0.384526	-0.186553	-0.631911	-0.663884
0.384455	-0.186063	-0.630573	-0.664446
0.384498	-0.186378	-0.631911	-0.663783
0.384443	-0.183530	-0.631134	-0.662671
0.384516	-0.183640	-0.632635	-0.662540
0.384527	-0.184921	-0.630792	-0.660283
0.384487	-0.182881	-0.631954	-0.663291
0.384557	-0.183474	-0.631002	-0.663956
0.384526	-0.184678	-0.632373	-0.663993
0.384533	-0.182695	-0.631428	-0.662874
0.384567	-0.182580	-0.633077	-0.663260
0.384527	-0.182131	-0.635024	-0.664586
0.384485	-0.182882	-0.634611	-0.661617
0.384462	-0.182782	-0.634894	-0.662351
0.384459	-0.184196	-0.634728	-0.662002
0.384518	-0.184773	-0.635091	-0.662875
0.384564	-0.184591	-0.633386	-0.661155
0.384511	-0.183970	-0.631653	-0.662153
0.384518	-0.183804	-0.632600	-0.662507
0.384503	-0.183314	-0.632934	-0.662534
0.384440	-0.182201	-0.632954	-0.662636
0.384454	-0.181685	-0.633792	-0.663500
0.384480	-0.180551	-0.634752	-0.661622
0.384513	-0.181869	-0.634997	-0.663216
0.384539	-0.180936	-0.636252	-0.662307
0.384474	-0.180952	-0.636831	-0.662554
0.384531	-0.178918	-0.636146	-0.662949
0.384506	-0.180840	-0.637909	-0.663162
0.384618	-0.180449	-0.638437	-0.662371
0.384521	-0.180551	-0.639219	-0.662346
0.384519	-0.180396	-0.640220	-0.664451
0.384546	-0.179562	-0.639155	-0.663350
0.384573	-0.181143	-0.639353	-0.662642
0.384563	-0.181609	-0.638343	-0.662398
0.384463	-0.181077	-0.637257	-0.663251
0.384440	-0.181744	-0.635668	-0.661890
0.384532	-0.183429	-0.635326	-0.661690
0.384552	-0.182434	-0.633395	-0.662830
0.384480	-0.183731	-0.634697	-0.662190
0.384532	-0.182002	-0.635083	-0.663635
0.384420	-0.182849	-0.634364	-0.662351
0.384534	-0.183144	-0.634845	-0.662879
0.384503	-0.183165	-0.635854	-0.661240
0.384523	-0.182958	-0.634128	-0.662099
0.384411	-0.183714	-0.633584	-0.663039
0.384507	-0.182832	-0.635156	-0.662044
0.384494	-0.184989	-0.635038	-0.663623
0.384513	-0.182729	-0.633196	-0.661950
0.384522	-0.183354	-0.634344	-0.662393
0.384485	-0.183674	-0.634227	-0.663109
0.384533	-0.183192	-0.633597	-0.663494
0.384507	-0.183286	-0.632909	-0.663132
0.384526	-0.183786	-0.634569	-0.663192
0.384495	-0.183052	-0.634980	-0.662555
0.384477	-0.181350	-0.634881	-0.663377
0.384532	-0.180754	-0.637085	-0.662332
0.384494	-0.180952	-0.637700	-0.662088
0.384526	-0.177605	-0.639213	-0.663456
0.384482	-0.178030	-0.638923	-0.662850
0.384512	-0.179738	-0.639629	-0.662208
0.384488	-0.178211	-0.640757	-0.662300
0.384480	-0.179356	-0.640065	-0.662156
0.384482	-0.179186	-0.637266	-0.665425
0.384488	-0.179764	-0.637709	-0.662335
0.384576	-0.179013	-0.636876	-0.661900
0.384465	-0.179189	-0.639386	-0.661455
0.384478	-0.177744	-0.638751	-0.663235
0.384516	-0.178676	-0.639281	-0.663904
0.384528	-0.180306	-0.638560	-0.662413
0.384493	-0.177935	-0.640000	-0.664006
0.384537	-0.178528	-0.639287	-0.661960
0.384504	-0.177608	-0.639293	-0.663798
0.384473	-0.177762	-0.639850	-0.663399
0.384539	-0.176154	-0.640071	-0.661615
0.384479	-0.176685	-0.639634	-0.663530
0.384487	-0.176247	-0.640678	-0.663162
0.384522	-0.177402	-0.641537	-0.661564
0.384459	-0.176836	-0.641995	-0.664158
0.384498	-0.177055	-0.639892	-0.661201
0.384460	-0.177358	-0.641536	-0.663736
0.384528	-0.176958	-0.640498	-0.662712
0.384475	-0.175254	-0.639760	-0.662687
0.384493	-0.174515	-0.643513	-0.663498
0.384546	-0.175743	-0.640590	-0.661172
0.384482	-0.175211	-0.642179	-0.661150
0.384509	-0.174170	-0.641481	-0.663159
0.384492	-0.174203	-0.641435	-0.661048
0.384509	-0.174945	-0.639888	-0.662528
0.384432	-0.174638	-0.642141	-0.662380
0.384473	-0.174623	-0.641540	-0.662581
0.384474	-0.174821	-0.640373	-0.662368
0.384529	-0.175432	-0.640461	-0.663089
0.384445	-0.174987	-0.641314	-0.662602
0.384462	-0.174333	-0.640798	-0.662915
0.384531	-0.175820	-0.642619	-0.662797
0.384462	-0.177724	-0.641071	-0.663034
0.384528	-0.177542	-0.640176	-0.662071
0.384536	-0.177890	-0.640842	-0.663376
0.384507	-0.178144	-0.641346	-0.662745
0.384517	-0.176837	-0.639466	-0.664383
0.384546	-0.177248	-0.640117	-0.663698
0.384448	-0.178535	-0.639602	-0.662854
0.384582	-0.177861	-0.639906	-0.662602
0.384526	-0.178165	-0.640086	-0.664337
0.384516	-0.178332	-0.638126	-0.663172
0.384556	-0.178695	-0.636623	-0.662652
0.384536	-0.179303	-0.637577	-0.662685
0.384479	-0.177665	-0.637845	-0.662013
0.384473	-0.178172	-0.637612	-0.661834
0.384516	-0.175857	-0.637857	-0.662644
0.384504	-0.176950	-0.636449	-0.662583
0.384541	-0.176632	-0.638651	-0.661902
0.384533	-0.175213	-0.639263	-0.662683
0.384489	-0.175459	-0.639018	-0.663111
0.384472	-0.174896	-0.638149	-0.662757
0.384494	-0.174533	-0.639734	-0.662851
0.384399	-0.175665	-0.639706	-0.663490
0.384569	-0.176184	-0.638519	-0.662577
0.384484	-0.177427	-0.637202	-0.661155
0.384528	-0.175075	-0.638595	-0.663528
0.384478	-0.175089	-0.637996	-0.663273
0.384546	-0.174851	-0.638666	-0.662315
0.384517	-0.175761	-0.638116	-0.664353
0.384588	-0.176307	-0.639147	-0.662984
0.384494	-0.175403	-0.640433	-0.663671
0.384511	-0.175344	-0.639684	-0.662430
0.384532	-0.178254	-0.639563	-0.663747
0.384405	-0.175319	-0.638761	-0.661964
0.384514	-0.176235	-0.639028	-0.662271
0.384464	-0.175781	-0.639661	-0.662623
0.384544	-0.176801	-0.640545	-0.663533
0.384532	-0.175516	-0.639532	-0.661853
0.384459	-0.175456	-0.637536	-0.663027
0.384477	-0.175934	-0.639337	-0.663391
0.384500	-0.176938	-0.637677	-0.663018
0.384474	-0.176671	-0.636235	-0.663647
0.384489	-0.175949	-0.638567	-0.660537
0.384489	-0.177024	-0.639226	-0.663044
0.384519	-0.178028	-0.639071	-0.662249
0.384506	-0.179701	-0.639515	-0.663317
0.384410	-0.178649	-0.638973	-0.661974
0.384513	-0.180019	-0.638472	-0.664328
0.384488	-0.180042	-0.637329	-0.662893
0.384566	-0.180510	-0.637013	-0.664078
0.384569	-0.179049	-0.635691	-0.662840
0.384433	-0.179269	-0.635762	-0.663505
0.384554	-0.178516	-0.637585	-0.662354
0.384477	-0.178943	-0.636395	-0.662223
0.384566	-0.178212	-0.635869	-0.662517
0.384509	-0.179947	-0.636849	-0.662048
0.388685	-0.180726	-0.636475	-0.663079
0.389673	-0.179997	-0.635584	-0.662325
0.389352	-0.180757	-0.636417	-0.663805
0.389510	-0.179307	-0.635489	-0.662771
0.389344	-0.180634	-0.635822	-0.663853
0.389417	-0.180814	-0.633979	-0.663078
0.389317	-0.180146	-0.635713	-0.662653
0.389507	-0.180918	-0.635849	-0.663100
0.389423	-0.181232	-0.634468	-0.663246
0.389550	-0.181929	-0.634273	-0.662186
0.389358	-0.182449	-0.633323	-0.661152
0.389505	-0.184052	-0.633613	-0.663833
0.389373	-0.184734	-0.635404	-0.662138
0.389535	-0.184618	-0.633735	-0.662971
0.389310	-0.185989	-0.634010	-0.662370
0.389667	-0.185303	-0.635320	-0.663149
0.389250	-0.185730	-0.633337	-0.662913
0.389891	-0.185788	-0.631417	-0.662024
0.387344	-0.184721	-0.631951	-0.662284
0.384182	-0.185608	-0.632975	-0.663089
0.384837	-0.184721	-0.631155	-0.663317
0.388705	-0.185601	-0.632919	-0.661025
0.389744	-0.185768	-0.633602	-0.661761
0.389305	-0.184790	-0.633590	-0.662797
0.389593	-0.185069	-0.634723	-0.663577
0.389356	-0.183256	-0.633137	-0.662088
0.389539	-0.184733	-0.633797	-0.663087
0.389415	-0.185641	-0.634157	-0.662257
0.389522	-0.185939	-0.631883	-0.663733
0.389386	-0.186671	-0.632370	-0.662716
0.389485	-0.185115	-0.631798	-0.660897
0.389392	-0.186959	-0.632650	-0.662606
0.389298	-0.186295	-0.632281	-0.661668
0.384971	-0.188523	-0.633387	-0.662626
0.384350	-0.186222	-0.633276	-0.662165
0.384508	-0.185343	-0.635146	-0.662205
0.384374	-0.187083	-0.633396	-0.662885
0.384484	-0.186387	-0.633228	-0.663623
0.384521	-0.185163	-0.633500	-0.662127
0.384498	-0.185259	-0.633414	-0.663123
0.384464	-0.184991	-0.632662	-0.663485
0.384492	-0.186128	-0.632655	-0.661935
0.384468	-0.185999	-0.633412	-0.663669
0.384479	-0.185070	-0.633251	-0.661994
0.384513	-0.187590	-0.633386	-0.661922
0.384559	-0.184999	-0.633743	-0.662671
0.384514	-0.186975	-0.633341	-0.662928
0.384480	-0.186541	-0.633654	-0.662988
0.384468	-0.186615	-0.632445	-0.661924
0.384549	-0.188302	-0.631595	-0.662870
0.384526	-0.190122	-0.631481	-0.663724
0.384534	-0.189880	-0.632128	-0.662968
0.384517	-0.187508	-0.631645	-0.662910
0.384484	-0.188685	-0.630631	-0.663068
0.384543	-0.189713	-0.632514	-0.662301
0.384502	-0.189107	-0.631227	-0.663555
0.384574	-0.188381	-0.630663	-0.663129
0.384546	-0.189615	-0.631085	-0.663103
0.384556	-0.188129	-0.630732	-0.662562
0.384458	-0.189131	-0.632023	-0.663128
0.384488	-0.190559	-0.631387	-0.663019
0.384493	-0.189893	-0.629329	-0.660903
0.384511	-0.189704	-0.633176	-0.661132
0.384516	-0.190411	-0.631751	-0.662218
0.384528	-0.188447	-0.631170	-0.662757
0.384508	-0.187969	-0.631642	-0.662026
0.384470	-0.190531	-0.630600	-0.662772
0.384551	-0.188676	-0.629906	-0.662350
0.384534	-0.188481	-0.629092	-0.662360
0.384532	-0.190357	-0.630004	-0.661573
0.384465	-0.189619	-0.627625	-0.661375
0.384468	-0.188283	-0.629283	-0.661959
0.384473	-0.188349	-0.629623	-0.662686
0.384483	-0.188740	-0.629025	-0.661369
0.384494	-0.187752	-0.629194	-0.662794
0.384474	-0.187592	-0.629238	-0.663545
0.384499	-0.188480	-0.629242	-0.662300
0.384458	-0.187928	-0.632312	-0.662479
0.384504	-0.188656	-0.628180	-0.662876
0.384468	-0.187498	-0.628815	-0.661964
0.384518	-0.188224	-0.630386	-0.662175
0.384483	-0.185894	-0.631637	-0.665131
0.384425	-0.187750	-0.629764	-0.663228
0.384478	-0.188364	-0.630506	-0.662158
0.384458	-0.187130	-0.630258	-0.662443
0.384511	-0.186194	-0.628936	-0.661927
0.384484	-0.187252	-0.629413	-0.661930
0.384485	-0.185402	-0.630377	-0.663603
0.384529	-0.185007	-0.629718	-0.662141
0.384433	-0.185087	-0.629120	-0.662012
0.384487	-0.185118	-0.630497	-0.662256
0.384508	-0.183192	-0.630344	-0.661136
0.384439	-0.184723	-0.629758	-0.663258
0.384495	-0.185290	-0.630719	-0.663211
0.384468	-0.185110	-0.629794	-0.662959
0.384499	-0.187826	-0.629534	-0.663578
0.384485	-0.187865	-0.630718	-0.662539
0.384495	-0.188861	-0.629145	-0.663252
0.384557	-0.189049	-0.629136	-0.661876
0.384453	-0.190312	-0.628574	-0.661328
0.384494	-0.191322	-0.628586	-0.663181
0.384449	-0.191744	-0.627504	-0.663501
0.384497	-0.190974	-0.626600	-0.662315
0.384433	-0.190989	-0.625894	-0.662127
0.384586	-0.191396	-0.626083	-0.661880
0.384514	-0.190184	-0.627047	-0.661893
0.384474	-0.190116	-0.625483	-0.662577
0.384424	-0.190605	-0.625563	-0.663077
0.384506	-0.188824	-0.627669	-0.662983
0.384460	-0.188692	-0.627809	-0.661973
0.384522	-0.189331	-0.627254	-0.663213
0.384453	-0.189505	-0.626753	-0.661417
0.384529	-0.188536	-0.629095	-0.662274
0.384432	-0.189788	-0.626101	-0.661585
0.384536	-0.189248	-0.626056	-0.663311
0.384400	-0.188540	-0.629927	-0.662259
0.384569	-0.189743	-0.629660	-0.662094
0.384310	-0.188741	-0.629693	-0.662736
0.384828	-0.188704	-0.630481	-0.662512
0.381137	-0.189520	-0.629834	-0.662731
0.379339	-0.187918	-0.629369	-0.663250
0.379905	-0.187824	-0.630495	-0.662756
0.379618	-0.188543	-0.628629	-0.662361
0.379718	-0.187588	-0.630213	-0.661995
0.379613	-0.189650	-0.628689	-0.661586
0.379765	-0.188150	-0.630609	-0.663103
0.379625	-0.186344	-0.630323	-0.662649
0.379754	-0.186557	-0.630387	-0.662370
0.379776	-0.186141	-0.631420	-0.662196
0.379707	-0.189246	-0.630814	-0.663436
0.379686	-0.186870	-0.632678	-0.662735
0.379702	-0.187531	-0.631741	-0.660857
0.379593	-0.187720	-0.632100	-0.660937
0.379713	-0.187118	-0.631823	-0.660723
0.379714	-0.189373	-0.631452	-0.661132
0.379760	-0.189733	-0.631929	-0.662508
0.379698	-0.190271	-0.628904	-0.661668
0.379702	-0.190010	-0.629225	-0.662207
0.379654	-0.190367	-0.630512	-0.661860
0.379672	-0.189074	-0.630255	-0.662750
0.379736	-0.191475	-0.629132	-0.662976
0.379654	-0.189524	-0.628665	-0.662934
0.379714	-0.191899	-0.628198	-0.662171
0.379702	-0.192096	-0.629287	-0.662631
0.379698	-0.189586	-0.630694	-0.663587
0.379664	-0.191531	-0.629391	-0.662687
0.379734	-0.190864	-0.628130	-0.662770
0.379673	-0.190106	-0.628931	-0.663131
0.379673	-0.190109	-0.629062	-0.663169
0.379719	-0.188462	-0.630407	-0.662173
0.379662	-0.186021	-0.630661	-0.663300
0.379719	-0.186374	-0.631066	-0.662624
0.379793	-0.187129	-0.629807	-0.663068
0.379672	-0.187689	-0.630292	-0.661590
0.379788	-0.188637	-0.630866	-0.662691
0.379776	-0.187424	-0.629912	-0.662854
0.379770	-0.188252	-0.630140	-0.662703
0.379775	-0.186996	-0.630158	-0.662953
0.379608	-0.187194	-0.629874	-0.661319
0.379667	-0.186760	-0.628783	-0.661940
0.379746	-0.186598	-0.627993	-0.661999
0.379788	-0.185427	-0.626938	-0.661769
0.379686	-0.186352	-0.627557	-0.662193
0.379703	-0.185226	-0.626162	-0.662081
0.379698	-0.185468	-0.626219	-0.661765
0.379702	-0.186945	-0.626052	-0.662457
0.379741	-0.186020	-0.626412	-0.661378
0.379693	-0.186283	-0.624819	-0.661415
0.379668	-0.186867	-0.625311	-0.662538
0.379771	-0.188701	-0.624534	-0.661648
0.379736	-0.188478	-0.623216	-0.662363
0.379673	-0.190033	-0.622989	-0.662743
0.379672	-0.189968	-0.621510	-0.662678
0.379713	-0.190799	-0.621777	-0.662893
0.379673	-0.190751	-0.621711	-0.661403
0.379744	-0.190740	-0.622346	-0.661989
0.379679	-0.189574	-0.622198	-0.661652
0.379708	-0.189356	-0.620202	-0.662259
0.379667	-0.188761	-0.620469	-0.661284
0.379691	-0.188888	-0.621785	-0.662581
0.379677	-0.189914	-0.619684	-0.663460
0.379648	-0.190560	-0.621311	-0.661577
0.379708	-0.188580	-0.618299	-0.661737
0.379770	-0.187198	-0.619541	-0.661719
0.379732	-0.189500	-0.623052	-0.662657
0.379741	-0.186757	-0.622510	-0.661676
0.379716	-0.186134	-0.623713	-0.662756
0.379749	-0.184432	-0.624428	-0.663623
0.379657	-0.185479	-0.623781	-0.662612
0.379796	-0.183555	-0.623761	-0.663093
0.379563	-0.183753	-0.625276	-0.662168
0.380004	-0.182361	-0.625354	-0.662748
0.377956	-0.182883	-0.627042	-0.661978
0.374798	-0.181192	-0.626608	-0.662463
0.375303	-0.181162	-0.627911	-0.661630
0.375007	-0.182172	-0.626511	-0.662049
0.375224	-0.181832	-0.624621	-0.661185
0.375065	-0.181292	-0.624206	-0.661982
0.375246	-0.182041	-0.626300	-0.660689
0.374921	-0.182178	-0.626893	-0.663137
0.375274	-0.182110	-0.626976	-0.663412
0.375002	-0.181556	-0.626845	-0.661701
0.375187	-0.182330	-0.627597	-0.662884
0.374996	-0.181790	-0.628109	-0.662627
0.375278	-0.181465	-0.626898	-0.661146
0.374873	-0.182016	-0.627634	-0.661796
0.375380	-0.182531	-0.627315	-0.661889
0.374666	-0.183696	-0.627471	-0.663772
0.377096	-0.183110	-0.625408	-0.662370
0.380033	-0.183734	-0.626316	-0.663516
0.379620	-0.184674	-0.626442	-0.663023
0.379657	-0.184036	-0.627061	-0.661513
0.375653	-0.183878	-0.626910	-0.662735
0.374813	-0.182136	-0.625146	-0.662532
0.375312	-0.182020	-0.627766	-0.661481
0.374710	-0.181595	-0.627042	-0.662088
0.377205	-0.181759	-0.628548	-0.663305
0.380109	-0.181404	-0.629666	-0.663536
0.379485	-0.179685	-0.629517	-0.662264
0.379846	-0.179099	-0.629901	-0.662984
0.379531	-0.177145	-0.630447	-0.662406
0.379866	-0.176566	-0.633954	-0.661922
0.379664	-0.177273	-0.630581	-0.663188
0.379816	-0.177971	-0.632231	-0.661288
0.379640	-0.178102	-0.631950	-0.663112
0.379706	-0.177248	-0.630739	-0.664175
0.379658	-0.179057	-0.632361	-0.663433
0.379703	-0.178430	-0.631079	-0.661709
0.379674	-0.179237	-0.631744	-0.662076
0.379721	-0.179402	-0.630299	-0.662822
0.379714	-0.181326	-0.631570	-0.663296
0.379669	-0.180476	-0.632465	-0.661278
0.379683	-0.182131	-0.630910	-0.662008
0.379713	-0.184608	-0.629209	-0.662435
0.379733	-0.183120	-0.628921	-0.663291
0.379713	-0.183448	-0.629782	-0.663857
0.379588	-0.183373	-0.630095	-0.662300
0.379665	-0.184036	-0.628775	-0.663024
0.379727	-0.184394	-0.628304	-0.663397
0.379699	-0.184601	-0.628957	-0.662837
0.379618	-0.185335	-0.629887	-0.661125
0.379696	-0.185721	-0.628988	-0.661761
0.379722	-0.184537	-0.628767	-0.661437
0.379724	-0.184669	-0.629992	-0.660983
0.379687	-0.184469	-0.629671	-0.662089
0.379731	-0.184409	-0.628971	-0.662601
0.379664	-0.184601	-0.631350	-0.661750
0.379702	-0.183595	-0.632268	-0.663197
0.379713	-0.185616	-0.631041	-0.662200
0.379706	-0.183916	-0.631412	-0.662497
0.379703	-0.184281	-0.633023	-0.662554
0.379657	-0.184255	-0.632909	-0.662207
0.379647	-0.183787	-0.635187	-0.662547
0.379708	-0.182360	-0.635920	-0.663156
0.379707	-0.184008	-0.634992	-0.664393
0.379650	-0.184448	-0.634722	-0.661866
0.379772	-0.181861	-0.634603	-0.662286
0.379650	-0.182095	-0.636096	-0.663237
0.379723	-0.183063	-0.636813	-0.662436
0.379696	-0.181516	-0.636276	-0.661699
0.379738	-0.184248	-0.634124	-0.661453
0.379679	-0.182286	-0.634421	-0.662302
0.379701	-0.182509	-0.637422	-0.662429
0.379683	-0.184402	-0.636017	-0.662391
0.379724	-0.184429	-0.633188	-0.663315
0.379722	-0.184326	-0.633118	-0.662908
0.379701	-0.182456	-0.633684	-0.663771
0.379696	-0.184972	-0.633894	-0.662989
0.379703	-0.183752	-0.634778	-0.662178
0.379692	-0.182127	-0.634336	-0.662661
0.379699	-0.182801	-0.636638	-0.662517
0.379706	-0.184439	-0.635687	-0.662692
0.379763	-0.183236	-0.634757	-0.663823
0.379721	-0.181981	-0.634815	-0.662789
0.379728	-0.183990	-0.636010	-0.661681
0.379673	-0.183632	-0.633579	-0.662623
0.379742	-0.183400	-0.633061	-0.662235
0.379734	-0.184626	-0.634461	-0.662675
0.379680	-0.183121	-0.635014	-0.661455
0.379652	-0.182279	-0.636527	-0.663593
0.379763	-0.182889	-0.635930	-0.661843
0.379702	-0.181836	-0.637963	-0.661548
0.379721	-0.181954	-0.637093	-0.662682
0.379693	-0.182292	-0.637113	-0.662804
0.379689	-0.180651	-0.636232	-0.661692
0.379733	-0.180868	-0.634949	-0.662667
0.379649	-0.182624	-0.633255	-0.662800
0.379747	-0.180739	-0.635985	-0.661606
0.379712	-0.180820	-0.635923	-0.662733
0.379762	-0.180944	-0.634896	-0.662385
0.379704	-0.181113	-0.635841	-0.662533
0.379699	-0.182047	-0.634281	-0.662281
0.379677	-0.181609	-0.634250	-0.662806
0.379669	-0.181892	-0.634301	-0.660631
0.379722	-0.182598	-0.635751	-0.662082
0.379652	-0.181395	-0.633255	-0.662757
0.379731	-0.183824	-0.633508	-0.662346
0.379698	-0.184278	-0.634355	-0.661491
0.379635	-0.183408	-0.632674	-0.662529
0.379634	-0.184586	-0.632103	-0.663029
0.379712	-0.183693	-0.633000	-0.663235
0.379747	-0.183721	-0.634999	-0.661616
0.379704	-0.186477	-0.633688	-0.661893
0.379680	-0.184186	-0.632104	-0.661098
0.379667	-0.185753	-0.632123	-0.661720
0.379663	-0.185741	-0.631131	-0.663277
0.379717	-0.186678	-0.630092	-0.662018
0.379649	-0.184838	-0.631109	-0.662983
0.379684	-0.185206	-0.631183	-0.661890
0.379673	-0.186422	-0.630530	-0.662009
0.379662	-0.186488	-0.631224	-0.660921
0.379680	-0.184467	-0.632496	-0.661747
0.379737	-0.185402	-0.632936	-0.662403
0.379739	-0.184813	-0.633308	-0.662936
0.379632	-0.184848	-0.632278	-0.663742
0.379704	-0.184747	-0.632185	-0.661622
0.379728	-0.184514	-0.631258	-0.661865
0.379622	-0.185312	-0.631439	-0.662004
0.379608	-0.184329	-0.631880	-0.662336
0.379797	-0.184755	-0.629575	-0.661204
0.379718	-0.184773	-0.628397	-0.662014
0.379630	-0.185866	-0.628931	-0.662301
0.379768	-0.185971	-0.629730	-0.659988
0.379761	-0.187623	-0.629198	-0.662028
0.379642	-0.187025	-0.627210	-0.662225
0.379711	-0.188691	-0.629114	-0.662505
0.379772	-0.189000	-0.629293	-0.661250
0.379663	-0.189166	-0.630516	-0.662649
0.379806	-0.189602	-0.627429	-0.662049
0.379698	-0.189909	-0.627204	-0.661184
0.379770	-0.189301	-0.628016	-0.662473
0.379719	-0.189718	-0.627398	-0.662036
0.379632	-0.190644	-0.625788	-0.662487
0.379696	-0.189023	-0.626340	-0.661397
0.379702	-0.189171	-0.625755	-0.662855
0.379664	-0.187735	-0.627003	-0.662230
0.379806	-0.188577	-0.628073	-0.662480
0.379718	-0.189238	-0.627646	-0.663197
0.379649	-0.188314	-0.627982	-0.661264
0.379775	-0.188129	-0.629592	-0.661445
0.379678	-0.190913	-0.629552	-0.661978
0.379644	-0.189415	-0.628597	-0.663666
0.379659	-0.187811	-0.630764	-0.661920
0.379580	-0.187414	-0.631888	-0.663653
0.379733	-0.186554	-0.631398	-0.662032
0.379704	-0.187761	-0.629495	-0.662221
0.379689	-0.187919	-0.632189	-0.662800
0.379692	-0.188089	-0.632920	-0.664381
0.379761	-0.188465	-0.632145	-0.662113
0.379672	-0.188256	-0.631213	-0.662058
0.379727	-0.189063	-0.629163	-0.664878
0.379724	-0.190073	-0.630430	-0.660904
0.379747	-0.188755	-0.631403	-0.663346
0.379704	-0.189405	-0.629576	-0.662578
0.379704	-0.191405	-0.629114	-0.661617
0.379788	-0.191253	-0.629486	-0.661542
0.379739	-0.190943	-0.629480	-0.662535
0.379800	-0.191495	-0.629404	-0.660476
0.379677	-0.189933	-0.628132	-0.663094
0.379686	-0.190933	-0.629164	-0.661452
0.379711	-0.192041	-0.628162	-0.662885
0.379691	-0.191427	-0.629344	-0.661636
0.379703	-0.192735	-0.626838	-0.661605
0.379649	-0.192955	-0.627799	-0.662653
0.379679	-0.191581	-0.629574	-0.662225
0.379688	-0.192812	-0.627377	-0.661787
0.379652	-0.191620	-0.627281	-0.662447
0.379714	-0.191489	-0.628824	-0.661869
0.379717	-0.189987	-0.628319	-0.662356
0.379726	-0.191001	-0.627214	-0.662094
0.379709	-0.191488	-0.628493	-0.661521
0.379791	-0.191645	-0.627483	-0.662705
0.379638	-0.190156	-0.628887	-0.663030
0.379817	-0.193671	-0.629725	-0.664763
0.378223	-0.193194	-0.629145	-0.661905
0.374354	-0.193470	-0.629546	-0.662229
0.377270	-0.192798	-0.628365	-0.661638
0.379778	-0.191217	-0.628632	-0.661103
0.379901	-0.192794	-0.626674	-0.663361
0.378031	-0.190943	-0.626538	-0.662687
0.374638	-0.190419	-0.627627	-0.661747
0.375355	-0.190139	-0.629515	-0.663040
0.374941	-0.190039	-0.627978	-0.663341
0.375252	-0.189577	-0.629307	-0.662000
0.375001	-0.188914	-0.630352	-0.662420
0.379033	-0.189944	-0.628429	-0.662041
0.379837	-0.191349	-0.628240	-0.662242
0.379612	-0.191332	-0.626477	-0.661313
0.379691	-0.192526	-0.626620	-0.662609
0.379702	-0.191993	-0.626180	-0.664140
0.379767	-0.189992	-0.626890	-0.661256
0.379694	-0.190532	-0.626765	-0.662280
0.379679	-0.192300	-0.625903	-0.662379
0.379727	-0.191263	-0.625582	-0.662014
0.379704	-0.189922	-0.626478	-0.662000
0.379707	-0.192809	-0.626226	-0.662657
0.379718	-0.191810	-0.625913	-0.661522
0.379696	-0.189853	-0.627532	-0.663007
0.379524	-0.191034	-0.627261	-0.663240
0.375651	-0.188889	-0.627958	-0.662712
0.374996	-0.189694	-0.626527	-0.660927
0.375187	-0.190199	-0.625928	-0.662301
0.375088	-0.191052	-0.627496	-0.662930
0.375242	-0.190277	-0.626667	-0.661343
0.375131	-0.189615	-0.628470	-0.661575
0.375140	-0.191121	-0.628147	-0.662249
0.375076	-0.190696	-0.627047	-0.661787
0.375119	-0.191162	-0.627838	-0.662389
0.374991	-0.189675	-0.627981	-0.663414
0.375084	-0.190941	-0.626363	-0.662732
0.375050	-0.190643	-0.628277	-0.662888
0.375094	-0.190954	-0.626734	-0.662758
0.375055	-0.193925	-0.627051	-0.662876
0.375199	-0.192898	-0.627536	-0.661387
0.375070	-0.191978	-0.626730	-0.662555
0.375133	-0.193645	-0.626135	-0.662879
0.375113	-0.192479	-0.626324	-0.663213
0.375148	-0.193241	-0.626046	-0.663823
0.375093	-0.194704	-0.624175	-0.662930
0.375195	-0.196554	-0.623562	-0.661821
0.375095	-0.196558	-0.622805	-0.662994
0.375124	-0.199515	-0.622062	-0.661496
0.375088	-0.199938	-0.621594	-0.661215
0.375060	-0.200823	-0.619516	-0.662117
0.375203	-0.200261	-0.618297	-0.662561
0.375077	-0.201161	-0.618669	-0.662817
0.375090	-0.200750	-0.618742	-0.661580
0.375195	-0.200819	-0.617347	-0.663466
0.375086	-0.199555	-0.619802	-0.662535
0.375037	-0.199013	-0.617808	-0.661756
0.375134	-0.199975	-0.619783	-0.661174
0.375108	-0.196886	-0.616656	-0.661502
0.375118	-0.198681	-0.618452	-0.661645
0.375133	-0.198840	-0.617154	-0.662800
0.375044	-0.198538	-0.619583	-0.662326
0.375118	-0.197973	-0.619145	-0.661220
0.375021	-0.196185	-0.617477	-0.663107
0.375193	-0.199168	-0.619560	-0.662895
0.374976	-0.199810	-0.619383	-0.662150
0.375224	-0.200066	-0.618440	-0.662297
0.374837	-0.200198	-0.617665	-0.663538
0.375509	-0.199302	-0.616620	-0.660951
0.372352	-0.200342	-0.618599	-0.662242
0.369683	-0.201193	-0.616665	-0.662698
0.370202	-0.201671	-0.616596	-0.662344
0.369817	-0.201689	-0.616276	-0.662607
0.370122	-0.202894	-0.617388	-0.662419
0.369934	-0.202083	-0.615541	-0.664231
0.370118	-0.202569	-0.616146	-0.661940
0.370042	-0.203784	-0.614519	-0.662472
0.370029	-0.205089	-0.612802	-0.662306
0.369968	-0.203776	-0.614177	-0.662326
0.370087	-0.204649	-0.613304	-0.662041
0.369984	-0.204651	-0.613889	-0.663121
0.370051	-0.203156	-0.613205	-0.662458
0.370020	-0.203662	-0.616185	-0.662393
0.370059	-0.202364	-0.615759	-0.662865
0.370062	-0.202096	-0.614769	-0.661310
0.370063	-0.202438	-0.614635	-0.663550
0.369974	-0.203625	-0.614246	-0.661017
0.370048	-0.202309	-0.615837	-0.662822
0.370029	-0.202829	-0.614696	-0.664144
0.369998	-0.202264	-0.614041	-0.661207
0.370043	-0.202798	-0.614694	-0.662509
0.369999	-0.203592	-0.616149	-0.663080
0.369970	-0.203863	-0.614142	-0.661627
0.370007	-0.204707	-0.615166	-0.661011
0.369935	-0.206383	-0.615156	-0.661399
0.370022	-0.207295	-0.613962	-0.663030
0.369993	-0.206476	-0.612933	-0.662941
0.369958	-0.206800	-0.613493	-0.662413
0.370113	-0.203936	-0.613081	-0.662850
0.369995	-0.206389	-0.612693	-0.663097
0.369998	-0.205906	-0.613503	-0.664125
0.370040	-0.203769	-0.613176	-0.661846
0.370037	-0.206481	-0.613531	-0.662459
0.369973	-0.202428	-0.614514	-0.659889
0.369974	-0.202168	-0.613269	-0.661136
0.370089	-0.204984	-0.613185	-0.663372
0.370038	-0.202723	-0.613932	-0.662037
0.370072	-0.202291	-0.614448	-0.662934
0.370028	-0.201902	-0.614287	-0.662971
0.370073	-0.200614	-0.614780	-0.661928
0.370039	-0.200527	-0.616585	-0.662722
0.370108	-0.200099	-0.616669	-0.662784
0.369955	-0.200976	-0.617340	-0.664247
0.370068	-0.198899	-0.619469	-0.662306
0.369892	-0.198627	-0.618841	-0.662730
0.370274	-0.199063	-0.618649	-0.661662
0.368961	-0.198655	-0.618316	-0.661621
0.364873	-0.198060	-0.617561	-0.660272
0.365146	-0.196693	-0.617012	-0.661779
0.364901	-0.197177	-0.617566	-0.661325
0.365025	-0.196140	-0.618690	-0.662118
0.364931	-0.195677	-0.619489	-0.663018
0.364941	-0.195107	-0.620863	-0.661028
0.364906	-0.193791	-0.620560	-0.662579
0.364972	-0.193329	-0.621795	-0.663327
0.365000	-0.194776	-0.623529	-0.662728
0.365006	-0.191476	-0.624341	-0.662081
0.364907	-0.192866	-0.624726	-0.661578
0.364973	-0.190724	-0.624663	-0.662336
0.365021	-0.191400	-0.623939	-0.660396
0.364948	-0.191610	-0.622499	-0.663238
0.365010	-0.193151	-0.621855	-0.662574
0.364951	-0.189545	-0.622450	-0.662186
0.364986	-0.190843	-0.624270	-0.661405
0.364956	-0.190287	-0.623688	-0.664766
0.365029	-0.189420	-0.624814	-0.662083
0.364976	-0.189521	-0.624091	-0.661274
0.365062	-0.190915	-0.626456	-0.662578
0.364892	-0.191293	-0.624888	-0.662538
0.364960	-0.190124	-0.626623	-0.661171
0.364904	-0.192413	-0.624891	-0.662453
0.365036	-0.191949	-0.626211	-0.663361
0.364844	-0.194638	-0.625605	-0.662821
0.365125	-0.194243	-0.623649	-0.664332
0.364687	-0.193305	-0.624554	-0.662544
0.366344	-0.192882	-0.625375	-0.661224
0.370221	-0.193449	-0.624874	-0.661452
0.369885	-0.192654	-0.622496	-0.660868
0.370118	-0.192003	-0.624435	-0.661116
0.370022	-0.191540	-0.624213	-0.661434
0.370106	-0.188982	-0.624223	-0.662961
0.370008	-0.190330	-0.624119	-0.661393
0.370034	-0.190517	-0.625299	-0.662138
0.370056	-0.189903	-0.626036	-0.661983
0.369925	-0.190025	-0.624014	-0.662192
0.370173	-0.191326	-0.624700	-0.662879
0.369865	-0.190828	-0.624269	-0.663073
0.370340	-0.189799	-0.625302	-0.661685
0.368592	-0.189636	-0.625412	-0.661425
0.364642	-0.188675	-0.625216	-0.662725
0.365180	-0.189136	-0.625918	-0.661638
0.364787	-0.187845	-0.625764	-0.663162
0.365080	-0.187398	-0.626344	-0.663429
0.364839	-0.187548	-0.626017	-0.664164
0.365066	-0.187516	-0.627692	-0.662074
0.364853	-0.187428	-0.626499	-0.662485
0.365094	-0.185061	-0.626657	-0.662487
0.364729	-0.184851	-0.627616	-0.661829
0.368962	-0.184684	-0.629823	-0.660859
0.370259	-0.185597	-0.629008	-0.663847
0.369933	-0.185859	-0.629404	-0.661640
0.370073	-0.183405	-0.628115	-0.662182
0.369884	-0.184360	-0.627334	-0.663479
0.370153	-0.185200	-0.628087	-0.661300
0.369859	-0.184881	-0.628439	-0.663082
0.370187	-0.187620	-0.627736	-0.662376
0.365883	-0.187039	-0.626335	-0.662176
0.364823	-0.189104	-0.625439	-0.662329
0.365009	-0.190188	-0.624924	-0.660476
0.364970	-0.189909	-0.621847	-0.661910
0.364931	-0.189571	-0.624257	-0.661268
0.364987	-0.191511	-0.622005	-0.661762
0.364896	-0.192242	-0.621570	-0.661120
0.365179	-0.191330	-0.622241	-0.661666
0.364681	-0.190581	-0.622585	-0.661952
0.366842	-0.190417	-0.623639	-0.662771
0.370334	-0.191777	-0.623420	-0.662098
0.369791	-0.187671	-0.624243	-0.661444
0.370192	-0.187515	-0.625106	-0.662213
0.369910	-0.187925	-0.625454	-0.663788
0.370111	-0.186799	-0.625166	-0.662051
0.369920	-0.186146	-0.626984	-0.661780
0.370052	-0.187502	-0.627113	-0.661443
0.369949	-0.187638	-0.628708	-0.662545
0.370094	-0.185967	-0.626852	-0.663033
0.370000	-0.184911	-0.627131	-0.662249
0.370096	-0.184404	-0.627971	-0.662862
0.369990	-0.182485	-0.628125	-0.662197
0.370096	-0.182468	-0.629668	-0.662306
0.369941	-0.181277	-0.627365	-0.660999
0.370106	-0.181331	-0.630022	-0.662391
0.369979	-0.180124	-0.630108	-0.662503
0.369975	-0.180635	-0.629407	-0.661646
0.370145	-0.181053	-0.631381	-0.662361
0.374502	-0.180192	-0.630046	-0.662355
0.375223	-0.178995	-0.628897	-0.661881
0.375061	-0.179162	-0.629878	-0.662017
0.375209	-0.179526	-0.630286	-0.662890
0.375036	-0.179821	-0.629143	-0.661468
0.375076	-0.179106	-0.629748	-0.663939
0.375070	-0.178783	-0.628972	-0.663628
0.375094	-0.178548	-0.629174	-0.662547
0.375179	-0.177061	-0.629980	-0.661197
0.375080	-0.175069	-0.629808	-0.661903
0.375124	-0.176572	-0.629488	-0.662007
0.375105	-0.176562	-0.630317	-0.660927
0.375065	-0.176428	-0.631546	-0.663296
0.375141	-0.176494	-0.628962	-0.662414
0.375145	-0.177028	-0.629628	-0.661210
0.375302	-0.177159	-0.630890	-0.661635
0.379213	-0.179681	-0.629893	-0.661616
0.379763	-0.179860	-0.630012	-0.661742
0.379675	-0.179799	-0.628000	-0.661427
0.379739	-0.178403	-0.627735	-0.661969
0.379694	-0.178438	-0.626981	-0.661874
0.379739	-0.176237	-0.626737	-0.661605
0.379622	-0.176746	-0.627169	-0.662241
0.379709	-0.176999	-0.626826	-0.660249
0.379677	-0.177006	-0.626100	-0.662125
0.379767	-0.177458	-0.627300	-0.661909
0.379610	-0.177329	-0.626458	-0.662002
0.379752	-0.179621	-0.627320	-0.662011
0.379596	-0.178766	-0.628193	-0.661648
0.379889	-0.180531	-0.625892	-0.662856
0.379573	-0.179520	-0.629545	-0.661598
0.379951	-0.179904	-0.627946	-0.662296
0.379282	-0.178880	-0.627766	-0.663588
0.382081	-0.179263	-0.628381	-0.662773
0.384906	-0.179605	-0.626568	-0.661060
0.384311	-0.179781	-0.629096	-0.662449
0.384667	-0.181074	-0.628738	-0.661643
0.384309	-0.179141	-0.629070	-0.660689
0.384568	-0.180422	-0.627655	-0.662857
0.384418	-0.181424	-0.629341	-0.662264
0.384562	-0.181993	-0.629775	-0.661641
0.384363	-0.181468	-0.630888	-0.661716
0.384420	-0.179855	-0.630339	-0.662794
0.384450	-0.180405	-0.631146	-0.661022
0.384517	-0.178107	-0.631158	-0.662029
0.384420	-0.179696	-0.633019	-0.662394
0.384548	-0.178537	-0.632932	-0.660740
0.384493	-0.178401	-0.630999	-0.662480
0.384477	-0.179295	-0.631657	-0.662999
0.384398	-0.178843	-0.630710	-0.662023
0.384559	-0.179227	-0.632120	-0.661999
0.384531	-0.178319	-0.631842	-0.662839
0.384549	-0.178805	-0.633688	-0.661150
0.384444	-0.177378	-0.633036	-0.662766
0.384549	-0.178964	-0.635673	-0.663337
0.384408	-0.177973	-0.635525	-0.661762
0.384606	-0.178997	-0.634431	-0.661735
0.384423	-0.179462	-0.635503	-0.661569
0.384511	-0.179673	-0.634344	-0.663361
0.384320	-0.178821	-0.634324	-0.661808
0.384740	-0.180620	-0.637305	-0.662069
0.384041	-0.179925	-0.635250	-0.662440
0.387319	-0.179082	-0.635900	-0.662821
0.389811	-0.179107	-0.634312	-0.661038
0.389240	-0.180810	-0.633312	-0.662875
0.389613	-0.180862	-0.633897	-0.662708
0.389304	-0.179909	-0.635859	-0.662116
0.389446	-0.180257	-0.635272	-0.662548
0.389432	-0.180737	-0.632333	-0.661667
0.389458	-0.182540	-0.633886	-0.662622
0.389416	-0.180979	-0.633394	-0.661825
0.389527	-0.180563	-0.635439	-0.661320
0.389363	-0.180693	-0.634275	-0.662524
0.389427	-0.180998	-0.632871	-0.661777
0.389420	-0.181847	-0.634537	-0.662312
0.389514	-0.180317	-0.634311	-0.662393
0.389450	-0.180839	-0.634146	-0.660567
0.389432	-0.181112	-0.635665	-0.662155
0.389476	-0.181629	-0.636385	-0.661849
0.389522	-0.181141	-0.635142	-0.661833
0.389381	-0.181892	-0.637428	-0.663381
0.389569	-0.181300	-0.637422	-0.661542
0.389480	-0.180643	-0.636651	-0.662603
0.389411	-0.180709	-0.637462	-0.661974
0.389407	-0.181077	-0.637590	-0.663022
0.389563	-0.180982	-0.638868	-0.661974
0.389373	-0.183330	-0.638241	-0.661978
0.389486	-0.181932	-0.636633	-0.661982
0.389302	-0.182451	-0.637964	-0.661720
0.390226	-0.181635	-0.638823	-0.662096
0.394478	-0.183222	-0.638195	-0.661499
0.394568	-0.182597	-0.638243	-0.661418
0.394532	-0.182992	-0.636138	-0.661610
0.394440	-0.184415	-0.634473	-0.662098
0.394519	-0.184504	-0.636757	-0.662039
0.394521	-0.183202	-0.636186	-0.660530
0.394529	-0.182838	-0.636356	-0.661861
0.394543	-0.181407	-0.637046	-0.661668
0.394483	-0.181291	-0.637872	-0.661276
0.394543	-0.182678	-0.637232	-0.661582
0.394467	-0.181246	-0.637559	-0.663044
0.394440	-0.180217	-0.636183	-0.662989
0.394516	-0.179602	-0.637543	-0.662811
0.394452	-0.179585	-0.638170	-0.663400
0.394454	-0.179101	-0.638744	-0.662315
0.394563	-0.177173	-0.639604	-0.661261
0.394513	-0.178120	-0.639624	-0.662668
0.394467	-0.177796	-0.639274	-0.662068
0.394504	-0.176402	-0.639105	-0.662484
0.394571	-0.175568	-0.637454	-0.662151
0.394527	-0.176039	-0.637912	-0.662826
0.394509	-0.173615	-0.639127	-0.662886
0.394503	-0.174025	-0.640638	-0.662158
0.394469	-0.171797	-0.641327	-0.662924
0.394556	-0.172240	-0.640299	-0.662710
0.394489	-0.174039	-0.639728	-0.663122
0.394522	-0.173699	-0.640821	-0.662321
0.394483	-0.172957	-0.640848	-0.661676
0.394633	-0.173962	-0.641725	-0.662093
0.394399	-0.174780	-0.642143	-0.663422
0.394692	-0.174250	-0.642703	-0.661524
0.394262	-0.176212	-0.642129	-0.661751
0.398177	-0.174881	-0.641108	-0.661516
0.399882	-0.175941	-0.642781	-0.662069
0.399399	-0.176303	-0.641709	-0.661780
0.399610	-0.176190	-0.642338	-0.661211
0.399447	-0.177477	-0.641306	-0.662661
0.399649	-0.178264	-0.640965	-0.662310
0.399433	-0.178328	-0.640896	-0.662477
0.399484	-0.177139	-0.641313	-0.662637
0.399505	-0.177492	-0.641544	-0.661692
0.399595	-0.177830	-0.639231	-0.663166
0.399534	-0.177821	-0.639550	-0.661591
0.399531	-0.177323	-0.639681	-0.661019
0.399484	-0.178373	-0.638543	-0.662844
0.399525	-0.178937	-0.639916	-0.662830
0.399520	-0.177207	-0.639577	-0.662673
0.399511	-0.178050	-0.639681	-0.662384
0.399511	-0.177543	-0.639887	-0.663007
0.399544	-0.178004	-0.641624	-0.660610
0.399520	-0.177557	-0.639370	-0.663390
0.399578	-0.176918	-0.639194	-0.660720
0.399584	-0.176715	-0.640032	-0.661801
0.399556	-0.176909	-0.640402	-0.662120
0.399525	-0.177207	-0.641311	-0.663161
0.399507	-0.175392	-0.639109	-0.663183
0.399510	-0.175606	-0.640911	-0.662449
0.399537	-0.175905	-0.641862	-0.662548
0.399547	-0.175985	-0.640060	-0.662498
0.399527	-0.175074	-0.641267	-0.661840
0.399536	-0.179367	-0.641081	-0.661283
0.399499	-0.179078	-0.641165	-0.662550
0.399519	-0.178997	-0.639673	-0.660381
0.399517	-0.179337	-0.640770	-0.661494
0.399615	-0.180455	-0.639312	-0.662338
0.399599	-0.180375	-0.638279	-0.662587
0.399581	-0.182220	-0.638906	-0.662839
0.399534	-0.180466	-0.637405	-0.661387
0.399517	-0.182345	-0.637909	-0.662789
0.399541	-0.181984	-0.638003	-0.661982
0.399465	-0.182620	-0.637177	-0.661254
0.399595	-0.181586	-0.637542	-0.661977
0.399468	-0.182015	-0.637516	-0.661925
0.399624	-0.182056	-0.635817	-0.662444
0.399462	-0.182061	-0.637507	-0.661487
0.403740	-0.180854	-0.639032	-0.663166
0.404923	-0.180238	-0.637726	-0.662408
0.404499	-0.180621	-0.638671	-0.661578
0.404763	-0.180598	-0.637499	-0.662140
0.404542	-0.181347	-0.637846	-0.662349
0.404794	-0.181520	-0.638641	-0.662871
0.404595	-0.180660	-0.638715	-0.661506
0.404697	-0.179393	-0.638619	-0.661038
0.404606	-0.178077	-0.639073	-0.663014
0.404695	-0.177729	-0.638448	-0.660916
0.404593	-0.175231	-0.639073	-0.661929
0.404605	-0.173952	-0.638897	-0.662277
0.400265	-0.175249	-0.641418	-0.661709
0.399342	-0.175334	-0.638812	-0.661098
0.399664	-0.174604	-0.638443	-0.662098
0.399560	-0.175821	-0.639760	-0.662439
0.399540	-0.174627	-0.640807	-0.660824
0.399509	-0.175292	-0.641318	-0.661274
0.399542	-0.174581	-0.640223	-0.660971
0.399495	-0.174920	-0.641505	-0.662018
0.399583	-0.174427	-0.642443	-0.663025
0.399514	-0.175534	-0.641658	-0.662628
0.399547	-0.175209	-0.641301	-0.662039
0.399479	-0.174664	-0.641039	-0.662069
0.399441	-0.174843	-0.641690	-0.662247
0.399611	-0.175265	-0.640772	-0.662160
0.404030	-0.176329	-0.642106	-0.662530
0.404776	-0.175019	-0.639570	-0.662825
0.404500	-0.176324	-0.640364	-0.661605
0.404647	-0.176194	-0.639720	-0.663261
0.404591	-0.175977	-0.640507	-0.662867
0.404630	-0.176210	-0.641218	-0.661667
0.404669	-0.177244	-0.640268	-0.659758
0.404712	-0.178520	-0.638857	-0.660685
0.404623	-0.178017	-0.638174	-0.662443
0.404651	-0.179428	-0.637764	-0.661083
0.404547	-0.179382	-0.636683	-0.662490
0.404638	-0.181182	-0.637620	-0.661365
0.404603	-0.179168	-0.635161	-0.661440
0.404583	-0.178621	-0.637514	-0.660674
0.404707	-0.179475	-0.638156	-0.662623
0.404645	-0.179425	-0.638723	-0.661884
0.404621	-0.179496	-0.639352	-0.662252
0.404633	-0.179273	-0.637350	-0.662918
0.404630	-0.180067	-0.638454	-0.662140
0.404601	-0.179547	-0.638146	-0.662557
0.404613	-0.179922	-0.636569	-0.662311
0.404642	-0.180316	-0.636686	-0.663042
0.404638	-0.179734	-0.637186	-0.661268
0.404600	-0.179536	-0.636334	-0.660260
0.404589	-0.181332	-0.636557	-0.661313
0.404674	-0.178009	-0.637400	-0.661201
0.404685	-0.179049	-0.637419	-0.663354
0.404648	-0.180242	-0.636920	-0.662041
0.404636	-0.177537	-0.637516	-0.661833
0.404636	-0.176441	-0.637840	-0.661935
0.404574	-0.176503	-0.636815	-0.661346
0.404551	-0.176068	-0.638338	-0.661093
0.404621	-0.175592	-0.639101	-0.661250
0.404636	-0.176627	-0.640884	-0.661455
0.404630	-0.175640	-0.639647	-0.660650
0.404687	-0.175613	-0.638879	-0.661403
0.404726	-0.175410	-0.639720	-0.662504
0.404612	-0.173749	-0.636285	-0.662745
0.404623	-0.172673	-0.640195	-0.661214
0.404636	-0.173647	-0.638791	-0.661598
0.404658	-0.172376	-0.638414	-0.661691
0.404616	-0.171989	-0.641540	-0.659956
0.404736	-0.169865	-0.640110	-0.662168
0.404523	-0.170211	-0.642705	-0.661543
0.404613	-0.170818	-0.644410	-0.661453
0.404490	-0.167846	-0.646205	-0.662413
0.404704	-0.166867	-0.644468	-0.663022
0.404494	-0.168472	-0.643634	-0.661714
0.404783	-0.167670	-0.643589	-0.662396
0.404512	-0.168324	-0.643476	-0.661527
0.404852	-0.169698	-0.643559	-0.660903
0.404251	-0.169571	-0.642178	-0.661939
0.407478	-0.169887	-0.643299	-0.661209
0.410153	-0.169683	-0.642926	-0.661919
0.409354	-0.168682	-0.643343	-0.663238
0.409842	-0.169959	-0.643024	-0.661716
0.409500	-0.169173	-0.644112	-0.661362
0.409713	-0.167784	-0.644169	-0.661995
0.409616	-0.168714	-0.645441	-0.661209
0.409736	-0.168211	-0.644073	-0.662011
0.409576	-0.169658	-0.645151	-0.662037
0.409721	-0.168682	-0.644159	-0.662192
0.409563	-0.169920	-0.643272	-0.661052
0.409739	-0.170680	-0.642609	-0.661202
0.409665	-0.172475	-0.642232	-0.662142
0.409637	-0.170992	-0.641070	-0.662024
0.409649	-0.170320	-0.641994	-0.662221
0.409668	-0.170674	-0.643011	-0.661363
0.409608	-0.169275	-0.641358	-0.661498
0.409731	-0.170360	-0.642314	-0.662473
0.409685	-0.171275	-0.642521	-0.661467
0.409719	-0.167675	-0.643263	-0.662609
0.409687	-0.169701	-0.644693	-0.662125
0.409654	-0.169162	-0.644371	-0.661977
0.409665	-0.170154	-0.643917	-0.662325
0.409689	-0.169049	-0.644639	-0.662492
0.409628	-0.170555	-0.644619	-0.662579
0.409652	-0.170774	-0.645073	-0.661752
0.409664	-0.171531	-0.643373	-0.661692
0.409618	-0.172428	-0.643531	-0.662153
0.409714	-0.171599	-0.644409	-0.662331
0.409684	-0.171725	-0.644431	-0.662315
0.409640	-0.172530	-0.646243	-0.660615
0.409655	-0.172095	-0.644569	-0.661340
0.409702	-0.173742	-0.642466	-0.662262
0.409660	-0.173199	-0.643091	-0.660352
0.409712	-0.171600	-0.644278	-0.660766
0.409600	-0.171707	-0.642136	-0.662943
0.409763	-0.171362	-0.642373	-0.662172
0.409598	-0.170187	-0.645221	-0.660869
0.409864	-0.172022	-0.645374	-0.661592
0.409540	-0.170061	-0.644931	-0.662654
0.409802	-0.169109	-0.645053	-0.662401
0.409290	-0.171546	-0.644778	-0.663444
0.412928	-0.170340	-0.643904	-0.663014
0.414987	-0.169912	-0.643708	-0.661537
0.414431	-0.170505	-0.644317	-0.661506
0.414769	-0.169719	-0.644394	-0.661692
0.414643	-0.169587	-0.645344	-0.661549
0.414679	-0.173997	-0.645216	-0.660616
0.414578	-0.171790	-0.645395	-0.661591
0.414714	-0.169481	-0.645814	-0.661098
0.414591	-0.169903	-0.646167	-0.660298
0.414706	-0.169706	-0.647546	-0.661321
0.414665	-0.169659	-0.646817	-0.662319
0.414717	-0.169600	-0.646653	-0.661476
0.414648	-0.170474	-0.647844	-0.662355
0.414692	-0.170288	-0.647160	-0.661469
0.414673	-0.168422	-0.646562	-0.662097
0.414665	-0.168957	-0.647390	-0.660655
0.414621	-0.169908	-0.647636	-0.661729
0.414627	-0.168292	-0.648279	-0.661517
0.414750	-0.170006	-0.646752	-0.660999
0.414702	-0.168725	-0.646627	-0.662509
0.414656	-0.169914	-0.646355	-0.661665
0.414686	-0.167624	-0.647435	-0.661217
0.414628	-0.170440	-0.647917	-0.662310
0.414645	-0.169517	-0.648021	-0.661518
0.414717	-0.168759	-0.648751	-0.659128
0.414656	-0.168037	-0.648420	-0.663099
0.414655	-0.167936	-0.648132	-0.661944
0.414695	-0.167930	-0.648547	-0.660936
0.414632	-0.168045	-0.649739	-0.662140
0.414661	-0.169945	-0.647364	-0.662031
0.414625	-0.168886	-0.647985	-0.662109
0.414679	-0.169504	-0.649944	-0.661578
0.414716	-0.169144	-0.646954	-0.661860
0.414676	-0.171014	-0.648752	-0.662122
0.414668	-0.168500	-0.649865	-0.662379
0.414569	-0.168866	-0.648650	-0.661200
0.414643	-0.169010	-0.650197	-0.663326
0.414605	-0.168256	-0.650802	-0.661687
0.414641	-0.166467	-0.650710	-0.662384
0.414677	-0.166805	-0.649858	-0.661937
0.414661	-0.166030	-0.651127	-0.661989
0.414636	-0.166727	-0.651648	-0.660541
0.414640	-0.166618	-0.651032	-0.661261
0.414616	-0.166588	-0.651308	-0.661657
0.414730	-0.166697	-0.650592	-0.661522
0.414651	-0.168343	-0.649738	-0.660560
0.414702	-0.168750	-0.648771	-0.659823
0.414670	-0.167563	-0.648346	-0.663209
0.414656	-0.168333	-0.649031	-0.662038
0.414558	-0.167299	-0.649642	-0.661791
0.414790	-0.166925	-0.648694	-0.660329
0.414571	-0.168223	-0.652107	-0.663083
0.418728	-0.168622	-0.650621	-0.662324
0.420027	-0.169307	-0.650483	-0.662539
0.419643	-0.168751	-0.651912	-0.661904
0.419811	-0.168431	-0.649745	-0.661250
0.419677	-0.170312	-0.650754	-0.661162
0.419764	-0.169580	-0.650308	-0.661620
0.419702	-0.169723	-0.649498	-0.661777
0.419774	-0.169077	-0.650662	-0.662222
0.419633	-0.168327	-0.648709	-0.662584
0.419831	-0.169067	-0.648503	-0.660379
0.419721	-0.168257	-0.649239	-0.660700
0.419754	-0.167026	-0.649964	-0.661719
0.419757	-0.165687	-0.649511	-0.662785
0.419738	-0.167331	-0.651324	-0.662111
0.419759	-0.165753	-0.650664	-0.661648
0.419721	-0.166825	-0.650201	-0.662326
0.419689	-0.165250	-0.651635	-0.660988
0.419718	-0.165231	-0.651567	-0.661983
0.419805	-0.164755	-0.653534	-0.661767
0.419748	-0.164712	-0.654625	-0.659773
0.419788	-0.163810	-0.653733	-0.661587
0.419634	-0.162226	-0.651354	-0.663003
0.419729	-0.162177	-0.653739	-0.662029
0.419709	-0.164952	-0.653210	-0.661207
0.419700	-0.164289	-0.652765	-0.662235
0.419729	-0.162852	-0.653482	-0.660099
0.419805	-0.163076	-0.653314	-0.660501
0.419737	-0.161995	-0.653253	-0.661886
0.419757	-0.164413	-0.652796	-0.661316
0.419748	-0.163681	-0.654419	-0.661715
0.419751	-0.165022	-0.653549	-0.661687
0.419729	-0.163264	-0.653722	-0.661633
0.419732	-0.163033	-0.653519	-0.660667
0.419724	-0.163642	-0.653400	-0.660606
0.419727	-0.163622	-0.654515	-0.662240
0.419731	-0.164556	-0.654885	-0.661957
0.419719	-0.164622	-0.653447	-0.660334
0.419758	-0.164349	-0.652555	-0.661040
0.419751	-0.165999	-0.654076	-0.660692
0.419695	-0.165461	-0.652346	-0.661514
0.419654	-0.166320	-0.652316	-0.663415
0.419727	-0.168048	-0.651077	-0.661970
0.419684	-0.169074	-0.650738	-0.659831
0.419746	-0.169405	-0.649393	-0.661677
0.419733	-0.168611	-0.649161	-0.661859
0.419779	-0.169948	-0.649026	-0.661948
0.419660	-0.166941	-0.648803	-0.661910
0.419723	-0.168417	-0.649432	-0.661382
0.419754	-0.166383	-0.648917	-0.661820
0.419698	-0.166228	-0.648865	-0.661764
0.419718	-0.167649	-0.649655	-0.661666
0.419766	-0.166925	-0.649165	-0.661199
0.419747	-0.166003	-0.650592	-0.661687
0.419728	-0.164671	-0.650027	-0.661655
0.419739	-0.162674	-0.650370	-0.660743
0.419728	-0.163242	-0.650471	-0.660686
0.419698	-0.164807	-0.649508	-0.662133
0.419736	-0.165214	-0.648972	-0.663052
0.419734	-0.164326	-0.649062	-0.662361
0.419699	-0.163155	-0.650001	-0.662658
0.419708	-0.164574	-0.650190	-0.662037
0.419709	-0.162809	-0.650865	-0.661590
0.419726	-0.163231	-0.651018	-0.662618
0.419747	-0.162365	-0.650543	-0.660812
0.419751	-0.163101	-0.650053	-0.661801
0.419705	-0.162421	-0.650472	-0.662538
0.419747	-0.162614	-0.651183	-0.660909
0.419649	-0.164469	-0.651466	-0.662171
0.419679	-0.162983	-0.649393	-0.661185
0.419667	-0.164370	-0.649523	-0.662477
0.420047	-0.164359	-0.649892	-0.662484
0.424100	-0.163921	-0.648793	-0.662349
0.424454	-0.162794	-0.649380	-0.661357
0.424286	-0.163662	-0.648864	-0.660983
0.424340	-0.161593	-0.649753	-0.661018
0.424377	-0.161794	-0.649390	-0.661199
0.424408	-0.160704	-0.652589	-0.660947
0.424367	-0.160187	-0.651496	-0.660705
0.424334	-0.159477	-0.650894	-0.660566
0.424441	-0.159561	-0.651431	-0.662166
0.424410	-0.159660	-0.651856	-0.661749
0.424472	-0.159659	-0.651911	-0.661123
0.424319	-0.157517	-0.651995	-0.660696
0.424494	-0.159824	-0.652758	-0.661248
0.424297	-0.160231	-0.652509	-0.662537
0.424469	-0.160506	-0.651013	-0.659986
0.424320	-0.160852	-0.652697	-0.661316
0.424480	-0.160873	-0.652045	-0.662505
0.424292	-0.161977	-0.652356	-0.661291
0.424485	-0.163396	-0.653045	-0.662435
0.424204	-0.164821	-0.654198	-0.661661
0.424636	-0.164493	-0.653821	-0.662028
0.423971	-0.164437	-0.652468	-0.662549
0.427258	-0.163467	-0.652737	-0.662612
0.429988	-0.165742	-0.651842	-0.661752
0.429240	-0.166864	-0.653233	-0.662092
0.429840	-0.167378	-0.651887	-0.660967
0.426762	-0.164940	-0.653390	-0.662596
0.423602	-0.165896	-0.652149	-0.662613
0.427523	-0.167071	-0.651685	-0.661603
0.429725	-0.166399	-0.652739	-0.661352
0.429485	-0.165871	-0.650768	-0.661230
0.429461	-0.167675	-0.650307	-0.663194
0.429683	-0.166253	-0.649561	-0.662272
0.429323	-0.166303	-0.651254	-0.661947
0.429986	-0.166865	-0.651857	-0.662571
0.426453	-0.168272	-0.651137	-0.660589
0.424127	-0.167274	-0.650710	-0.661853
0.424508	-0.167563	-0.651337	-0.661433
0.424433	-0.167230	-0.652477	-0.661472
0.424132	-0.167914	-0.651681	-0.661626
0.427369	-0.170071	-0.652999	-0.662206
0.430228	-0.168615	-0.652852	-0.662067
0.428519	-0.167792	-0.653085	-0.663792
0.424564	-0.169101	-0.651437	-0.662577
0.424438	-0.169249	-0.652698	-0.660565
0.424369	-0.168863	-0.653832	-0.661171
0.424530	-0.169116	-0.653405	-0.660317
0.424015	-0.169249	-0.653547	-0.661285
0.427583	-0.169740	-0.653951	-0.660305
0.429900	-0.169983	-0.654173	-0.662058
0.429319	-0.170918	-0.652963	-0.660279
0.429719	-0.168470	-0.653525	-0.661382
0.429379	-0.168087	-0.655184	-0.660785
0.429670	-0.167662	-0.654543	-0.662726
0.429429	-0.168278	-0.655138	-0.661344
0.429702	-0.166362	-0.655657	-0.660845
0.429521	-0.166146	-0.656070	-0.662406
0.429609	-0.165477	-0.656004	-0.661731
0.429456	-0.165645	-0.658222	-0.661630
0.429531	-0.164348	-0.656748	-0.662118
0.429471	-0.164316	-0.658637	-0.662002
0.429567	-0.165189	-0.657305	-0.662482
0.429659	-0.164347	-0.656459	-0.662069
0.429539	-0.164671	-0.657121	-0.661587
0.429640	-0.162558	-0.658269	-0.660651
0.429527	-0.162083	-0.657722	-0.661982
0.429501	-0.161898	-0.658576	-0.660632
0.429559	-0.162582	-0.658064	-0.660645
0.429571	-0.162002	-0.658287	-0.661757
0.429559	-0.163948	-0.657230	-0.660921
0.429537	-0.164074	-0.658108	-0.660168
0.429564	-0.164432	-0.656133	-0.661944
0.429559	-0.163015	-0.657059	-0.660964
0.429584	-0.165214	-0.655234	-0.660914
0.429470	-0.164572	-0.656431	-0.661902
0.429532	-0.163122	-0.655553	-0.661294
0.429554	-0.161429	-0.655776	-0.660503
0.429585	-0.163525	-0.657335	-0.661181
0.429574	-0.164181	-0.655370	-0.661166
0.429580	-0.162897	-0.655935	-0.662305
0.429547	-0.164141	-0.657089	-0.661304
0.429522	-0.163160	-0.654902	-0.660927
0.429532	-0.162743	-0.655365	-0.661180
0.429561	-0.163831	-0.657408	-0.661995
0.429556	-0.164248	-0.656038	-0.662563
0.429546	-0.164005	-0.655812	-0.661382
0.429589	-0.164777	-0.656113	-0.661422
0.429515	-0.164750	-0.655781	-0.661707
0.429620	-0.165548	-0.655635	-0.661706
0.429588	-0.166228	-0.656756	-0.661542
0.429532	-0.166531	-0.654430	-0.661955
0.429552	-0.166153	-0.654426	-0.661206
0.429535	-0.165385	-0.653703	-0.661876
0.429574	-0.165029	-0.654318	-0.660750
0.429588	-0.168437	-0.653563	-0.662428
0.429566	-0.165944	-0.653499	-0.661048
0.429497	-0.166671	-0.653218	-0.661499
0.429570	-0.169954	-0.654025	-0.661199
0.429556	-0.169050	-0.653699	-0.662566
0.429601	-0.169699	-0.653069	-0.661893
0.429572	-0.170307	-0.652643	-0.659347
0.429604	-0.170936	-0.651132	-0.659889
0.429552	-0.171647	-0.650556	-0.661569
0.429545	-0.174564	-0.647805	-0.662061
0.429521	-0.176320	-0.647302	-0.661944
0.429535	-0.174752	-0.647571	-0.661092
0.429540	-0.175014	-0.645324	-0.658535
0.429577	-0.176610	-0.644341	-0.661389
0.429526	-0.174345	-0.646420	-0.662425
0.429594	-0.173554	-0.645444	-0.661781
0.429584	-0.171468	-0.646983	-0.661454
0.429572	-0.172585	-0.646520	-0.659965
0.429550	-0.170506	-0.647612	-0.660837
0.429488	-0.170865	-0.647177	-0.661248
0.429527	-0.171841	-0.647811	-0.660362
0.429621	-0.169655	-0.649890	-0.661690
0.429571	-0.169877	-0.648994	-0.662815
0.429547	-0.167491	-0.648630	-0.661031
0.429556	-0.167442	-0.648744	-0.660758
0.429512	-0.168634	-0.648998	-0.660845
0.429635	-0.166028	-0.647279	-0.660313
0.429511	-0.167468	-0.646080	-0.661377
0.429603	-0.168162	-0.647583	-0.661506
0.429447	-0.166592	-0.647568	-0.661113
0.429664	-0.167185	-0.647094	-0.659857
0.429386	-0.165930	-0.647277	-0.661072
0.429708	-0.165785	-0.647351	-0.661022
0.425329	-0.164919	-0.649360	-0.661306
0.424250	-0.164643	-0.648444	-0.662011
0.424459	-0.166299	-0.647746	-0.661086
0.424398	-0.164971	-0.651145	-0.661635
0.424303	-0.164349	-0.650151	-0.662533
0.424608	-0.164771	-0.650319	-0.661705
0.424060	-0.164788	-0.648583	-0.660612
0.426235	-0.164363	-0.649476	-0.660115
0.429976	-0.162141	-0.649788	-0.661031
0.429344	-0.163393	-0.650150	-0.662300
0.429756	-0.163047	-0.651299	-0.660933
0.429378	-0.161954	-0.651344	-0.661502
0.429616	-0.160720	-0.651180	-0.660974
0.429501	-0.160297	-0.652452	-0.662285
0.429604	-0.158249	-0.653188	-0.661434
0.429441	-0.156832	-0.653461	-0.661727
0.429643	-0.156165	-0.653365	-0.661305
0.429551	-0.157443	-0.652044	-0.658529
0.429636	-0.157232	-0.653412	-0.661196
0.429536	-0.155761	-0.653062	-0.662479
0.429580	-0.155776	-0.653669	-0.660944
0.429530	-0.156673	-0.651674	-0.660206
0.429581	-0.157158	-0.652044	-0.660849
0.429517	-0.156120	-0.651690	-0.660077
0.429599	-0.155449	-0.655073	-0.660388
0.429552	-0.155206	-0.654610	-0.661917
0.429551	-0.155970	-0.655567	-0.659536
0.429521	-0.154156	-0.657418	-0.660010
0.429574	-0.156193	-0.657746	-0.661804
0.429564	-0.155919	-0.658202	-0.660660
0.429478	-0.155415	-0.657340	-0.660596
0.429520	-0.154052	-0.658975	-0.661914
0.429487	-0.154659	-0.657161	-0.661229
0.429541	-0.153852	-0.657261	-0.662552
0.429541	-0.156013	-0.656414	-0.661246
0.429639	-0.154738	-0.657275	-0.660626
0.429567	-0.156568	-0.657104	-0.660759
0.429496	-0.156801	-0.656875	-0.661182
0.429659	-0.157229	-0.656381	-0.660933
0.433912	-0.156673	-0.655821	-0.660253
0.434683	-0.154563	-0.655337	-0.660908
0.434473	-0.156214	-0.656444	-0.661434
0.434525	-0.155738	-0.657692	-0.661002
0.434551	-0.154654	-0.657092	-0.661866
0.434557	-0.153230	-0.658632	-0.660691
0.434460	-0.153141	-0.657647	-0.661271
0.434498	-0.152294	-0.658292	-0.659793
0.434475	-0.151257	-0.659107	-0.660619
0.434603	-0.153273	-0.658227	-0.660423
0.434471	-0.151704	-0.658211	-0.660507
0.434519	-0.152639	-0.657471	-0.661489
0.434542	-0.152971	-0.658782	-0.660005
0.434499	-0.152570	-0.658015	-0.661152
0.434440	-0.152724	-0.659819	-0.662041
0.434477	-0.151041	-0.659077	-0.661283
0.434461	-0.150471	-0.661011	-0.661387
0.434498	-0.152619	-0.658621	-0.660280
0.434563	-0.151712	-0.658072	-0.661904
0.434499	-0.151234	-0.659573	-0.662207
0.434519	-0.151826	-0.659508	-0.662493
0.434499	-0.151225	-0.658389	-0.661896
0.434488	-0.152118	-0.658903	-0.660805
0.434495	-0.148780	-0.660993	-0.660974
0.434544	-0.150250	-0.660004	-0.661578
0.434449	-0.149581	-0.659326	-0.660721
0.434924	-0.149681	-0.661402	-0.662196
0.439207	-0.150071	-0.661695	-0.661573
0.439566	-0.149909	-0.660328	-0.660429
0.439441	-0.150153	-0.659849	-0.660859
0.439417	-0.150210	-0.660838	-0.661576
0.439500	-0.147287	-0.660117	-0.662916
0.439471	-0.149636	-0.661769	-0.661051
0.439493	-0.148604	-0.660820	-0.662062
0.439427	-0.147537	-0.661680	-0.661494
0.439475	-0.150145	-0.661990	-0.661078
0.439471	-0.150049	-0.660760	-0.661101
0.439462	-0.150287	-0.661729	-0.661484
0.439507	-0.149303	-0.662891	-0.661934
0.439450	-0.151212	-0.661563	-0.660426
0.439468	-0.147426	-0.660761	-0.662748
0.439496	-0.148502	-0.661340	-0.661504
0.439402	-0.150295	-0.660048	-0.660372
0.439491	-0.150539	-0.660600	-0.663306
0.439376	-0.148680	-0.660536	-0.661526
0.439609	-0.149278	-0.661735	-0.658970
0.439397	-0.150364	-0.660583	-0.662026
0.439456	-0.150505	-0.660789	-0.660543
0.439475	-0.149733	-0.662043	-0.660677
0.439506	-0.151894	-0.661964	-0.662043
0.439427	-0.153537	-0.661741	-0.660437
0.439492	-0.152088	-0.662159	-0.660481
0.439329	-0.152474	-0.661978	-0.660649
0.440193	-0.154020	-0.660844	-0.661007
0.444622	-0.154090	-0.658949	-0.659349
0.444671	-0.154752	-0.659241	-0.659862
0.444666	-0.155439	-0.658339	-0.661360
0.444562	-0.154644	-0.659084	-0.660248
0.444608	-0.155681	-0.659522	-0.661838
0.444629	-0.155657	-0.657455	-0.661387
0.444583	-0.155012	-0.659439	-0.661410
0.444647	-0.155136	-0.657555	-0.661824
0.444628	-0.155607	-0.658206	-0.662596
0.444553	-0.154193	-0.658132	-0.661805
0.444607	-0.155110	-0.660400	-0.659985
0.444587	-0.153981	-0.659825	-0.661357
0.444574	-0.155196	-0.660854	-0.661944
0.444618	-0.153060	-0.659306	-0.661296
0.444607	-0.153707	-0.659687	-0.660937
0.444538	-0.153902	-0.660012	-0.660735
0.444588	-0.152108	-0.659249	-0.660137
0.444614	-0.153845	-0.661639	-0.660214
0.444572	-0.153150	-0.659279	-0.661567
0.444596	-0.154914	-0.658009	-0.661118
0.444611	-0.153370	-0.659982	-0.660451
0.444553	-0.152317	-0.658845	-0.660536
0.444637	-0.153331	-0.659622	-0.660696
0.444602	-0.154602	-0.659890	-0.660338
0.444629	-0.153891	-0.659892	-0.659836
0.444582	-0.154674	-0.659467	-0.662162
0.444583	-0.153244	-0.660674	-0.661255
0.444547	-0.154095	-0.658972	-0.662659
0.444637	-0.155138	-0.661068	-0.661023
0.444498	-0.156065	-0.660336	-0.661313
0.444612	-0.155894	-0.659653	-0.660798
0.444453	-0.154693	-0.658965	-0.661440
0.444814	-0.154402	-0.661377	-0.660456
0.444365	-0.154697	-0.660992	-0.660796
0.445678	-0.154726	-0.659378	-0.661251
0.449586	-0.156190	-0.659036	-0.661593
0.449452	-0.157419	-0.658747	-0.660916
0.449579	-0.157110	-0.659460	-0.661200
0.449669	-0.158049	-0.657463	-0.659619
0.449407	-0.155638	-0.657815	-0.660273
0.449870	-0.157690	-0.660212	-0.660561
0.446123	-0.156805	-0.658455	-0.660527
0.444268	-0.157189	-0.659511	-0.658747
0.444803	-0.156220	-0.659037	-0.661382
0.444470	-0.156526	-0.659003	-0.661596
0.444607	-0.156866	-0.660209	-0.661600
0.444598	-0.156120	-0.659523	-0.660957
0.444602	-0.157118	-0.660981	-0.661167
0.444557	-0.156931	-0.660791	-0.662454
0.444503	-0.155703	-0.662032	-0.659787
0.444677	-0.158654	-0.661228	-0.660932
0.444346	-0.156369	-0.661260	-0.661635
0.445772	-0.155605	-0.661597	-0.661410
0.449782	-0.156074	-0.663371	-0.661318
0.449388	-0.154984	-0.663064	-0.661325
0.449703	-0.154587	-0.661349	-0.660565
0.449399	-0.156334	-0.660153	-0.661358
0.449742	-0.155998	-0.659986	-0.660616
0.449386	-0.153858	-0.660130	-0.661130
0.449807	-0.153300	-0.660373	-0.660277
0.449251	-0.153754	-0.662166	-0.661206
0.449803	-0.153097	-0.661969	-0.659158
0.445840	-0.153110	-0.663353	-0.661231
0.444380	-0.152038	-0.662889	-0.661036
0.444707	-0.150897	-0.663501	-0.660869
0.444584	-0.153474	-0.663599	-0.661336
0.444628	-0.152224	-0.664144	-0.661344
0.444596	-0.153345	-0.662656	-0.660582
0.444364	-0.153825	-0.664328	-0.661940
0.448209	-0.153295	-0.664057	-0.661784
0.449831	-0.155328	-0.662805	-0.661339
0.449370	-0.155055	-0.662794	-0.660503
0.449589	-0.155248	-0.663663	-0.662425
0.449497	-0.154034	-0.661845	-0.662354
0.449615	-0.154604	-0.663227	-0.660471
0.449606	-0.153822	-0.663183	-0.661377
0.449628	-0.155039	-0.663968	-0.661201
0.449547	-0.155091	-0.663683	-0.661444
0.449643	-0.152688	-0.665456	-0.660947
0.449475	-0.154385	-0.664922	-0.661100
0.449596	-0.153514	-0.664970	-0.661047
0.449534	-0.153702	-0.663516	-0.660392
0.449599	-0.153742	-0.664827	-0.661088
0.449503	-0.153766	-0.664792	-0.659718
0.449572	-0.153612	-0.665075	-0.661595
0.449512	-0.153366	-0.664604	-0.660590
0.449669	-0.153507	-0.663663	-0.661468
0.449531	-0.152968	-0.664995	-0.661890
0.449567	-0.153564	-0.664090	-0.660028
0.449668	-0.154821	-0.664308	-0.662681
0.449570	-0.156235	-0.665200	-0.660577
0.449532	-0.157208	-0.664855	-0.661770
0.449586	-0.158467	-0.663467	-0.660734
0.449586	-0.158435	-0.662808	-0.659749
0.449496	-0.158307	-0.663426	-0.659752
0.449608	-0.159950	-0.662958	-0.661675
0.449541	-0.160192	-0.662394	-0.659403
0.449684	-0.158814	-0.661637	-0.660496
0.449512	-0.158984	-0.662230	-0.661869
0.449562	-0.160246	-0.661701	-0.661776
0.449557	-0.159166	-0.660313	-0.661157
0.449561	-0.159756	-0.661498	-0.662227
0.449476	-0.160241	-0.660240	-0.660700
0.449643	-0.158201	-0.661599	-0.660397
0.449525	-0.158910	-0.658765	-0.661195
0.449717	-0.159340	-0.658266	-0.659960
0.453585	-0.159605	-0.657505	-0.662364
0.455267	-0.158203	-0.659601	-0.660759
0.452547	-0.156852	-0.658218	-0.661739
0.449296	-0.158029	-0.658161	-0.662261
0.449619	-0.157522	-0.659830	-0.661947
0.449599	-0.156948	-0.659653	-0.659996
0.449550	-0.156603	-0.659988	-0.661650
0.449570	-0.158189	-0.660036	-0.661967
0.449527	-0.158892	-0.659439	-0.661762
0.449661	-0.157272	-0.658212	-0.660022
0.449382	-0.159715	-0.658977	-0.661166
0.449852	-0.160698	-0.658844	-0.660731
0.447464	-0.161361	-0.658028	-0.660794
0.444212	-0.158957	-0.658576	-0.658803
0.444831	-0.160137	-0.657281	-0.660146
0.444407	-0.160137	-0.658112	-0.661509
0.444757	-0.160578	-0.660687	-0.661606
0.444487	-0.159376	-0.661125	-0.660839
0.444661	-0.161466	-0.660051	-0.660599
0.444525	-0.160654	-0.659851	-0.662172
0.444656	-0.160066	-0.658933	-0.661280
0.444552	-0.162827	-0.658178	-0.659212
0.444647	-0.161453	-0.657463	-0.661288
0.444569	-0.161753	-0.657507	-0.660264
0.444609	-0.161175	-0.658102	-0.661750
0.444594	-0.160678	-0.656498	-0.661328
0.444663	-0.159499	-0.657659	-0.660320
0.444617	-0.159604	-0.657258	-0.663158
0.444587	-0.159422	-0.656797	-0.663216
0.444554	-0.161301	-0.658384	-0.660545
0.444603	-0.158965	-0.658650	-0.660706
0.444628	-0.159994	-0.657018	-0.660527
0.444636	-0.160477	-0.659651	-0.661388
0.444596	-0.159721	-0.659455	-0.660551
0.444548	-0.162926	-0.658066	-0.660739
0.444525	-0.162935	-0.656980	-0.661407
0.444581	-0.162864	-0.656229	-0.662500
0.444594	-0.163792	-0.654236	-0.662157
0.444597	-0.165131	-0.655738	-0.661012
0.444623	-0.165159	-0.656913	-0.662374
0.444569	-0.165780	-0.655974	-0.663045
0.444614	-0.164641	-0.655400	-0.661905
0.444470	-0.164639	-0.654952	-0.660571
0.444678	-0.166004	-0.655320	-0.661303
0.444588	-0.164950	-0.655211	-0.660521
0.444701	-0.164882	-0.654233	-0.660027
0.444583	-0.164077	-0.654276	-0.661423
0.444571	-0.163622	-0.653950	-0.661940
0.444513	-0.163254	-0.654430	-0.661457
0.444583	-0.163414	-0.654167	-0.660555
0.444582	-0.164500	-0.654125	-0.660873
0.444637	-0.161819	-0.655649	-0.660721
0.444542	-0.162788	-0.653648	-0.660778
0.444682	-0.165078	-0.654521	-0.662048
0.444544	-0.165034	-0.655046	-0.659735
0.444806	-0.165628	-0.654739	-0.659752
0.444396	-0.164241	-0.654167	-0.661310
0.444998	-0.165379	-0.654647	-0.661237
0.441874	-0.166232	-0.655484	-0.660002
0.438999	-0.165708	-0.654741	-0.662003
0.439682	-0.165224	-0.655620	-0.661438
0.439328	-0.165725	-0.653868	-0.660517
0.439519	-0.165029	-0.653933	-0.660537
0.439376	-0.164029	-0.653024	-0.660185
0.439539	-0.164746	-0.655253	-0.662544
0.439433	-0.164937	-0.656652	-0.661323
0.439492	-0.164568	-0.654125	-0.661846
0.439413	-0.164086	-0.654667	-0.660956
0.439532	-0.164434	-0.655503	-0.661955
0.439448	-0.165854	-0.655186	-0.660432
0.439559	-0.163994	-0.654620	-0.661638
0.439500	-0.165677	-0.653724	-0.661518
0.439429	-0.166884	-0.652153	-0.661268
0.439516	-0.167699	-0.653060	-0.661155
0.439450	-0.167394	-0.651342	-0.661554
0.439438	-0.168699	-0.652303	-0.660580
0.439452	-0.168987	-0.650235	-0.661640
0.439460	-0.171171	-0.650981	-0.662727
0.439456	-0.173239	-0.651507	-0.662092
0.439417	-0.173693	-0.649859	-0.661553
0.439443	-0.174981	-0.649067	-0.660434
0.439476	-0.175549	-0.648972	-0.660325
0.439461	-0.175129	-0.647225	-0.662573
0.439492	-0.174862	-0.647413	-0.662712
0.439455	-0.175554	-0.647830	-0.661353
0.439451	-0.174810	-0.645916	-0.662210
0.439480	-0.173418	-0.648568	-0.660193
0.439502	-0.173364	-0.649775	-0.660862
0.439402	-0.172163	-0.648882	-0.661899
0.439497	-0.173436	-0.650344	-0.661237
0.439476	-0.173242	-0.648735	-0.661057
0.439577	-0.172394	-0.648796	-0.661036
0.439350	-0.173306	-0.648692	-0.662028
0.439527	-0.173403	-0.648349	-0.660497
0.439359	-0.171822	-0.648508	-0.661838
0.439643	-0.171998	-0.647824	-0.661656
0.438750	-0.170779	-0.649319	-0.660751
0.434497	-0.171904	-0.649776	-0.660178
0.434518	-0.170476	-0.648257	-0.660231
0.434461	-0.169449	-0.649387	-0.660596
0.434549	-0.170708	-0.649615	-0.660558
0.434465	-0.172200	-0.648105	-0.661846
0.434426	-0.172788	-0.649181	-0.660694
0.434483	-0.172847	-0.646217	-0.660788
0.434587	-0.172622	-0.645871	-0.660635
0.434489	-0.172960	-0.646405	-0.661786
0.434514	-0.172856	-0.645021	-0.660775
0.434532	-0.173264	-0.643208	-0.662178
0.434490	-0.171859	-0.644186	-0.660241
0.434505	-0.171496	-0.643807	-0.660617
0.434558	-0.170230	-0.643954	-0.660097
0.434495	-0.168203	-0.645926	-0.661760
0.434548	-0.168302	-0.646290	-0.661105
0.434500	-0.169641	-0.645192	-0.661279
0.434471	-0.170447	-0.643784	-0.661393
0.434487	-0.170019	-0.644869	-0.660186
0.434543	-0.170197	-0.645035	-0.660869
0.434434	-0.168497	-0.642751	-0.661370
0.434613	-0.170611	-0.643897	-0.661691
0.434367	-0.171426	-0.642675	-0.660617
0.434535	-0.171446	-0.644525	-0.661761
0.434397	-0.172553	-0.642771	-0.661567
0.434616	-0.171893	-0.642420	-0.660439
0.434326	-0.173578	-0.643239	-0.662780
0.434811	-0.172831	-0.640931	-0.661256
0.430999	-0.171508	-0.643541	-0.660239
0.429214	-0.171520	-0.642720	-0.662287
0.429796	-0.170904	-0.643312	-0.663181
0.429470	-0.168851	-0.643402	-0.659841
0.429646	-0.171145	-0.643551	-0.660977
0.429437	-0.170416	-0.642769	-0.660869
0.429560	-0.170706	-0.643135	-0.659371
0.429565	-0.169629	-0.641901	-0.659432
0.429598	-0.169422	-0.643005	-0.660914
0.429580	-0.170300	-0.641872	-0.660910
0.429571	-0.169055	-0.642952	-0.661050
0.429525	-0.171874	-0.641095	-0.662696
0.429519	-0.171675	-0.642601	-0.661503
0.429544	-0.172538	-0.642134	-0.661047
0.429593	-0.172231	-0.642099	-0.660287
0.429481	-0.172221	-0.642581	-0.661093
0.429577	-0.172545	-0.642550	-0.661362
0.429514	-0.173587	-0.642184	-0.661372
0.429595	-0.174403	-0.642945	-0.660928
0.429461	-0.175209	-0.641893	-0.660521
0.429515	-0.176056	-0.640716	-0.661620
0.429517	-0.175855	-0.641584	-0.661430
0.429517	-0.176235	-0.641090	-0.661759
0.429583	-0.175847	-0.639067	-0.662088
0.429580	-0.177851	-0.639743	-0.660738
0.429529	-0.179113	-0.642244	-0.659084
0.429531	-0.177865	-0.640016	-0.659872
0.429603	-0.178145	-0.639117	-0.662435
0.429566	-0.179214	-0.638799	-0.659506
0.429549	-0.179783	-0.639281	-0.659887
0.429601	-0.180071	-0.638065	-0.662379
0.429566	-0.182519	-0.638150	-0.660417
0.429566	-0.180608	-0.637016	-0.660149
0.429514	-0.181182	-0.637433	-0.660269
0.429599	-0.181493	-0.636124	-0.659371
0.429525	-0.182180	-0.636054	-0.659784
0.429585	-0.184921	-0.634367	-0.661184
0.429613	-0.184935	-0.633593	-0.660437
0.429614	-0.184931	-0.634961	-0.659717
0.429636	-0.185996	-0.634439	-0.661076
0.429603	-0.189264	-0.633897	-0.659973
0.429473	-0.188238	-0.634121	-0.660879
0.429605	-0.188984	-0.634409	-0.660864
0.429477	-0.188054	-0.633938	-0.659536
0.429636	-0.189473	-0.632780	-0.660885
0.429480	-0.189341	-0.634172	-0.661468
0.429618	-0.187474	-0.633810	-0.661369
0.429397	-0.188806	-0.634619	-0.661816
0.429648	-0.185513	-0.634682	-0.661357
0.429354	-0.186144	-0.634763	-0.663325
0.429904	-0.185524	-0.636079	-0.661369
0.427751	-0.184325	-0.636186	-0.660074
0.424056	-0.182901	-0.638446	-0.662717
0.424556	-0.182672	-0.638328	-0.660720
0.424288	-0.181559	-0.637938	-0.660982
0.424533	-0.180977	-0.638899	-0.659413
0.424342	-0.178605	-0.639180	-0.661685
0.424474	-0.179187	-0.641476	-0.660273
0.424302	-0.178550	-0.642867	-0.660508
0.424332	-0.178784	-0.642432	-0.662686
0.424419	-0.178955	-0.642596	-0.660566
0.424492	-0.177130	-0.642885	-0.661760
0.424332	-0.178109	-0.643487	-0.662525
0.424528	-0.177563	-0.643293	-0.661947
0.424211	-0.178110	-0.644516	-0.660879
0.424700	-0.177477	-0.643954	-0.662004
0.422694	-0.178520	-0.643204	-0.662093
0.419391	-0.177924	-0.644569	-0.660407
0.419951	-0.180514	-0.643915	-0.662552
0.419512	-0.179355	-0.641740	-0.661108
0.420067	-0.180242	-0.642299	-0.661215
0.419283	-0.180094	-0.642563	-0.662122
0.421677	-0.180158	-0.640711	-0.661162
0.424712	-0.178485	-0.641461	-0.661661
0.424233	-0.179092	-0.641772	-0.660691
0.424477	-0.179575	-0.640821	-0.660966
0.424335	-0.180509	-0.641478	-0.661222
0.424485	-0.180681	-0.641354	-0.662408
0.424418	-0.180311	-0.639041	-0.659809
0.424344	-0.181946	-0.638927	-0.661265
0.424428	-0.180939	-0.640562	-0.661636
0.424382	-0.178871	-0.637908	-0.660700
0.424406	-0.177777	-0.638776	-0.659567
0.424361	-0.179401	-0.640379	-0.660457
0.424498	-0.178476	-0.640418	-0.660665
0.424444	-0.178566	-0.640527	-0.661452
0.424484	-0.177828	-0.639496	-0.661113
0.424308	-0.176353	-0.639273	-0.659352
0.424573	-0.177591	-0.637419	-0.661457
0.424222	-0.177342	-0.639730	-0.660934
0.424538	-0.178153	-0.639146	-0.661828
0.419792	-0.179678	-0.638580	-0.661772
0.421848	-0.177767	-0.639785	-0.660606
0.424845	-0.178520	-0.638255	-0.660483
0.424168	-0.179137	-0.639622	-0.661707
0.424581	-0.178301	-0.636504	-0.660632
0.424387	-0.178903	-0.636972	-0.661222
0.424444	-0.180295	-0.635711	-0.661043
0.424389	-0.179830	-0.636959	-0.659950
0.424223	-0.177525	-0.634935	-0.659782
0.424691	-0.178515	-0.635469	-0.661830
0.422274	-0.176655	-0.633533	-0.661492
0.419230	-0.178209	-0.634142	-0.660664
0.420099	-0.180114	-0.635164	-0.659808
0.419226	-0.177621	-0.635370	-0.661909
0.422065	-0.178899	-0.635749	-0.661735
0.424749	-0.178238	-0.635733	-0.660560
0.424169	-0.179443	-0.635632	-0.659947
0.424637	-0.178342	-0.635148	-0.660327
0.424132	-0.180385	-0.635938	-0.661479
0.424732	-0.179102	-0.635188	-0.661610
0.422060	-0.177004	-0.634812	-0.661452
0.419401	-0.179317	-0.637058	-0.660089
0.419984	-0.179251	-0.634953	-0.660641
0.419648	-0.180031	-0.635014	-0.661126
0.419802	-0.177825	-0.634408	-0.660317
0.419712	-0.176772	-0.634740	-0.661501
0.419779	-0.177981	-0.634817	-0.659904
0.419694	-0.176801	-0.633801	-0.659852
0.419823	-0.175710	-0.634845	-0.660155
0.419718	-0.175359	-0.636547	-0.658938
0.419759	-0.175603	-0.636289	-0.661014
0.419689	-0.174810	-0.637072	-0.660842
0.419795	-0.174808	-0.637390	-0.661417
0.419674	-0.173457	-0.638493	-0.661473
0.419789	-0.174079	-0.638624	-0.660837
0.419710	-0.175612	-0.638869	-0.661021
0.419700	-0.175075	-0.638468	-0.661184
0.419773	-0.175022	-0.637843	-0.660701
0.419685	-0.173943	-0.639170	-0.660585
0.419761	-0.173026	-0.640363	-0.661056
0.419729	-0.174574	-0.639863	-0.660874
0.419771	-0.174583	-0.639045	-0.660406
0.419737	-0.175628	-0.638791	-0.662302
0.419692	-0.174567	-0.639172	-0.661320
0.419766	-0.176199	-0.638756	-0.661577
0.419703	-0.176139	-0.638880	-0.660632
0.419736	-0.176272	-0.639932	-0.660419
0.419764	-0.176831	-0.639502	-0.662508
0.419700	-0.177023	-0.637557	-0.660776
0.419726	-0.176862	-0.639397	-0.662008
0.419777	-0.175700	-0.639857	-0.660716
0.419748	-0.174440	-0.638289	-0.661522
0.419786	-0.177502	-0.638709	-0.660110
0.419683	-0.175696	-0.640334	-0.661687
0.419732	-0.176332	-0.641099	-0.662071
0.419675	-0.174517	-0.640955	-0.660956
0.419759	-0.174989	-0.640455	-0.660543
0.419803	-0.174888	-0.641239	-0.662571
0.419636	-0.175340	-0.641210	-0.661754
0.419689	-0.177657	-0.640764	-0.660357
0.419768	-0.177328	-0.641476	-0.661502
0.419756	-0.177353	-0.640210	-0.661563
0.419690	-0.178078	-0.641071	-0.661207
0.419756	-0.176822	-0.642242	-0.661790
0.419747	-0.175795	-0.641450	-0.661881
0.419742	-0.177364	-0.642269	-0.661835
0.419734	-0.177316	-0.642658	-0.661844
0.419766	-0.176690	-0.642486	-0.661657
0.419689	-0.176923	-0.641571	-0.660983
0.419699	-0.177197	-0.641942	-0.661820
0.419640	-0.178214	-0.642454	-0.660788
0.419777	-0.177576	-0.641485	-0.661211
0.419674	-0.175183	-0.641074	-0.661975
0.419736	-0.175101	-0.641440	-0.661299
0.419697	-0.174544	-0.640670	-0.661891
0.419777	-0.173508	-0.642570	-0.661299
0.419683	-0.172893	-0.644600	-0.661182
0.419822	-0.171503	-0.644822	-0.660974
0.419748	-0.171765	-0.645063	-0.660817
0.419736	-0.170653	-0.645401	-0.661360
0.419634	-0.171673	-0.644531	-0.661088
0.419881	-0.171461	-0.645600	-0.659862
0.419606	-0.171491	-0.646265	-0.660981
0.419926	-0.169773	-0.644800	-0.661139
0.419442	-0.171916	-0.643739	-0.660371
0.422895	-0.172196	-0.646375	-0.660477
0.424714	-0.172525	-0.644464	-0.661220
0.424189	-0.171932	-0.646063	-0.661818
0.424490	-0.173525	-0.645871	-0.661722
0.424342	-0.173957	-0.644460	-0.663884
0.424430	-0.174673	-0.642553	-0.661442
0.424389	-0.173301	-0.644021	-0.661162
0.424497	-0.172693	-0.644592	-0.661423
0.424372	-0.174633	-0.643011	-0.660885
0.424349	-0.172913	-0.644322	-0.660498
0.424418	-0.172398	-0.644082	-0.660741
0.424275	-0.170038	-0.645062	-0.659499
0.424613	-0.170062	-0.645253	-0.660923
0.423326	-0.167348	-0.646950	-0.660616
0.419535	-0.167686	-0.648400	-0.661345
0.419865	-0.166914	-0.648987	-0.661548
0.419537	-0.165292	-0.648910	-0.660842
0.419934	-0.166502	-0.650448	-0.661980
0.419463	-0.165874	-0.650840	-0.660914
0.420872	-0.166262	-0.650459	-0.661180
0.424568	-0.166293	-0.650228	-0.661724
0.424224	-0.165741	-0.649769	-0.662237
0.424582	-0.165443	-0.652359	-0.661176
0.424100	-0.165740	-0.648638	-0.662510
0.424699	-0.166552	-0.649360	-0.662319
0.420928	-0.165134	-0.650703	-0.661331
0.419487	-0.165612	-0.648348	-0.660998
0.419789	-0.165877	-0.648384	-0.661107
0.419713	-0.166491	-0.648838	-0.662180
0.419749	-0.168097	-0.648616	-0.661586
0.419856	-0.168949	-0.647816	-0.662102
0.419664	-0.171140	-0.647696	-0.662197
0.423246	-0.171074	-0.645592	-0.661353
0.424697	-0.171774	-0.646915	-0.661873
0.424191	-0.173881	-0.643550	-0.660490
0.424461	-0.173067	-0.644550	-0.661211
0.424387	-0.175146	-0.643093	-0.661810
0.424438	-0.175802	-0.641664	-0.662285
0.424332	-0.175076	-0.642035	-0.662166
0.424438	-0.176940	-0.641700	-0.660817
0.424331	-0.176208	-0.641507	-0.661454
0.424446	-0.176360	-0.640882	-0.660626
0.424371	-0.176655	-0.640735	-0.660332
0.424413	-0.176802	-0.640730	-0.664009
0.424399	-0.178441	-0.639530	-0.661357
0.424524	-0.177856	-0.638776	-0.660884
0.424332	-0.178849	-0.638552	-0.660875
0.424542	-0.177611	-0.638139	-0.660567
0.420646	-0.178624	-0.637838	-0.662108
0.419435	-0.177620	-0.639017	-0.661707
0.419826	-0.177185	-0.639434	-0.661744
0.419640	-0.175825	-0.640027	-0.661955
0.419722	-0.175528	-0.639929	-0.661002
0.419736	-0.174348	-0.639511	-0.661358
0.419767	-0.174254	-0.640478	-0.661369
0.419682	-0.172912	-0.643451	-0.661226
0.419702	-0.173001	-0.640422	-0.661341
0.419697	-0.173653	-0.641757	-0.659783
0.419729	-0.171918	-0.642934	-0.661492
0.419667	-0.173380	-0.641665	-0.661458
0.419743	-0.174413	-0.642323	-0.660923
0.419721	-0.174328	-0.641985	-0.660620
0.419717	-0.175492	-0.643122	-0.661793
0.419705	-0.173115	-0.642746	-0.661387
0.419712	-0.174668	-0.642553	-0.658326
0.419727	-0.175364	-0.642160	-0.660798
0.419756	-0.176061	-0.641851	-0.662213
0.419727	-0.174546	-0.642225	-0.660606
0.419762	-0.173932	-0.641288	-0.661499
0.419771	-0.173077	-0.643204	-0.660072
0.419690	-0.173911	-0.642772	-0.660979
0.419722	-0.171581	-0.641715	-0.660352
0.419700	-0.170296	-0.643130	-0.660414
0.419690	-0.169302	-0.643615	-0.660680
0.419779	-0.170485	-0.644563	-0.660468
0.419719	-0.170435	-0.644899	-0.661632
0.419811	-0.169768	-0.645404	-0.662836
0.419723	-0.169285	-0.645433	-0.659970
0.419727	-0.170311	-0.644642	-0.661831
0.419723	-0.171193	-0.646230	-0.661536
0.419777	-0.168754	-0.645870	-0.661430
0.419811	-0.169474	-0.646652	-0.660587
0.419741	-0.168590	-0.647693	-0.660741
0.419743	-0.170763	-0.647711	-0.661711
0.419763	-0.170754	-0.648128	-0.661735
0.419761	-0.169436	-0.647622	-0.662041
0.419694	-0.168968	-0.646982	-0.661300
0.419707	-0.168273	-0.647127	-0.660829
0.419712	-0.168858	-0.648078	-0.660675
0.419709	-0.169690	-0.648002	-0.660531
0.419743	-0.168580	-0.648007	-0.661011
0.419722	-0.169582	-0.646174	-0.661038
0.419727	-0.169400	-0.646250	-0.661026
0.419721	-0.169248	-0.647005	-0.661139
0.419726	-0.169780	-0.645565	-0.661177
0.419715	-0.170278	-0.647319	-0.661028
0.419689	-0.169910	-0.647918	-0.660403
0.419774	-0.168462	-0.646487	-0.661286
0.419746	-0.168591	-0.645740	-0.660972
0.419773	-0.168719	-0.644894	-0.661761
0.419721	-0.170558	-0.644887	-0.661448
0.419769	-0.170221	-0.645933	-0.661105
0.419668	-0.171680	-0.645588	-0.661055
0.419808	-0.172816	-0.647759	-0.662029
0.419717	-0.173304	-0.644941	-0.662758
0.419787	-0.172903	-0.645903	-0.660785
0.419709	-0.171807	-0.645934	-0.661263
0.419816	-0.171117	-0.645303	-0.661433
0.419591	-0.172053	-0.646529	-0.661801
0.420177	-0.169564	-0.646492	-0.662231
0.423738	-0.171086	-0.645763	-0.660239
0.424882	-0.169422	-0.647247	-0.659477
0.422147	-0.171524	-0.647508	-0.661207
0.419397	-0.169524	-0.645042	-0.660944
0.419926	-0.170864	-0.646901	-0.661107
0.419515	-0.171442	-0.646365	-0.660396
0.419822	-0.169963	-0.645652	-0.661700
0.419705	-0.169680	-0.647028	-0.662304
0.419719	-0.168517	-0.647453	-0.660032
0.419704	-0.170735	-0.647245	-0.660399
0.419781	-0.170303	-0.648227	-0.661496
0.419662	-0.170167	-0.648496	-0.660517
0.419714	-0.170109	-0.647952	-0.662781
0.419654	-0.169983	-0.649372	-0.661457
0.419726	-0.172280	-0.647760	-0.660931
0.419695	-0.172241	-0.648437	-0.663310
0.419779	-0.172599	-0.647529	-0.660505
0.419737	-0.172444	-0.645963	-0.661873
0.419677	-0.171883	-0.647305	-0.659904
0.419663	-0.174188	-0.645188	-0.661344
0.419778	-0.175464	-0.645637	-0.660743
0.419641	-0.174718	-0.646465	-0.660005
0.419784	-0.175440	-0.646286	-0.661479
0.419752	-0.175042	-0.646572	-0.660369
0.419693	-0.174607	-0.646400	-0.661601
0.419679	-0.174872	-0.646277	-0.661206
0.419721	-0.174075	-0.645253	-0.659306
0.419705	-0.173099	-0.645028	-0.661673
0.419718	-0.172041	-0.645430	-0.661323
0.419729	-0.174448	-0.646822	-0.661771
0.419719	-0.175225	-0.644580	-0.661136
0.419753	-0.175289	-0.643781	-0.662706
0.419654	-0.175763	-0.645701	-0.662844
0.419737	-0.175387	-0.644406	-0.660367
0.419718	-0.175090	-0.645379	-0.661989
0.419752	-0.173814	-0.645290	-0.660849
0.419746	-0.175932	-0.645032	-0.661597
0.419684	-0.175464	-0.647160	-0.661602
0.419752	-0.175432	-0.646906	-0.661816
0.419792	-0.176000	-0.645751	-0.660771
0.419762	-0.176156	-0.644739	-0.660508
0.419670	-0.177437	-0.646212	-0.661529
0.419788	-0.177612	-0.644155	-0.660721
0.419708	-0.177695	-0.643876	-0.660570
0.419620	-0.177472	-0.644396	-0.661306
0.419882	-0.177026	-0.644654	-0.660110
0.419694	-0.176593	-0.645123	-0.660828
0.419737	-0.177243	-0.642916	-0.661032
0.419722	-0.177154	-0.644080	-0.662230
0.419766	-0.178294	-0.644069	-0.661306
0.419719	-0.176358	-0.645088	-0.660748
0.419771	-0.175320	-0.646834	-0.660983
0.419754	-0.174797	-0.644900	-0.662604
0.419757	-0.175032	-0.644926	-0.659431
0.419783	-0.176039	-0.645592	-0.661205
0.419684	-0.176576	-0.644950	-0.661722
0.419702	-0.176640	-0.645895	-0.662379
0.419815	-0.176438	-0.643145	-0.662153
0.419761	-0.179560	-0.643655	-0.662221
0.419688	-0.177978	-0.644099	-0.661587
0.419781	-0.178415	-0.643777	-0.662499
0.419710	-0.177906	-0.641678	-0.662207
0.419668	-0.176645	-0.645300	-0.661577
0.419678	-0.177147	-0.643293	-0.661323
0.419840	-0.176980	-0.642229	-0.661420
0.418972	-0.178447	-0.644054	-0.661511
0.414296	-0.177831	-0.643377	-0.661343
0.418055	-0.178196	-0.641683	-0.660432
0.420094	-0.178203	-0.644123	-0.661060
0.419520	-0.177899	-0.642954	-0.660402
0.419817	-0.178393	-0.642752	-0.662817
0.419675	-0.177681	-0.641946	-0.660163
0.419802	-0.176498	-0.642649	-0.661068
0.419659	-0.177302	-0.642298	-0.660582
0.419823	-0.176318	-0.640852	-0.661645
0.419702	-0.177801	-0.642586	-0.660839
0.419764	-0.176478	-0.642076	-0.660966
0.419679	-0.175183	-0.642937	-0.661519
0.419815	-0.176310	-0.642647	-0.659957
0.419714	-0.174239	-0.644004	-0.661557
0.419762	-0.175280	-0.641638	-0.661030
0.419674	-0.174566	-0.643658	-0.662330
0.419778	-0.175265	-0.643899	-0.660828
0.419561	-0.175305	-0.642534	-0.661468
0.419845	-0.175372	-0.643241	-0.660530
0.419534	-0.175231	-0.641852	-0.662062
0.420003	-0.175643	-0.641828	-0.660282
0.416043	-0.177033	-0.641610	-0.660692
0.414390	-0.178209	-0.641986	-0.660246
0.414750	-0.178923	-0.641502	-0.660312
0.414577	-0.180594	-0.639792	-0.660887
0.414690	-0.181247	-0.640054	-0.661440
0.414662	-0.181036	-0.640267	-0.661286
0.414721	-0.181335	-0.639718	-0.660991
0.414722	-0.182309	-0.637508	-0.660924
0.414558	-0.180805	-0.638018	-0.661729
0.414844	-0.179676	-0.637734	-0.660674
0.414339	-0.180117	-0.639122	-0.659842
0.418434	-0.178676	-0.639985	-0.660650
0.420013	-0.180067	-0.638934	-0.659968
0.419653	-0.180568	-0.639046	-0.660334
0.419695	-0.180074	-0.638324	-0.661309
0.420030	-0.181432	-0.636925	-0.660647
0.418474	-0.179143	-0.637648	-0.660612
0.414341	-0.179680	-0.637100	-0.661115
0.414867	-0.180048	-0.635129	-0.660084
0.414539	-0.181385	-0.636037	-0.659549
0.414687	-0.180424	-0.634489	-0.661955
0.414583	-0.179138	-0.637636	-0.660807
0.414722	-0.176814	-0.635657	-0.661110
0.414628	-0.178119	-0.636160	-0.659487
0.414692	-0.175170	-0.637934	-0.661657
0.414603	-0.175592	-0.638091	-0.661895
0.414776	-0.174967	-0.637947	-0.659720
0.414606	-0.173559	-0.638323	-0.660875
0.414707	-0.173129	-0.637618	-0.660657
0.414653	-0.173802	-0.638232	-0.660545
0.414666	-0.173293	-0.639854	-0.661051
0.414676	-0.171197	-0.640338	-0.660485
0.414611	-0.172814	-0.640782	-0.661061
0.414652	-0.169547	-0.640542	-0.660448
0.414617	-0.171260	-0.642360	-0.660104
0.414593	-0.171111	-0.642120	-0.660467
0.414622	-0.170236	-0.642642	-0.660322
0.414637	-0.169854	-0.642959	-0.660636
0.414720	-0.169481	-0.641458	-0.660363
0.414617	-0.170158	-0.642271	-0.661558
0.414677	-0.167970	-0.643593	-0.660809
0.414658	-0.167104	-0.644721	-0.662063
0.414617	-0.167152	-0.643435	-0.661382
0.414696	-0.166645	-0.645188	-0.661112
0.414734	-0.165977	-0.645830	-0.661709
0.414567	-0.165367	-0.644258	-0.660640
0.414709	-0.166372	-0.645966	-0.660354
0.414651	-0.165760	-0.644886	-0.661448
0.414642	-0.165961	-0.645372	-0.661365
0.414673	-0.164890	-0.643891	-0.659740
0.414608	-0.165745	-0.644538	-0.661050
0.414721	-0.167168	-0.644366	-0.661829
0.414586	-0.166150	-0.644155	-0.659566
0.414658	-0.166255	-0.644599	-0.660756
0.414638	-0.166686	-0.644495	-0.661729
0.414647	-0.166018	-0.644706	-0.660748
0.414618	-0.166401	-0.646183	-0.661167
0.414666	-0.164539	-0.644520	-0.661123
0.414627	-0.165859	-0.645609	-0.662185
0.414593	-0.166026	-0.646182	-0.661369
0.414627	-0.164838	-0.644163	-0.659615
0.414717	-0.166115	-0.646344	-0.659299
0.414621	-0.166080	-0.646623	-0.660453
0.414661	-0.163758	-0.645861	-0.661404
0.414647	-0.166344	-0.645877	-0.662046
0.414749	-0.164698	-0.645849	-0.661825
0.414529	-0.163065	-0.647196	-0.660857
0.414686	-0.163346	-0.646190	-0.661052
0.414564	-0.164469	-0.648496	-0.660282
0.414754	-0.163647	-0.649325	-0.660469
0.414495	-0.163882	-0.648736	-0.660642
0.414870	-0.162235	-0.649967	-0.661395
0.414298	-0.165174	-0.650528	-0.660720
0.416551	-0.163125	-0.649835	-0.661789
0.420053	-0.165016	-0.648381	-0.661745
0.419512	-0.165517	-0.647167	-0.660160
0.419850	-0.165149	-0.648907	-0.660837
0.419629	-0.165672	-0.648220	-0.660453
0.419866	-0.165713	-0.649127	-0.661775
0.419734	-0.166198	-0.647259	-0.661225
0.419801	-0.168049	-0.646795	-0.662064
0.419695	-0.167373	-0.646606	-0.661700
0.419779	-0.165890	-0.646819	-0.660858
0.419677	-0.168741	-0.647477	-0.660279
0.419737	-0.169067	-0.646894	-0.661019
0.419753	-0.169978	-0.644832	-0.661150
0.419738	-0.170444	-0.644826	-0.660561
0.419722	-0.169903	-0.646406	-0.660289
0.419658	-0.170487	-0.644862	-0.659814
0.419751	-0.171379	-0.645786	-0.661231
0.419684	-0.173381	-0.645412	-0.659794
0.419680	-0.174016	-0.644207	-0.661087
0.419727	-0.173380	-0.642000	-0.661255
0.419773	-0.173676	-0.644639	-0.660433
0.419754	-0.174658	-0.641569	-0.661276
0.419756	-0.176229	-0.641903	-0.662027
0.419754	-0.174989	-0.641971	-0.659534
0.419731	-0.175298	-0.643023	-0.660905
0.419717	-0.177128	-0.642430	-0.660720
0.419690	-0.175000	-0.643079	-0.661077
0.419742	-0.175423	-0.641334	-0.660111
0.419731	-0.175166	-0.642375	-0.660837
0.419820	-0.174363	-0.640991	-0.661727
0.419742	-0.173753	-0.642202	-0.659603
0.419754	-0.174782	-0.643031	-0.660267
0.419783	-0.174633	-0.642831	-0.661810
0.419741	-0.171628	-0.642308	-0.661304
0.419762	-0.173513	-0.641537	-0.660718
0.419833	-0.174765	-0.643356	-0.660239
0.419688	-0.173295	-0.643124	-0.660444
0.419709	-0.174254	-0.642344	-0.661100
0.419762	-0.175867	-0.643412	-0.659631
0.419663	-0.174054	-0.642313	-0.660743
0.419689	-0.175875	-0.643568	-0.662661
0.419724	-0.176621	-0.642590	-0.659785
0.419703	-0.176175	-0.643195	-0.660388
0.419776	-0.176119	-0.644193	-0.661434
0.419703	-0.178192	-0.641792	-0.661062
0.419797	-0.178468	-0.643643	-0.660904
0.419658	-0.179351	-0.641739	-0.660605
0.419772	-0.179507	-0.640186	-0.659730
0.419741	-0.178532	-0.641217	-0.661170
0.419726	-0.178905	-0.640576	-0.659981
0.419742	-0.178525	-0.640872	-0.658720
0.419667	-0.175896	-0.640497	-0.659931
0.419774	-0.174992	-0.642845	-0.659802
0.419729	-0.175432	-0.641688	-0.661546
0.419675	-0.174275	-0.642209	-0.661630
0.419758	-0.172952	-0.643229	-0.659381
0.419734	-0.172573	-0.642932	-0.660926
0.419782	-0.173257	-0.643081	-0.662309
0.419729	-0.172140	-0.643800	-0.661417
0.419749	-0.173117	-0.644401	-0.659787
0.419699	-0.172771	-0.643476	-0.659608
0.419715	-0.172963	-0.645276	-0.660442
0.419759	-0.172325	-0.644459	-0.661947
0.419687	-0.171289	-0.646827	-0.661514
0.419746	-0.172450	-0.646766	-0.662136
0.419721	-0.171053	-0.647462	-0.661108
0.419731	-0.169907	-0.645997	-0.660868
0.419723	-0.168680	-0.648529	-0.660270
0.419747	-0.170228	-0.647549	-0.660639
0.419761	-0.169615	-0.647932	-0.661101
0.419708	-0.167816	-0.646505	-0.659597
0.419751	-0.168410	-0.646863	-0.659836
0.419682	-0.166745	-0.648003	-0.660456
0.419798	-0.166929	-0.647835	-0.660543
0.419687	-0.166638	-0.646977	-0.659621
0.419704	-0.165816	-0.648882	-0.659762
0.419786	-0.166727	-0.648981	-0.659867
0.419743	-0.164289	-0.648434	-0.659962
0.419717	-0.163057	-0.649527	-0.661377
0.419731	-0.164564	-0.650273	-0.660832
0.419705	-0.164090	-0.649778	-0.661298
0.419772	-0.164326	-0.650662	-0.660523
0.419726	-0.164024	-0.651716	-0.661636
0.419588	-0.164572	-0.652417	-0.662206
0.419664	-0.165133	-0.651236	-0.659477
0.419789	-0.162610	-0.652250	-0.661115
0.419695	-0.163728	-0.651528	-0.659914
0.419728	-0.164368	-0.651101	-0.660378
0.419771	-0.165635	-0.650210	-0.661175
0.419738	-0.165283	-0.649294	-0.661201
0.419714	-0.163691	-0.648786	-0.660679
0.419705	-0.163351	-0.649769	-0.659769
0.419692	-0.165044	-0.648830	-0.659381
0.419789	-0.163833	-0.650813	-0.660496
0.419729	-0.162665	-0.651392	-0.662116
0.419807	-0.163522	-0.651269	-0.660929
0.419719	-0.162987	-0.650842	-0.660938
0.419739	-0.164403	-0.652010	-0.660927
0.419741	-0.164061	-0.650323	-0.661127
0.419742	-0.164957	-0.650754	-0.660996
0.419724	-0.163141	-0.652803	-0.661118
0.419808	-0.163960	-0.652408	-0.660880
0.419643	-0.164438	-0.653168	-0.660372
0.419842	-0.162503	-0.653692	-0.660689
0.419629	-0.161897	-0.654194	-0.660490
0.419924	-0.161844	-0.653802	-0.662007
0.419497	-0.163580	-0.653541	-0.660809
0.422865	-0.161872	-0.652384	-0.660424
0.424734	-0.162322	-0.654560	-0.660823
0.424189	-0.161892	-0.655424	-0.660481
0.424578	-0.162951	-0.654322	-0.660923
0.424287	-0.162829	-0.654231	-0.661048
0.424487	-0.163913	-0.655045	-0.661742
0.424308	-0.163187	-0.653625	-0.661328
0.424494	-0.163517	-0.654603	-0.660055
0.424416	-0.163480	-0.654165	-0.661040
0.424377	-0.164858	-0.654818	-0.660150
0.424370	-0.165191	-0.653149	-0.661968
0.424375	-0.164270	-0.653179	-0.659537
0.424399	-0.165678	-0.653972	-0.661711
0.424411	-0.166421	-0.653767	-0.660855
0.424433	-0.167029	-0.654387	-0.662508
0.424428	-0.168127	-0.651931	-0.661139
0.424387	-0.168181	-0.651675	-0.660936
0.424361	-0.169547	-0.650723	-0.659536
0.424463	-0.168967	-0.652170	-0.660153
0.424416	-0.169749	-0.652626	-0.660820
0.424474	-0.168572	-0.652811	-0.661471
0.424418	-0.167284	-0.652034	-0.660908
0.424347	-0.167654	-0.652235	-0.661296
0.424414	-0.168171	-0.653403	-0.659659
0.424395	-0.169502	-0.650565	-0.661128
0.424370	-0.168008	-0.652885	-0.659783
0.424450	-0.165915	-0.654060	-0.662117
0.424433	-0.166760	-0.653056	-0.660890
0.424369	-0.167714	-0.655412	-0.661056
0.424420	-0.167132	-0.654338	-0.660016
0.424418	-0.165501	-0.653214	-0.660329
0.424371	-0.165200	-0.655430	-0.660676
0.424361	-0.163488	-0.655716	-0.659626
0.424477	-0.164339	-0.656466	-0.661772
0.424426	-0.163980	-0.654976	-0.659481
0.424438	-0.164157	-0.656762	-0.660343
0.424350	-0.164086	-0.658132	-0.659884
0.424357	-0.163175	-0.656709	-0.661564
0.424480	-0.164778	-0.657849	-0.659347
0.424308	-0.164489	-0.657534	-0.661078
0.424394	-0.164632	-0.657231	-0.661400
0.424357	-0.165277	-0.657000	-0.659347
0.424346	-0.166140	-0.656667	-0.659733
0.424405	-0.165503	-0.657357	-0.660815
0.424414	-0.166064	-0.657639	-0.660858
0.424288	-0.165314	-0.657038	-0.660387
0.424394	-0.163253	-0.658718	-0.661531
0.424448	-0.163273	-0.658732	-0.661648
0.424372	-0.162475	-0.660240	-0.660723
0.424370	-0.162296	-0.658433	-0.661040
0.424311	-0.161387	-0.660774	-0.661388
0.424375	-0.163060	-0.659863	-0.660365
0.424346	-0.162324	-0.658984	-0.660208
0.424371	-0.161947	-0.660467	-0.659625
0.424450	-0.161500	-0.659492	-0.660491
0.424450	-0.160563	-0.660357	-0.661175
0.424435	-0.161538	-0.661201	-0.661645
0.424414	-0.161862	-0.660760	-0.661553
0.424395	-0.161417	-0.660951	-0.660334
0.424344	-0.161778	-0.659422	-0.660609
0.424398	-0.161882	-0.660582	-0.660665
0.424382	-0.161809	-0.658296	-0.660492
0.424399	-0.163545	-0.658088	-0.661410
0.424424	-0.162287	-0.658156	-0.660976
0.424423	-0.164004	-0.658609	-0.660943
0.424360	-0.164097	-0.656459	-0.660610
0.424381	-0.164553	-0.655916	-0.660728
0.424406	-0.164975	-0.656417	-0.660095
0.424438	-0.164392	-0.655043	-0.659689
0.424444	-0.165324	-0.654828	-0.662628
0.424441	-0.163970	-0.654643	-0.661175
0.424395	-0.164679	-0.653420	-0.660993
0.424379	-0.165640	-0.654158	-0.660865
0.424413	-0.164096	-0.653703	-0.661760
0.424454	-0.165121	-0.655501	-0.661222
0.424377	-0.165437	-0.655117	-0.661281
0.424556	-0.164523	-0.654258	-0.660586
0.424157	-0.163565	-0.654373	-0.660270
0.426270	-0.162857	-0.655277	-0.661531
0.430424	-0.163364	-0.655657	-0.661319
0.427341	-0.165497	-0.656214	-0.659010
0.428661	-0.164603	-0.656617	-0.660771
0.429837	-0.166025	-0.655296	-0.661902
0.429397	-0.166156	-0.655650	-0.659847
0.429547	-0.165203	-0.655049	-0.660349
0.424971	-0.166398	-0.654629	-0.660759
0.424340	-0.166648	-0.654659	-0.660934
0.424423	-0.166504	-0.655267	-0.660221
0.424467	-0.167645	-0.653910	-0.661850
0.424352	-0.169068	-0.655966	-0.661947
0.424415	-0.167666	-0.655307	-0.660589
0.424355	-0.167424	-0.654883	-0.660577
0.424494	-0.169228	-0.654486	-0.659525
0.424237	-0.169256	-0.652785	-0.661402
0.424625	-0.169559	-0.653808	-0.660553
0.423972	-0.169984	-0.653166	-0.658704
0.426732	-0.168064	-0.654530	-0.660550
0.430024	-0.168754	-0.652937	-0.660630
0.429308	-0.169032	-0.651937	-0.660485
0.429779	-0.168098	-0.652565	-0.661800
0.429381	-0.168561	-0.652090	-0.660158
0.429756	-0.168199	-0.652264	-0.659951
0.429358	-0.169487	-0.653120	-0.658117
0.429695	-0.171141	-0.651549	-0.660829
0.429417	-0.170399	-0.650630	-0.661087
0.429784	-0.172067	-0.649888	-0.661711
0.429236	-0.173638	-0.650390	-0.661960
0.430024	-0.173429	-0.651639	-0.661315
0.427282	-0.174365	-0.650704	-0.661085
0.428691	-0.174339	-0.650946	-0.661244
0.429836	-0.176238	-0.649773	-0.662116
0.429353	-0.175473	-0.650734	-0.659948
0.429712	-0.177485	-0.650125	-0.661452
0.429068	-0.174901	-0.648846	-0.661469
0.424854	-0.174632	-0.649132	-0.660535
0.424283	-0.175394	-0.648938	-0.660910
0.424456	-0.174981	-0.648655	-0.660339
0.424394	-0.174619	-0.647621	-0.660149
0.424464	-0.173299	-0.649938	-0.660682
0.424389	-0.173242	-0.650294	-0.659326
0.424465	-0.173241	-0.648839	-0.660533
0.424326	-0.172224	-0.647993	-0.659955
0.424380	-0.171800	-0.649565	-0.659294
0.424431	-0.170420	-0.649938	-0.661484
0.424372	-0.172587	-0.650973	-0.660827
0.424416	-0.170580	-0.651402	-0.661141
0.424441	-0.169763	-0.651827	-0.660335
0.424440	-0.170814	-0.651579	-0.660696
0.424478	-0.172409	-0.652342	-0.661304
0.424449	-0.172314	-0.652453	-0.662282
0.424364	-0.170201	-0.650196	-0.661209
0.424405	-0.170770	-0.652966	-0.661111
0.424449	-0.172390	-0.652836	-0.660304
0.424440	-0.171616	-0.652179	-0.661243
0.424367	-0.169979	-0.651248	-0.661820
0.424448	-0.168550	-0.651864	-0.661394
0.424405	-0.168373	-0.651347	-0.662350
0.424355	-0.169229	-0.651250	-0.659589
0.424435	-0.169668	-0.651100	-0.659712
0.424430	-0.168457	-0.653349	-0.660805
0.424426	-0.168522	-0.650105	-0.660646
0.424357	-0.167636	-0.650551	-0.660850
0.424421	-0.167502	-0.651134	-0.659570
0.424351	-0.168428	-0.650436	-0.661263
0.424359	-0.168591	-0.649991	-0.659706
0.424332	-0.169032	-0.648507	-0.661377
0.424393	-0.168576	-0.650050	-0.661790
0.424387	-0.167928	-0.649128	-0.659862
0.424389	-0.167045	-0.651075	-0.659892
0.424464	-0.165886	-0.649701	-0.661210
0.424334	-0.166481	-0.652055	-0.660010
0.424395	-0.167672	-0.649682	-0.660532
0.424401	-0.167981	-0.649550	-0.661185
0.424429	-0.169358	-0.648920	-0.658668
0.424429	-0.169440	-0.650769	-0.661588
0.424334	-0.170132	-0.650533	-0.662792
0.424446	-0.172051	-0.649115	-0.660984
0.424435	-0.171529	-0.648067	-0.662206
0.424414	-0.172391	-0.648027	-0.661655
0.424415	-0.170828	-0.648165	-0.661715
0.424484	-0.171057	-0.649215	-0.660698
0.424423	-0.170390	-0.649508	-0.661031
0.424446	-0.170410	-0.648785	-0.661303
0.424449	-0.168910	-0.649156	-0.659317
0.424420	-0.168943	-0.648922	-0.661281
0.424376	-0.168977	-0.650066	-0.660256
0.424391	-0.168869	-0.649038	-0.658188
0.424493	-0.169494	-0.649184	-0.660498
0.424438	-0.169050	-0.647734	-0.660175
0.424418	-0.170355	-0.646926	-0.660293
0.424370	-0.170016	-0.648315	-0.660918
0.424487	-0.171063	-0.647613	-0.661185
0.424307	-0.171739	-0.648741	-0.661053
0.424431	-0.171359	-0.650452	-0.659942
0.424445	-0.171723	-0.649194	-0.662358
0.424349	-0.171821	-0.649867	-0.659886
0.424411	-0.170595	-0.651590	-0.660064
0.424355	-0.171566	-0.651958	-0.661631
0.424441	-0.170898	-0.649947	-0.661672
0.424435	-0.169405	-0.651348	-0.660267
0.424382	-0.170051	-0.651185	-0.660467
0.424426	-0.171038	-0.650720	-0.661285
0.424415	-0.170585	-0.652436	-0.660651
0.424393	-0.168443	-0.652045	-0.660230
0.424448	-0.167437	-0.652749	-0.659521
0.424393	-0.168196	-0.652198	-0.660307
0.424401	-0.168536	-0.653010	-0.661419
0.424391	-0.167636	-0.651634	-0.662624
0.424395	-0.166976	-0.652179	-0.659272
0.424404	-0.167506	-0.652413	-0.660244
0.424387	-0.167888	-0.652862	-0.660376
0.424406	-0.166401	-0.654338	-0.661675
0.424410	-0.167230	-0.654743	-0.662210
0.424500	-0.165983	-0.655081	-0.661973
0.424310	-0.167695	-0.653898	-0.661967
0.424451	-0.166662	-0.653459	-0.660089
0.424467	-0.168969	-0.654441	-0.661219
0.424406	-0.168064	-0.653946	-0.661452
0.424426	-0.168885	-0.652432	-0.660863
0.424322	-0.167706	-0.654942	-0.660522
0.424345	-0.168607	-0.654173	-0.661997
0.424499	-0.168008	-0.655862	-0.661482
0.424370	-0.167721	-0.656020	-0.660614
0.424357	-0.167611	-0.655346	-0.659668
0.424436	-0.167103	-0.655144	-0.659983
0.424416	-0.168322	-0.654202	-0.661551
0.424484	-0.167844	-0.652940	-0.659951
0.424414	-0.168944	-0.652116	-0.660258
0.424429	-0.169047	-0.652179	-0.660517
0.424360	-0.171034	-0.652318	-0.661063
0.424381	-0.171738	-0.651090	-0.659808
0.424349	-0.171588	-0.651419	-0.660026
0.424410	-0.174104	-0.652311	-0.661923
0.424421	-0.174333	-0.648152	-0.659688
0.424320	-0.175349	-0.649601	-0.660042
0.424406	-0.173598	-0.650007	-0.661409
0.424433	-0.175199	-0.648580	-0.660728
0.424453	-0.175506	-0.650230	-0.660704
0.424377	-0.173698	-0.650353	-0.660981
0.424350	-0.174152	-0.649615	-0.660917
0.424418	-0.175345	-0.649087	-0.660749
0.424488	-0.172557	-0.650568	-0.660847
0.424374	-0.173927	-0.650200	-0.660231
0.424408	-0.174867	-0.649998	-0.660304
0.424438	-0.173711	-0.649224	-0.662781
0.424413	-0.174141	-0.650680	-0.660543
0.424376	-0.172241	-0.649964	-0.660735
0.424434	-0.172365	-0.650170	-0.660545
0.424399	-0.172463	-0.650782	-0.660411
0.424377	-0.170978	-0.649753	-0.660716
0.424406	-0.172456	-0.649606	-0.661359
0.424414	-0.172180	-0.648880	-0.659500
0.424391	-0.171724	-0.648454	-0.660074
0.424364	-0.171996	-0.647797	-0.660473
0.424433	-0.173116	-0.648407	-0.659671
0.424382	-0.171884	-0.647529	-0.659958
0.424382	-0.173289	-0.646151	-0.660035
0.424453	-0.173441	-0.647211	-0.660384
0.424367	-0.175839	-0.646468	-0.660126
0.424458	-0.174985	-0.646797	-0.661701
0.424443	-0.175066	-0.645909	-0.660376
0.424332	-0.175770	-0.646200	-0.660946
0.424451	-0.177747	-0.645638	-0.661105
0.424400	-0.178095	-0.643790	-0.659799
0.424413	-0.180002	-0.644469	-0.661354
0.424374	-0.177476	-0.643769	-0.661886
0.424418	-0.175304	-0.645430	-0.659690
0.424389	-0.176498	-0.644506	-0.661105
0.424398	-0.176210	-0.643967	-0.660417
0.424446	-0.173798	-0.643842	-0.659864
0.424428	-0.174375	-0.645113	-0.659552
0.424315	-0.173597	-0.643698	-0.661097
0.424499	-0.173651	-0.642950	-0.661062
0.424401	-0.174452	-0.643662	-0.659653
0.424403	-0.173550	-0.644281	-0.659719
0.424382	-0.173431	-0.643664	-0.659960
0.424544	-0.172703	-0.643762	-0.660429
0.424339	-0.173275	-0.641892	-0.660662
0.424537	-0.172841	-0.643779	-0.660611
0.424163	-0.173144	-0.643663	-0.659120
0.424770	-0.173015	-0.643284	-0.659094
0.422536	-0.173237	-0.643054	-0.659618
0.419433	-0.175001	-0.642875	-0.660241
0.419932	-0.173957	-0.641238	-0.660933
0.419665	-0.173227	-0.642565	-0.661631
0.419758	-0.174061	-0.644167	-0.660580
0.419675	-0.173612	-0.644330	-0.661826
0.419737	-0.171969	-0.640987	-0.661795
0.419757	-0.174389	-0.642194	-0.660417
0.419516	-0.172330	-0.643210	-0.661844
0.419862	-0.171682	-0.642521	-0.661135
0.419409	-0.170599	-0.643531	-0.659536
0.421652	-0.169925	-0.644358	-0.660977
0.424773	-0.171186	-0.643840	-0.660842
0.424188	-0.171644	-0.643969	-0.660776
0.424510	-0.169108	-0.643877	-0.660107
0.424277	-0.169794	-0.643190	-0.659532
0.424514	-0.169852	-0.646455	-0.659263
0.424349	-0.172244	-0.645044	-0.660783
0.424292	-0.171883	-0.643929	-0.660190
0.420233	-0.172220	-0.644805	-0.661975
0.419722	-0.170849	-0.643040	-0.660789
0.419660	-0.172500	-0.642581	-0.660983
0.419907	-0.173166	-0.642893	-0.660611
0.423848	-0.173565	-0.642469	-0.661309
0.424539	-0.174145	-0.643002	-0.661355
0.424336	-0.175042	-0.641759	-0.661640
0.424430	-0.173314	-0.641430	-0.662170
0.424371	-0.172548	-0.642219	-0.659204
0.424413	-0.173157	-0.641166	-0.662327
0.424317	-0.172848	-0.642915	-0.660002
0.424369	-0.172673	-0.641817	-0.659044
0.424454	-0.172552	-0.644117	-0.661063
0.424408	-0.173008	-0.644127	-0.660942
0.424403	-0.171555	-0.642257	-0.659978
0.424438	-0.171689	-0.642046	-0.660084
0.424418	-0.171536	-0.641456	-0.661988
0.424415	-0.170183	-0.642274	-0.661365
0.424411	-0.170318	-0.642060	-0.660398
0.424467	-0.172078	-0.640456	-0.659694
0.424450	-0.171674	-0.640833	-0.659899
0.424461	-0.171902	-0.641982	-0.660348
0.424370	-0.172363	-0.639715	-0.660030
0.424425	-0.171399	-0.641610	-0.659136
0.424282	-0.170794	-0.642586	-0.660656
0.424469	-0.171028	-0.641955	-0.661865
0.424076	-0.171400	-0.642912	-0.660749
0.420037	-0.170845	-0.643330	-0.660453
0.419672	-0.169778	-0.643355	-0.659841
0.419816	-0.168731	-0.643660	-0.660594
0.419692	-0.169763	-0.643332	-0.660109
0.419764	-0.169232	-0.643083	-0.659822
0.419654	-0.171663	-0.641368	-0.660713
0.419921	-0.171297	-0.642819	-0.660756
0.419369	-0.173487	-0.642610	-0.659729
0.422135	-0.172618	-0.644049	-0.660312
0.424867	-0.172575	-0.643125	-0.659931
0.424051	-0.172416	-0.641853	-0.659720
0.424582	-0.172386	-0.643484	-0.661998
0.424201	-0.172739	-0.644054	-0.659311
0.424695	-0.171734	-0.643069	-0.660005
0.424115	-0.172132	-0.643158	-0.661060
0.424895	-0.171856	-0.644021	-0.660322
0.421726	-0.172290	-0.644257	-0.660071
0.419443	-0.170191	-0.642447	-0.660025
0.419858	-0.172375	-0.643271	-0.659983
0.419728	-0.171008	-0.644572	-0.660323
0.419704	-0.170633	-0.643937	-0.660784
0.419851	-0.169612	-0.645193	-0.660448
0.419495	-0.169905	-0.643886	-0.660300
0.422442	-0.169241	-0.643484	-0.660447
0.424779	-0.169249	-0.643608	-0.660241
0.424104	-0.168675	-0.643509	-0.661068
0.424603	-0.168884	-0.645748	-0.660968
0.424164	-0.170386	-0.644983	-0.660642
0.424678	-0.170171	-0.645712	-0.659456
0.423625	-0.169612	-0.646722	-0.660665
0.420518	-0.170708	-0.644971	-0.661271
0.424296	-0.170639	-0.645127	-0.661571
0.424315	-0.171118	-0.646087	-0.659640
0.424485	-0.170974	-0.644585	-0.661341
0.424387	-0.170485	-0.644915	-0.661899
0.424464	-0.169663	-0.643264	-0.660277
0.424329	-0.170650	-0.644966	-0.661412
0.424658	-0.169569	-0.644432	-0.661289
0.423622	-0.168243	-0.645638	-0.659270
0.419919	-0.167207	-0.646375	-0.660815
0.419516	-0.168298	-0.645689	-0.659103
0.420444	-0.167401	-0.645614	-0.660283
0.424441	-0.169077	-0.646414	-0.659204
0.424268	-0.170247	-0.647245	-0.660428
0.424446	-0.167485	-0.646253	-0.661278
0.424331	-0.169391	-0.646667	-0.660568
0.424450	-0.168575	-0.647468	-0.661710
0.424352	-0.169193	-0.645757	-0.659824
0.424425	-0.168602	-0.647361	-0.660914
0.424347	-0.167784	-0.648412	-0.660720
0.424365	-0.168564	-0.648443	-0.660332
0.424450	-0.167750	-0.647737	-0.660718
0.424438	-0.168674	-0.648049	-0.660949
0.424450	-0.168934	-0.646558	-0.660028
0.424367	-0.168458	-0.646871	-0.660878
0.424448	-0.169554	-0.647415	-0.659292
0.424411	-0.171112	-0.645594	-0.660548
0.424322	-0.169974	-0.646063	-0.659388
0.424459	-0.170176	-0.645668	-0.659952
0.424347	-0.172710	-0.645067	-0.661427
0.424355	-0.173739	-0.643983	-0.660307
0.424389	-0.172829	-0.643778	-0.659901
0.424468	-0.173832	-0.644297	-0.660464
0.424416	-0.174121	-0.644277	-0.661291
0.424408	-0.174321	-0.643936	-0.659316
0.424450	-0.173836	-0.642600	-0.660516
0.424430	-0.175643	-0.643494	-0.660429
0.424367	-0.175332	-0.642887	-0.661093
0.424433	-0.174104	-0.643848	-0.660422
0.424484	-0.173811	-0.643425	-0.660956
0.424292	-0.175015	-0.643892	-0.660505
0.424398	-0.173154	-0.646400	-0.658246
0.424504	-0.172351	-0.644874	-0.662004
0.424399	-0.170517	-0.645560	-0.660216
0.424345	-0.171210	-0.646629	-0.660790
0.424337	-0.170347	-0.647015	-0.660125
0.424396	-0.169617	-0.648592	-0.661017
0.424406	-0.171123	-0.650187	-0.660546
0.424421	-0.170440	-0.649028	-0.660703
0.424382	-0.170909	-0.649364	-0.659081
0.424380	-0.169089	-0.650145	-0.659239
0.424399	-0.170350	-0.649533	-0.661750
0.424370	-0.170008	-0.648694	-0.661705
0.424448	-0.170082	-0.649862	-0.661066
0.424398	-0.170854	-0.649917	-0.659730
0.424431	-0.169696	-0.649264	-0.662059
0.424445	-0.171832	-0.648925	-0.659471
0.424517	-0.173369	-0.649076	-0.661081
0.424424	-0.172121	-0.647173	-0.661467
0.424386	-0.175198	-0.645183	-0.661710
0.424430	-0.174306	-0.648009	-0.661711
0.424395	-0.175254	-0.645092	-0.661050
0.424334	-0.173409	-0.647106	-0.661460
0.424361	-0.174387	-0.647027	-0.658541
0.424424	-0.173166	-0.645589	-0.661171
0.424461	-0.173171	-0.645600	-0.660309
0.424391	-0.172644	-0.644262	-0.660478
0.424337	-0.172110	-0.646146	-0.660374
0.424404	-0.172738	-0.644970	-0.659655
0.424372	-0.172231	-0.645016	-0.660251
0.424433	-0.171223	-0.644612	-0.660397
0.424445	-0.172388	-0.643640	-0.661710
0.424375	-0.173230	-0.645585	-0.660532
0.424315	-0.169949	-0.645062	-0.661893
0.424384	-0.170515	-0.643321	-0.661696
0.424308	-0.172270	-0.643622	-0.661430
0.424344	-0.169045	-0.643825	-0.661025
0.424439	-0.171434	-0.643880	-0.660364
0.424421	-0.171924	-0.644592	-0.661095
0.424389	-0.172732	-0.644563	-0.660171
0.424413	-0.173522	-0.642274	-0.661232
0.424367	-0.174295	-0.641907	-0.662421
0.424421	-0.174835	-0.640660	-0.659590
0.424349	-0.174448	-0.639794	-0.660101
0.424455	-0.176646	-0.639799	-0.659203
0.424429	-0.173528	-0.638880	-0.660025
0.424361	-0.175456	-0.640512	-0.659470
0.424375	-0.174940	-0.639303	-0.659834
0.424409	-0.173444	-0.639729	-0.660051
0.424374	-0.174243	-0.641554	-0.660984
0.424487	-0.172886	-0.641918	-0.660837
0.424400	-0.173194	-0.641987	-0.660119
0.424365	-0.171580	-0.643889	-0.660137
0.424413	-0.169187	-0.643719	-0.659901
0.424335	-0.170343	-0.643673	-0.660312
0.424426	-0.168636	-0.645231	-0.659829
0.424357	-0.168609	-0.645062	-0.659595
0.424372	-0.168810	-0.644358	-0.661199
0.424384	-0.167665	-0.646504	-0.660522
0.424460	-0.166417	-0.647354	-0.661111
0.424315	-0.165285	-0.645484	-0.659852
0.424493	-0.166200	-0.646651	-0.659060
0.424320	-0.166418	-0.647069	-0.659012
0.424591	-0.165474	-0.646928	-0.660210
0.424189	-0.165444	-0.646597	-0.659758
0.424672	-0.165650	-0.647012	-0.661060
0.422652	-0.164805	-0.647057	-0.661051
0.419362	-0.165022	-0.648470	-0.659051
0.419953	-0.165036	-0.647147	-0.659753
0.419532	-0.164089	-0.647717	-0.660748
0.419950	-0.163095	-0.647473	-0.661231
0.419611	-0.163085	-0.647901	-0.658736
0.419875	-0.162304	-0.647918	-0.661803
0.419324	-0.162579	-0.646649	-0.659881
0.421601	-0.161352	-0.647507	-0.659525
0.424671	-0.162947	-0.646965	-0.661754
0.424214	-0.162050	-0.648607	-0.661002
0.424508	-0.161100	-0.648569	-0.660213
0.424311	-0.159785	-0.648760	-0.661139
0.424484	-0.160707	-0.648392	-0.660929
0.424375	-0.160407	-0.648790	-0.658733
0.424435	-0.160250	-0.648830	-0.659179
0.424400	-0.160872	-0.648303	-0.661397
0.424433	-0.161978	-0.648961	-0.661293
0.424390	-0.161514	-0.649157	-0.660456
0.424399	-0.161048	-0.647013	-0.661531
0.424429	-0.163207	-0.645914	-0.659418
0.424469	-0.161782	-0.648805	-0.660589
0.424354	-0.160511	-0.646686	-0.659768
0.424440	-0.161231	-0.647279	-0.660166
0.424423	-0.160896	-0.648899	-0.659436
0.424434	-0.160499	-0.648086	-0.660052
0.424354	-0.160107	-0.648047	-0.662046
0.424330	-0.160892	-0.649546	-0.660023
0.424503	-0.161998	-0.649082	-0.659458
0.424421	-0.162383	-0.647646	-0.660106
0.424387	-0.160848	-0.648841	-0.662463
0.424456	-0.161264	-0.649187	-0.659757
0.424504	-0.162358	-0.647717	-0.659416
0.424434	-0.162236	-0.649899	-0.660654
0.424366	-0.160901	-0.650943	-0.659894
0.424404	-0.160654	-0.651045	-0.660339
0.424359	-0.161016	-0.651132	-0.661420
0.424403	-0.160147	-0.650145	-0.660011
0.424390	-0.160225	-0.651518	-0.660751
0.424393	-0.161708	-0.651329	-0.660391
0.424366	-0.160906	-0.650580	-0.657599
0.424370	-0.162434	-0.652300	-0.660272
0.424371	-0.161667	-0.653061	-0.659487
0.424411	-0.160374	-0.652064	-0.659570
0.424331	-0.162150	-0.652828	-0.659145
0.424448	-0.163729	-0.650774	-0.658991
0.424449	-0.163558	-0.650135	-0.660219
0.424362	-0.163597	-0.650877	-0.660675
0.424367	-0.164080	-0.649766	-0.660312
0.424375	-0.164281	-0.650040	-0.660315
0.424446	-0.163549	-0.649402	-0.660399
0.424339	-0.165170	-0.649671	-0.660485
0.424411	-0.163769	-0.649504	-0.660705
0.424321	-0.163577	-0.652397	-0.660059
0.424493	-0.164056	-0.652487	-0.659512
0.424331	-0.162091	-0.651579	-0.661595
0.424558	-0.162329	-0.652074	-0.660695
0.424245	-0.161912	-0.651146	-0.660055
0.424646	-0.160521	-0.651973	-0.660486
0.423969	-0.162823	-0.653002	-0.660234
0.427186	-0.161586	-0.652500	-0.659735
0.429894	-0.161208	-0.651844	-0.660185
0.429276	-0.162436	-0.652797	-0.660814
0.429677	-0.161589	-0.652537	-0.660348
0.429458	-0.160481	-0.651892	-0.660627
0.429660	-0.162856	-0.652765	-0.660429
0.429509	-0.164301	-0.652267	-0.661933
0.429697	-0.164358	-0.651634	-0.661879
0.429527	-0.165151	-0.653470	-0.660611
0.429665	-0.166504	-0.651634	-0.660081
0.429467	-0.167160	-0.651711	-0.661507
0.429556	-0.169030	-0.652106	-0.660695
0.429630	-0.168513	-0.652264	-0.660612
0.429555	-0.166427	-0.652916	-0.659470
0.429506	-0.167702	-0.652235	-0.660661
0.429482	-0.167015	-0.653583	-0.659507
0.429535	-0.165630	-0.654721	-0.661196
0.429512	-0.166474	-0.654860	-0.661399
0.429514	-0.165198	-0.655859	-0.659359
0.429550	-0.163911	-0.654752	-0.661894
0.429581	-0.164777	-0.655321	-0.657993
0.429584	-0.164132	-0.655609	-0.660690
0.429547	-0.164546	-0.657835	-0.661091
0.429586	-0.164668	-0.656024	-0.661306
0.429579	-0.163070	-0.656841	-0.659923
0.429601	-0.163043	-0.655852	-0.660938
0.429559	-0.163861	-0.655320	-0.661286
0.429547	-0.164318	-0.655186	-0.659130
0.429598	-0.164930	-0.656212	-0.659797
0.429540	-0.165402	-0.654832	-0.660562
0.429550	-0.165778	-0.652970	-0.660753
0.429482	-0.166914	-0.653326	-0.659749
0.429732	-0.164126	-0.651973	-0.660562
0.428776	-0.166451	-0.651092	-0.659406
0.424403	-0.167105	-0.651335	-0.660199
0.424537	-0.166504	-0.652691	-0.659703
0.424171	-0.165737	-0.650740	-0.662205
0.424598	-0.167835	-0.651530	-0.660547
0.423935	-0.167363	-0.651526	-0.659592
0.427756	-0.167302	-0.651089	-0.661449
0.429889	-0.167682	-0.650294	-0.660149
0.429290	-0.167694	-0.649145	-0.660718
0.429660	-0.167575	-0.648435	-0.659957
0.429414	-0.167691	-0.648008	-0.659926
0.429545	-0.166448	-0.648039	-0.661782
0.429530	-0.168381	-0.647765	-0.661407
0.429570	-0.168675	-0.646537	-0.660803
0.429547	-0.168799	-0.647537	-0.661206
0.429609	-0.169254	-0.647687	-0.660369
0.429537	-0.169430	-0.645228	-0.661285
0.429599	-0.169147	-0.645673	-0.659646
0.429506	-0.169413	-0.643497	-0.661984
0.429541	-0.170286	-0.644283	-0.661511
0.429532	-0.170531	-0.645618	-0.660649
0.429542	-0.169864	-0.645904	-0.659534
0.429537	-0.168980	-0.645067	-0.660832
0.429593	-0.170551	-0.643610	-0.660954
0.429532	-0.171576	-0.645568	-0.659551
0.429556	-0.169353	-0.645559	-0.662244
0.429565	-0.169909	-0.646474	-0.660453
0.429537	-0.169945	-0.645846	-0.660502
0.429524	-0.169832	-0.645811	-0.660140
0.429574	-0.169790	-0.644559	-0.660437
0.429531	-0.169619	-0.645653	-0.659773
0.429537	-0.169894	-0.644211	-0.659460
0.429550	-0.171202	-0.644481	-0.659199
0.429577	-0.171034	-0.642863	-0.661001
0.429628	-0.169685	-0.644075	-0.661424
0.429598	-0.171759	-0.644687	-0.661313
0.429525	-0.170809	-0.644605	-0.659460
0.429579	-0.170094	-0.645019	-0.659213
0.429520	-0.173087	-0.644758	-0.659552
0.429509	-0.172624	-0.643965	-0.659491
0.429511	-0.172380	-0.644286	-0.660032
0.429579	-0.174813	-0.642717	-0.659478
0.429554	-0.172466	-0.641961	-0.660490
0.429579	-0.172548	-0.642851	-0.659734
0.429549	-0.170425	-0.642319	-0.660674
0.429453	-0.168894	-0.644043	-0.661053
0.429605	-0.168228	-0.644907	-0.660213
0.429551	-0.169042	-0.644458	-0.660457
0.429626	-0.168909	-0.644981	-0.659938
0.429524	-0.169406	-0.645647	-0.659962
0.429534	-0.168889	-0.644174	-0.660558
0.429550	-0.168620	-0.642908	-0.660711
0.429516	-0.170509	-0.643875	-0.659021
0.429524	-0.171176	-0.643396	-0.659567
0.429575	-0.170231	-0.644316	-0.659633
0.429514	-0.169863	-0.643868	-0.661182
0.429577	-0.169464	-0.642387	-0.660511
0.429485	-0.170051	-0.643303	-0.660788
0.429530	-0.170663	-0.644442	-0.660151
0.429535	-0.170720	-0.643358	-0.659156
0.429662	-0.170650	-0.642707	-0.659851
0.429495	-0.171704	-0.641688	-0.660497
0.429595	-0.171709	-0.643094	-0.659457
0.429428	-0.173194	-0.641847	-0.659505
0.429636	-0.173045	-0.641249	-0.659868
0.425603	-0.171321	-0.641661	-0.659363
0.424081	-0.172436	-0.640168	-0.660298
0.424587	-0.170823	-0.640398	-0.658040
0.424322	-0.170714	-0.641792	-0.659304
0.424503	-0.168339	-0.641134	-0.659100
0.424261	-0.168362	-0.641688	-0.661770
0.424499	-0.168408	-0.642719	-0.660682
0.424238	-0.168171	-0.643466	-0.661154
0.428558	-0.166906	-0.646482	-0.660716
0.429712	-0.167341	-0.644177	-0.659329
0.429481	-0.167482	-0.645562	-0.660235
0.429524	-0.166065	-0.645913	-0.659614
0.429531	-0.168098	-0.644634	-0.660320
0.429475	-0.167165	-0.646884	-0.660006
0.429605	-0.164920	-0.645295	-0.659804
0.429564	-0.165715	-0.645302	-0.660173
0.429579	-0.165894	-0.647170	-0.661091
0.429462	-0.164960	-0.645706	-0.660236
0.429616	-0.164142	-0.648185	-0.660091
0.425287	-0.162844	-0.647841	-0.660630
0.424241	-0.162527	-0.649617	-0.659753
0.424512	-0.162619	-0.650872	-0.660438
0.424366	-0.163836	-0.651307	-0.659133
0.424463	-0.162913	-0.650404	-0.660412
0.424424	-0.163667	-0.650122	-0.660355
0.424384	-0.164920	-0.650015	-0.660267
0.424482	-0.163779	-0.651292	-0.661116
0.424307	-0.164770	-0.651668	-0.660730
0.424434	-0.164403	-0.651461	-0.661933
0.424277	-0.164368	-0.653363	-0.657909
0.424650	-0.162271	-0.650486	-0.660168
0.423994	-0.163749	-0.651839	-0.660220
0.426362	-0.164373	-0.652491	-0.659696
0.429922	-0.163350	-0.652496	-0.660754
0.429312	-0.163465	-0.652027	-0.660461
0.429649	-0.166297	-0.652089	-0.659398
0.429429	-0.166194	-0.651194	-0.659932
0.429625	-0.167117	-0.651614	-0.659596
0.429424	-0.167864	-0.650040	-0.659783
0.429685	-0.167948	-0.651550	-0.660308
0.429536	-0.168716	-0.649112	-0.661060
0.429560	-0.170146	-0.649714	-0.659530
0.429491	-0.171370	-0.650335	-0.658928
0.429667	-0.171044	-0.649049	-0.659270
0.429485	-0.171215	-0.648524	-0.659680
0.429535	-0.172722	-0.648564	-0.660659
0.429534	-0.170017	-0.648794	-0.660913
0.429544	-0.170709	-0.646918	-0.660008
0.429492	-0.172310	-0.648298	-0.659252
0.429588	-0.170036	-0.649430	-0.657999
0.429492	-0.171300	-0.648479	-0.661156
0.429532	-0.171006	-0.648883	-0.659847
0.429545	-0.171290	-0.649036	-0.659705
0.429574	-0.171424	-0.649451	-0.659725
0.429445	-0.170276	-0.648993	-0.659515
0.429615	-0.170917	-0.647775	-0.660679
0.429506	-0.171256	-0.648137	-0.659958
0.429663	-0.171146	-0.649215	-0.661354
0.429404	-0.170489	-0.650481	-0.660163
0.429702	-0.172103	-0.649412	-0.660562
0.429280	-0.171446	-0.648076	-0.661460
0.430019	-0.170605	-0.649253	-0.659398
0.427120	-0.170282	-0.650171	-0.659762
0.423986	-0.171851	-0.648507	-0.660998
0.424676	-0.171732	-0.649499	-0.660354
0.424142	-0.170643	-0.648929	-0.660835
0.424571	-0.170755	-0.648494	-0.661062
0.424239	-0.169540	-0.650548	-0.659415
0.424611	-0.167999	-0.649152	-0.660168
0.424176	-0.168236	-0.648387	-0.660536
0.424666	-0.168785	-0.648558	-0.660069
0.423945	-0.167014	-0.649983	-0.660404
0.426998	-0.167677	-0.648686	-0.659450
0.429966	-0.168869	-0.647975	-0.660044
0.429327	-0.168765	-0.650610	-0.660049
0.429758	-0.168452	-0.649402	-0.660206
0.429460	-0.168699	-0.648224	-0.661132
0.429768	-0.168015	-0.649196	-0.660092
0.428979	-0.166804	-0.648398	-0.660657
0.424829	-0.165099	-0.649770	-0.660179
0.424251	-0.165213	-0.651549	-0.659448
0.424456	-0.165221	-0.650595	-0.658684
0.424327	-0.164291	-0.651604	-0.662877
0.424498	-0.165108	-0.651492	-0.660929
0.424361	-0.165395	-0.651196	-0.659693
0.424456	-0.165340	-0.650946	-0.660191
0.424409	-0.164510	-0.652982	-0.660715
0.424430	-0.166134	-0.653448	-0.661096
0.424247	-0.166521	-0.652852	-0.660072
0.424865	-0.167294	-0.652017	-0.661444
0.429352	-0.167480	-0.649962	-0.660760
0.429566	-0.169335	-0.651136	-0.661804
0.429529	-0.167573	-0.650174	-0.659584
0.429515	-0.166908	-0.649120	-0.659902
0.429615	-0.167930	-0.647915	-0.660895
0.429542	-0.167707	-0.649801	-0.661275
0.429506	-0.170487	-0.648077	-0.660736
0.429565	-0.169091	-0.648237	-0.659990
0.429547	-0.170730	-0.646950	-0.661261
0.429448	-0.170436	-0.646779	-0.660214
0.429437	-0.171165	-0.646761	-0.659956
0.429549	-0.172951	-0.645204	-0.660397
0.429539	-0.172002	-0.645171	-0.660126
0.429495	-0.174022	-0.643726	-0.661212
0.429584	-0.175980	-0.642972	-0.659886
0.429481	-0.176282	-0.643212	-0.659960
0.429654	-0.175534	-0.643233	-0.660362
0.429466	-0.173408	-0.641727	-0.660371
0.429620	-0.174584	-0.641846	-0.659603
0.429471	-0.173803	-0.645276	-0.659579
0.429653	-0.171178	-0.644773	-0.661325
0.429283	-0.171528	-0.644702	-0.660183
0.429963	-0.171430	-0.647517	-0.659962
0.426492	-0.170748	-0.646889	-0.659997
0.423930	-0.169068	-0.646478	-0.659853
0.424627	-0.170275	-0.648022	-0.659040
0.424268	-0.169920	-0.645647	-0.659488
0.424538	-0.169505	-0.644755	-0.660391
0.424341	-0.168624	-0.646018	-0.660076
0.424493	-0.170946	-0.645494	-0.660887
0.424385	-0.169773	-0.646035	-0.660319
0.424431	-0.169131	-0.644932	-0.659960
0.424365	-0.169500	-0.646300	-0.660391
0.424359	-0.167810	-0.646603	-0.661819
0.424303	-0.168104	-0.646533	-0.661256
0.424350	-0.168259	-0.646691	-0.660736
0.424360	-0.168005	-0.647012	-0.661165
0.424413	-0.170568	-0.645273	-0.659688
0.424367	-0.169969	-0.644036	-0.659407
0.424421	-0.168473	-0.645542	-0.659675
0.424396	-0.170479	-0.644533	-0.660194
0.424305	-0.171202	-0.644902	-0.659813
0.424443	-0.172141	-0.643411	-0.659569
0.424426	-0.172777	-0.642753	-0.661022
0.424418	-0.172227	-0.641933	-0.661093
0.424458	-0.175271	-0.642927	-0.659153
0.424387	-0.173583	-0.641585	-0.659774
0.424434	-0.175474	-0.640356	-0.659539
0.424497	-0.174582	-0.641007	-0.659468
0.424387	-0.175577	-0.641976	-0.660190
0.424431	-0.173988	-0.641306	-0.659975
0.424399	-0.175937	-0.641482	-0.660065
0.424408	-0.175756	-0.641906	-0.660541
0.424435	-0.173916	-0.639944	-0.660617
0.424441	-0.174283	-0.640491	-0.659101
0.424470	-0.174355	-0.641970	-0.661154
0.424494	-0.172675	-0.642392	-0.660464
0.424330	-0.174273	-0.642441	-0.659666
0.424443	-0.171322	-0.642155	-0.659031
0.424445	-0.171416	-0.642075	-0.659470
0.424472	-0.170998	-0.643402	-0.659828
0.424418	-0.170006	-0.644574	-0.660527
0.424421	-0.171351	-0.642183	-0.661091
0.424382	-0.170320	-0.644567	-0.659381
0.424419	-0.169629	-0.644476	-0.660002
0.424330	-0.170182	-0.646137	-0.659356
0.424401	-0.169659	-0.644595	-0.660654
0.424423	-0.167772	-0.646172	-0.659618
0.424396	-0.168944	-0.645262	-0.661199
0.424448	-0.167697	-0.645697	-0.660827
0.424449	-0.167506	-0.643914	-0.658782
0.424379	-0.168871	-0.644736	-0.661518
0.424414	-0.170541	-0.642339	-0.661060
0.424414	-0.167531	-0.643276	-0.659435
0.424391	-0.169748	-0.646445	-0.659562
0.424483	-0.168661	-0.644934	-0.659403
0.424426	-0.169643	-0.642865	-0.659797
0.424380	-0.169710	-0.642536	-0.659938
0.424413	-0.170187	-0.643718	-0.659797
0.424453	-0.168963	-0.643559	-0.659456
0.424438	-0.170076	-0.644733	-0.660466
0.424395	-0.170367	-0.642823	-0.660396
0.424428	-0.170386	-0.642685	-0.661142
0.424394	-0.170323	-0.642095	-0.659378
0.424448	-0.172010	-0.642282	-0.660676
0.424399	-0.170789	-0.641526	-0.660714
0.424424	-0.169555	-0.641559	-0.658668
0.424419	-0.170591	-0.642506	-0.659931
0.424468	-0.170390	-0.642734	-0.661660
0.424355	-0.170386	-0.642777	-0.660050
0.424450	-0.171366	-0.640376	-0.660337
0.424454	-0.171968	-0.639607	-0.659795
0.424424	-0.171899	-0.639662	-0.659876
0.424434	-0.170610	-0.641265	-0.659785
0.424377	-0.172874	-0.639276	-0.659748
0.424492	-0.171275	-0.639832	-0.659871
0.424410	-0.171717	-0.639953	-0.659121
0.424380	-0.172713	-0.640734	-0.659477
0.424386	-0.170033	-0.638914	-0.659822
0.424347	-0.170272	-0.641244	-0.659539
0.424352	-0.169311	-0.641227	-0.659878
0.424441	-0.170584	-0.641668	-0.660376
0.424374	-0.169601	-0.639486	-0.659606
0.424446	-0.171341	-0.641900	-0.660437
0.424404	-0.170404	-0.641361	-0.661255
0.424399	-0.171942	-0.640052	-0.658863
0.424357	-0.172013	-0.639100	-0.659529
0.424347	-0.170449	-0.640075	-0.659828
0.424400	-0.169711	-0.640698	-0.658660
0.424340	-0.167845	-0.642616	-0.659579
0.424430	-0.166677	-0.641752	-0.659813
0.424357	-0.168297	-0.641582	-0.660154
0.424468	-0.165328	-0.643152	-0.659514
0.424423	-0.166202	-0.643706	-0.660299
0.424408	-0.165599	-0.645609	-0.659080
0.424406	-0.164825	-0.643554	-0.659705
0.424326	-0.164825	-0.644160	-0.660095
0.424381	-0.163955	-0.644559	-0.659301
0.424360	-0.165766	-0.645060	-0.660561
0.424379	-0.166762	-0.644358	-0.658401
0.424438	-0.165846	-0.644229	-0.660456
0.424298	-0.166352	-0.642638	-0.660924
0.424458	-0.166837	-0.645517	-0.658541
0.424391	-0.166580	-0.643731	-0.660245
0.424327	-0.167732	-0.645344	-0.659833
0.424464	-0.167214	-0.645384	-0.659165
0.424295	-0.164531	-0.645372	-0.660726
0.424418	-0.167528	-0.643179	-0.660387
0.424380	-0.168282	-0.644281	-0.659923
0.424425	-0.167219	-0.644387	-0.659710
0.424435	-0.167856	-0.644881	-0.659960
0.424420	-0.169442	-0.643635	-0.659714
0.424443	-0.169467	-0.643900	-0.661405
0.424362	-0.170465	-0.644147	-0.659990
0.424376	-0.171236	-0.643806	-0.661177
0.424404	-0.171200	-0.644569	-0.660855
0.424331	-0.171739	-0.644004	-0.659494
0.424424	-0.169491	-0.644478	-0.659481
0.424403	-0.170056	-0.644484	-0.660462
0.424394	-0.167831	-0.643263	-0.660318
0.424365	-0.170087	-0.644155	-0.660292
0.424477	-0.168137	-0.644859	-0.661585
0.424339	-0.166573	-0.643500	-0.660645
0.424477	-0.167162	-0.643499	-0.661824
0.424405	-0.168535	-0.643091	-0.660946
0.424329	-0.166978	-0.643640	-0.660127
0.424375	-0.166930	-0.643667	-0.659986
0.424391	-0.167230	-0.642888	-0.659699
0.424435	-0.167008	-0.643792	-0.659596
0.424379	-0.168009	-0.644845	-0.659838
0.424376	-0.167278	-0.644773	-0.659664
0.424370	-0.167523	-0.645564	-0.660115
0.424300	-0.167906	-0.645638	-0.660297
0.424322	-0.167521	-0.645203	-0.659922
0.424421	-0.168481	-0.644258	-0.660142
0.424357	-0.168987	-0.643345	-0.659150
0.424386	-0.169161	-0.643965	-0.660180
0.424420	-0.170772	-0.646509	-0.660094
0.424329	-0.169688	-0.645105	-0.662418
0.424386	-0.170723	-0.645125	-0.660453
0.424399	-0.170759	-0.644181	-0.660773
0.424403	-0.170651	-0.645339	-0.660572
0.424398	-0.169813	-0.644975	-0.661488
0.424352	-0.169545	-0.644498	-0.660282
0.424352	-0.169206	-0.642198	-0.659681
0.424394	-0.169022	-0.645494	-0.661201
0.424425	-0.170397	-0.644836	-0.660434
0.424391	-0.170087	-0.643216	-0.659427
0.424389	-0.172647	-0.644165	-0.661232
0.424411	-0.173212	-0.643130	-0.659570
0.424440	-0.173651	-0.642835	-0.659222
0.424405	-0.172260	-0.640604	-0.662395
0.424394	-0.172818	-0.642642	-0.661052
0.424312	-0.171639	-0.642654	-0.661031
0.424454	-0.169704	-0.643668	-0.659002
0.424371	-0.170545	-0.641923	-0.660612
0.424411	-0.169024	-0.643877	-0.659214
0.424327	-0.168391	-0.643891	-0.660322
0.424404	-0.166156	-0.643692	-0.658409
0.424387	-0.166662	-0.645780	-0.660302
0.424440	-0.165020	-0.643356	-0.662467
0.424387	-0.167098	-0.643876	-0.660195
0.424414	-0.165682	-0.644811	-0.660258
0.424379	-0.165314	-0.644533	-0.659005
0.424413	-0.165551	-0.645558	-0.660512
0.424386	-0.163141	-0.646784	-0.660166
0.424404	-0.163843	-0.644736	-0.658533
0.424487	-0.165272	-0.645104	-0.660109
0.424312	-0.165098	-0.644480	-0.659165
0.424494	-0.164183	-0.643669	-0.659545
0.424349	-0.165447	-0.644257	-0.660418
0.424393	-0.165469	-0.643737	-0.659418
0.424399	-0.165353	-0.645773	-0.659780
0.424468	-0.162950	-0.644360	-0.660974
0.424355	-0.166045	-0.643971	-0.659550
0.424453	-0.165135	-0.644598	-0.659073
0.424394	-0.165011	-0.645600	-0.660692
0.424379	-0.165940	-0.644889	-0.659813
0.424342	-0.164962	-0.644077	-0.659732
0.424430	-0.164608	-0.643544	-0.659922
0.424345	-0.165547	-0.645470	-0.660239
0.424537	-0.166708	-0.644041	-0.660575
0.424313	-0.168783	-0.643523	-0.659522
0.424520	-0.167358	-0.644100	-0.661219
0.424183	-0.166577	-0.642694	-0.659442
0.425223	-0.166095	-0.642892	-0.658931
0.429228	-0.165627	-0.643862	-0.660652
0.429993	-0.166053	-0.644088	-0.660287
0.426492	-0.165151	-0.645005	-0.659362
0.423925	-0.164295	-0.646616	-0.661736
0.424657	-0.164156	-0.645277	-0.660864
0.424253	-0.164701	-0.645075	-0.657524
0.424541	-0.163984	-0.646563	-0.661240
0.424288	-0.164203	-0.644567	-0.660007
0.424499	-0.164623	-0.644262	-0.660640
0.424362	-0.163006	-0.644722	-0.661170
0.424458	-0.164737	-0.643727	-0.660374
0.424421	-0.164637	-0.645227	-0.660220
0.424403	-0.163473	-0.644312	-0.660388
0.424364	-0.165942	-0.643635	-0.660698
0.424408	-0.164488	-0.644625	-0.659639
0.424355	-0.164961	-0.645877	-0.659569
0.424403	-0.165089	-0.645470	-0.660775
0.424298	-0.164624	-0.645262	-0.660900
0.424379	-0.163999	-0.644514	-0.659539
0.424276	-0.164334	-0.645332	-0.661311
0.424510	-0.161713	-0.645651	-0.660974
0.424356	-0.163258	-0.647831	-0.660071
0.424499	-0.160202	-0.646593	-0.658917
0.424293	-0.159636	-0.645968	-0.661293
0.424554	-0.159224	-0.648176	-0.658672
0.424171	-0.158591	-0.649126	-0.661060
0.425422	-0.159291	-0.649057	-0.661212
0.429570	-0.158547	-0.651609	-0.659762
0.429496	-0.156537	-0.651547	-0.660300
0.429576	-0.158606	-0.650149	-0.659530
0.429496	-0.159124	-0.651942	-0.661155
0.429613	-0.158132	-0.651473	-0.659601
0.429503	-0.159213	-0.650473	-0.660399
0.429498	-0.161443	-0.650527	-0.658563
0.429501	-0.160139	-0.651876	-0.658877
0.429502	-0.161503	-0.649021	-0.660530
0.429557	-0.162573	-0.648739	-0.660794
0.429610	-0.161366	-0.649558	-0.659476
0.429580	-0.160644	-0.650928	-0.660129
0.429585	-0.159492	-0.650110	-0.659757
0.429529	-0.160832	-0.649184	-0.659002
0.429569	-0.161529	-0.651824	-0.660256
0.429572	-0.160788	-0.651625	-0.660823
0.429663	-0.159186	-0.650542	-0.659195
0.429544	-0.160603	-0.650977	-0.660011
0.429466	-0.159153	-0.650823	-0.660134
0.429550	-0.160345	-0.652022	-0.659842
0.429535	-0.158217	-0.652671	-0.660179
0.429581	-0.158224	-0.651412	-0.660477
0.429491	-0.158133	-0.652466	-0.659896
0.429529	-0.161429	-0.652376	-0.660890
0.429550	-0.159302	-0.652443	-0.660760
0.429562	-0.159701	-0.651350	-0.661815
0.429571	-0.162306	-0.652649	-0.658410
0.429576	-0.161917	-0.651495	-0.661045
0.429502	-0.161433	-0.650710	-0.660919
0.429550	-0.162346	-0.649984	-0.659252
0.429629	-0.164750	-0.649126	-0.660521
0.429520	-0.164748	-0.649283	-0.661032
0.429559	-0.164188	-0.648998	-0.659735
0.429621	-0.164720	-0.648190	-0.661235
0.429603	-0.164636	-0.648803	-0.660962
0.429506	-0.163948	-0.649736	-0.657745
0.429525	-0.163074	-0.649830	-0.660190
0.429554	-0.163386	-0.650245	-0.659639
0.429585	-0.163726	-0.651566	-0.659580
0.429537	-0.163027	-0.648414	-0.659575
0.429524	-0.163075	-0.650914	-0.659169
0.429586	-0.162051	-0.650568	-0.661330
0.429534	-0.163552	-0.650770	-0.660208
0.429525	-0.160523	-0.651502	-0.660913
0.429547	-0.160735	-0.651481	-0.661131
0.429477	-0.159669	-0.650591	-0.657851
0.429551	-0.157983	-0.653494	-0.662794
0.429565	-0.158140	-0.654020	-0.660459
0.429532	-0.156650	-0.655716	-0.659387
0.429471	-0.158312	-0.654721	-0.660639
0.429581	-0.154586	-0.654330	-0.661866
0.429566	-0.155912	-0.654957	-0.659319
0.429526	-0.155559	-0.657084	-0.659283
0.429542	-0.156526	-0.655201	-0.660020
0.429503	-0.156719	-0.654945	-0.658391
0.429487	-0.156292	-0.656124	-0.659362
0.429576	-0.155762	-0.656996	-0.660282
0.429517	-0.155741	-0.655281	-0.661304
0.429551	-0.156761	-0.655223	-0.660695
0.429481	-0.156775	-0.656172	-0.660010
0.429606	-0.158751	-0.655381	-0.660820
0.429433	-0.160113	-0.656339	-0.659155
0.429628	-0.159226	-0.654912	-0.658851
0.429443	-0.161655	-0.654347	-0.660402
0.429796	-0.161131	-0.652770	-0.660091
0.429218	-0.161834	-0.653536	-0.659740
0.431348	-0.162277	-0.652097	-0.660497
0.434859	-0.164780	-0.653080	-0.659535
0.434339	-0.163763	-0.651436	-0.659521
0.434602	-0.163629	-0.650660	-0.659580
0.434451	-0.163465	-0.650918	-0.661061
0.434569	-0.163393	-0.652178	-0.660807
0.434416	-0.163085	-0.649497	-0.659809
0.434525	-0.165022	-0.648987	-0.658192
0.434530	-0.164011	-0.649501	-0.660072
0.434505	-0.162428	-0.648875	-0.660700
0.434538	-0.165620	-0.648497	-0.659595
0.434587	-0.163846	-0.647698	-0.660255
0.434429	-0.166019	-0.648509	-0.660209
0.434559	-0.164086	-0.648740	-0.658868
0.434474	-0.164976	-0.647967	-0.659983
0.434502	-0.166006	-0.646943	-0.660269
0.434449	-0.164434	-0.649582	-0.661296
0.434512	-0.164142	-0.647730	-0.658734
0.434498	-0.162320	-0.649329	-0.659302
0.434507	-0.162500	-0.650985	-0.660215
0.434502	-0.162374	-0.651115	-0.660532
0.434444	-0.162047	-0.651047	-0.659881
0.434584	-0.163354	-0.648826	-0.659943
0.434405	-0.163020	-0.649540	-0.660354
0.434667	-0.163801	-0.649319	-0.659460
0.434285	-0.162499	-0.651319	-0.658913
0.434957	-0.162489	-0.650169	-0.659674
0.432371	-0.161033	-0.651249	-0.660150
0.429224	-0.161748	-0.649815	-0.659780
0.429802	-0.160517	-0.648840	-0.658643
0.429300	-0.160944	-0.652219	-0.658673
0.429738	-0.160091	-0.650734	-0.659582
0.429475	-0.159569	-0.650053	-0.659374
0.429651	-0.159421	-0.650255	-0.658283
0.429448	-0.160057	-0.651526	-0.660481
0.429586	-0.162003	-0.650308	-0.659918
0.429665	-0.162672	-0.649160	-0.659572
0.433928	-0.162588	-0.647856	-0.660892
0.434591	-0.162998	-0.649775	-0.658937
0.434487	-0.162814	-0.647849	-0.659197
0.434540	-0.162992	-0.649331	-0.660295
0.434487	-0.162743	-0.649696	-0.660839
0.434544	-0.163095	-0.650748	-0.660986
0.434556	-0.163293	-0.648814	-0.658822
0.434547	-0.163789	-0.650422	-0.659669
0.434498	-0.163841	-0.649728	-0.659826
0.434572	-0.164542	-0.649830	-0.658944
0.434505	-0.161286	-0.649967	-0.659334
0.434525	-0.161489	-0.651500	-0.660194
0.434520	-0.159066	-0.650807	-0.658898
0.434471	-0.158596	-0.650750	-0.659331
0.434479	-0.160202	-0.652557	-0.660297
0.434469	-0.159224	-0.651699	-0.659886
0.434430	-0.161193	-0.651121	-0.659274
0.434475	-0.160628	-0.649837	-0.660976
0.434488	-0.161260	-0.651516	-0.659810
0.434475	-0.161737	-0.651480	-0.659611
0.434485	-0.161257	-0.650458	-0.660832
0.434461	-0.159915	-0.652010	-0.659991
0.434423	-0.158967	-0.652092	-0.659833
0.434494	-0.157667	-0.651371	-0.659313
0.434527	-0.157888	-0.652648	-0.658925
0.434518	-0.157542	-0.653809	-0.658565
0.434508	-0.157906	-0.653215	-0.660100
0.434477	-0.159119	-0.654539	-0.659679
0.434524	-0.158447	-0.654396	-0.658268
0.434443	-0.159103	-0.652580	-0.660823
0.434490	-0.158224	-0.655538	-0.659777
0.434474	-0.159799	-0.652947	-0.660885
0.434453	-0.158287	-0.653787	-0.660278
0.434528	-0.158818	-0.653646	-0.659471
0.434557	-0.158382	-0.652796	-0.660768
0.434568	-0.160096	-0.652549	-0.660684
0.434507	-0.160670	-0.651343	-0.659561
0.434512	-0.160385	-0.653312	-0.659765
0.434535	-0.157697	-0.652994	-0.659564
0.434477	-0.157383	-0.654190	-0.659074
0.434504	-0.159889	-0.653912	-0.660095
0.434484	-0.154951	-0.655346	-0.659184
0.434533	-0.155632	-0.654774	-0.659906
0.434530	-0.155290	-0.655365	-0.659456
0.434630	-0.155292	-0.655600	-0.658804
0.434489	-0.155471	-0.656229	-0.659931
0.434507	-0.155804	-0.653605	-0.660305
0.434515	-0.155956	-0.655341	-0.660515
0.434471	-0.155637	-0.656058	-0.660682
0.434514	-0.155849	-0.655729	-0.659492
0.434465	-0.156079	-0.655419	-0.658573
0.434482	-0.158072	-0.655758	-0.660502
0.434471	-0.157038	-0.654892	-0.660814
0.434474	-0.159013	-0.655644	-0.660555
0.434498	-0.160402	-0.652915	-0.659155
0.434609	-0.161505	-0.650098	-0.659606
0.434535	-0.160287	-0.650107	-0.659754
0.434544	-0.161028	-0.650714	-0.659115
0.434461	-0.161918	-0.650978	-0.659748
0.434525	-0.160879	-0.651780	-0.661400
0.434468	-0.160656	-0.650417	-0.659412
0.434445	-0.161426	-0.648778	-0.660148
0.434479	-0.160087	-0.648900	-0.661660
0.434485	-0.161580	-0.649012	-0.660698
0.434492	-0.161985	-0.648437	-0.659656
0.434495	-0.161932	-0.648206	-0.660518
0.434464	-0.162297	-0.649182	-0.660412
0.434508	-0.161633	-0.649412	-0.660236
0.434517	-0.161474	-0.649976	-0.660720
0.434510	-0.161884	-0.649623	-0.659136
0.434591	-0.162090	-0.651055	-0.660337
0.434532	-0.162027	-0.650116	-0.659287
0.434493	-0.164890	-0.648685	-0.660190
0.434534	-0.164017	-0.649269	-0.658734
0.434469	-0.163990	-0.649321	-0.659500
0.434532	-0.163107	-0.649321	-0.658941
0.434429	-0.163079	-0.649629	-0.660993
0.434514	-0.163169	-0.649695	-0.661601
0.434505	-0.163871	-0.650076	-0.661002
0.434533	-0.164452	-0.649400	-0.659182
0.434552	-0.164442	-0.648197	-0.659177
0.434499	-0.164310	-0.649557	-0.659354
0.434492	-0.165113	-0.648744	-0.661429
0.434509	-0.164338	-0.647003	-0.659131
0.434561	-0.167358	-0.648008	-0.658975
0.434525	-0.166769	-0.647186	-0.660398
0.434548	-0.167429	-0.647482	-0.658312
0.434544	-0.168935	-0.648275	-0.659624
0.434480	-0.169930	-0.645716	-0.659773
0.434571	-0.171001	-0.645711	-0.659505
0.434510	-0.170636	-0.644917	-0.659639
0.434543	-0.171116	-0.645475	-0.659829
0.434493	-0.174131	-0.645376	-0.658952
0.434517	-0.172607	-0.645128	-0.658613
0.434518	-0.173040	-0.644722	-0.661025
0.434524	-0.172884	-0.643891	-0.659706
0.434479	-0.171334	-0.643331	-0.659690
0.434510	-0.174937	-0.643565	-0.659351
0.434525	-0.173021	-0.643909	-0.659022
0.434577	-0.173440	-0.645342	-0.659962
0.434567	-0.172022	-0.645806	-0.658867
0.434500	-0.171300	-0.644350	-0.660987
0.434448	-0.172111	-0.644860	-0.659422
0.434532	-0.169783	-0.644993	-0.659615
0.434525	-0.168527	-0.644653	-0.658788
0.434508	-0.167526	-0.646336	-0.659210
0.434497	-0.167873	-0.646661	-0.660085
0.434464	-0.168472	-0.646257	-0.659917
0.434508	-0.166572	-0.645874	-0.660486
0.434512	-0.167485	-0.646267	-0.660459
0.434459	-0.167041	-0.646188	-0.660639
0.434466	-0.165506	-0.647792	-0.658833
0.434572	-0.166611	-0.647091	-0.659306
0.434410	-0.165974	-0.648167	-0.660807
0.434616	-0.164581	-0.647690	-0.657344
0.434434	-0.164716	-0.649646	-0.661316
0.434552	-0.163385	-0.650625	-0.659884
0.434382	-0.162587	-0.649166	-0.660647
0.434606	-0.159968	-0.651596	-0.659368
0.434381	-0.158642	-0.651074	-0.660708
0.434642	-0.160575	-0.652427	-0.659603
0.434192	-0.158177	-0.653331	-0.659574
0.434811	-0.157271	-0.655076	-0.660998
0.433038	-0.158412	-0.652853	-0.661299
0.429486	-0.159825	-0.655692	-0.661040
0.429394	-0.157951	-0.654733	-0.659248
0.430886	-0.159447	-0.654456	-0.660458
0.434841	-0.159962	-0.653798	-0.659398
0.434222	-0.160098	-0.653658	-0.660691
0.434720	-0.161972	-0.653304	-0.659175
0.434414	-0.162557	-0.652708	-0.660535
0.434657	-0.161345	-0.653070	-0.659679
0.434413	-0.161168	-0.653362	-0.661303
0.434612	-0.161797	-0.654638	-0.660941
0.434404	-0.162538	-0.653168	-0.660211
0.434596	-0.163482	-0.654880	-0.659537
0.434428	-0.161961	-0.652670	-0.661256
0.434507	-0.161544	-0.652471	-0.659841
0.434479	-0.162953	-0.651645	-0.660664
0.434487	-0.162250	-0.650547	-0.659808
0.434549	-0.162381	-0.649385	-0.659799
0.434594	-0.161409	-0.649177	-0.658729
0.434556	-0.160002	-0.649501	-0.658812
0.434553	-0.160947	-0.648231	-0.659012
0.434508	-0.160911	-0.651374	-0.660616
0.434469	-0.160362	-0.649781	-0.659467
0.434519	-0.159367	-0.650206	-0.659839
0.434579	-0.161719	-0.650095	-0.658502
0.434443	-0.161156	-0.650962	-0.658525
0.434524	-0.160180	-0.650843	-0.659322
0.434466	-0.161180	-0.651508	-0.658726
0.434505	-0.160718	-0.651617	-0.660916
0.434574	-0.158894	-0.652577	-0.660516
0.434456	-0.159010	-0.654070	-0.659035
0.434519	-0.159954	-0.651567	-0.659240
0.434523	-0.160451	-0.654601	-0.660847
0.434493	-0.160779	-0.652901	-0.660641
0.434619	-0.159923	-0.653422	-0.660708
0.434508	-0.160779	-0.654169	-0.658702
0.434561	-0.159963	-0.654489	-0.661536
0.434562	-0.159994	-0.652079	-0.660850
0.434527	-0.162332	-0.653563	-0.660431
0.434470	-0.163290	-0.653537	-0.659872
0.434582	-0.161876	-0.653349	-0.658804
0.434543	-0.162160	-0.652250	-0.659643
0.434519	-0.163420	-0.651362	-0.659785
0.434500	-0.163418	-0.652348	-0.660186
0.434535	-0.164566	-0.651223	-0.659428
0.434505	-0.164140	-0.651601	-0.661854
0.434510	-0.163050	-0.652348	-0.659269
0.434614	-0.160820	-0.651382	-0.659529
0.434509	-0.162391	-0.651381	-0.660878
0.434507	-0.161183	-0.651879	-0.660709
0.434553	-0.159589	-0.654160	-0.660434
0.434515	-0.159751	-0.655143	-0.660927
0.434553	-0.158151	-0.654940	-0.660085
0.434527	-0.158023	-0.655035	-0.660750
0.434480	-0.158376	-0.655310	-0.658219
0.434426	-0.160066	-0.656291	-0.659040
0.434566	-0.159492	-0.654208	-0.658822
0.434504	-0.157576	-0.655587	-0.660698
0.434544	-0.159331	-0.654027	-0.660908
0.434569	-0.159456	-0.653801	-0.659787
0.434533	-0.160973	-0.654066	-0.660496
0.434518	-0.160452	-0.654900	-0.660986
0.434471	-0.162066	-0.654338	-0.660359
0.434512	-0.161470	-0.653539	-0.660295
0.434431	-0.161573	-0.651542	-0.661834
0.434502	-0.162379	-0.653428	-0.660848
0.434480	-0.160913	-0.654223	-0.658910
0.434542	-0.161498	-0.652465	-0.658871
0.434556	-0.163758	-0.653916	-0.662418
0.434495	-0.161996	-0.652826	-0.660788
0.434538	-0.161402	-0.652989	-0.660369
0.434504	-0.162038	-0.653156	-0.658848
0.434455	-0.163406	-0.653178	-0.660535
0.434499	-0.163075	-0.652156	-0.659362
0.434582	-0.161692	-0.654985	-0.661048
0.434510	-0.161836	-0.654586	-0.660508
0.434494	-0.162095	-0.654024	-0.660067
0.434814	-0.160507	-0.653351	-0.659884
0.439013	-0.161407	-0.655187	-0.659402
0.439551	-0.160193	-0.656923	-0.660625
0.439382	-0.159229	-0.655043	-0.661149
0.439407	-0.159348	-0.658750	-0.660622
0.439506	-0.158892	-0.659027	-0.659896
0.439445	-0.157934	-0.659635	-0.659842
0.439580	-0.157254	-0.659284	-0.661367
0.439391	-0.157402	-0.658433	-0.659857
0.439550	-0.158020	-0.658525	-0.660433
0.439414	-0.156580	-0.659300	-0.660313
0.439324	-0.154741	-0.659368	-0.659851
0.434473	-0.156058	-0.660306	-0.660122
0.437038	-0.156859	-0.660826	-0.660368
0.439956	-0.156817	-0.661849	-0.659728
0.439273	-0.156477	-0.661211	-0.659262
0.439587	-0.157833	-0.660388	-0.659551
0.439419	-0.157386	-0.660373	-0.659897
0.439595	-0.157585	-0.660042	-0.659738
0.439360	-0.159485	-0.659355	-0.660358
0.439445	-0.159522	-0.658750	-0.660994
0.439418	-0.160658	-0.659543	-0.659643
0.439561	-0.161664	-0.658519	-0.658603
0.439407	-0.160271	-0.657842	-0.660052
0.439472	-0.161819	-0.657443	-0.660342
0.439481	-0.162380	-0.656963	-0.660411
0.439486	-0.160655	-0.658111	-0.660924
0.439505	-0.163052	-0.658482	-0.661455
0.439470	-0.163525	-0.658944	-0.659671
0.439467	-0.164397	-0.656439	-0.660771
0.439490	-0.165524	-0.657895	-0.659396
0.439451	-0.166218	-0.656147	-0.660339
0.439552	-0.165358	-0.656213	-0.660485
0.439445	-0.164619	-0.654434	-0.660735
0.439456	-0.164558	-0.655960	-0.660556
0.439488	-0.165298	-0.656003	-0.660314
0.439508	-0.164631	-0.657860	-0.660127
0.439461	-0.164310	-0.655910	-0.658911
0.439517	-0.161510	-0.657766	-0.659937
0.439418	-0.163563	-0.657811	-0.658519
0.439451	-0.162505	-0.657456	-0.660028
0.439517	-0.162842	-0.657335	-0.658759
0.439503	-0.161130	-0.658002	-0.658267
0.439482	-0.161242	-0.659221	-0.659397
0.439446	-0.161014	-0.659722	-0.660540
0.439423	-0.159162	-0.660428	-0.661799
0.439457	-0.159760	-0.659546	-0.659592
0.439456	-0.161402	-0.660017	-0.660433
0.439508	-0.159948	-0.659582	-0.660283
0.439485	-0.160949	-0.660824	-0.660290
0.439452	-0.158983	-0.659546	-0.660254
0.439446	-0.161674	-0.657667	-0.660447
0.439517	-0.160759	-0.659801	-0.659417
0.439477	-0.161282	-0.658514	-0.659297
0.439496	-0.162286	-0.658559	-0.659924
0.439452	-0.161918	-0.658049	-0.659223
0.439512	-0.163761	-0.657697	-0.659685
0.439477	-0.163344	-0.658660	-0.659967
0.439473	-0.164203	-0.656347	-0.659587
0.439442	-0.165047	-0.658430	-0.660274
0.439511	-0.164026	-0.656340	-0.660145
0.439470	-0.163714	-0.656166	-0.660278
0.439539	-0.164089	-0.656894	-0.661739
0.439342	-0.164368	-0.656959	-0.660621
0.439608	-0.165810	-0.656198	-0.660540
0.436502	-0.164363	-0.656708	-0.659874
0.433842	-0.164395	-0.656405	-0.662022
0.437854	-0.164349	-0.656913	-0.658679
0.439648	-0.165524	-0.656118	-0.659608
0.439392	-0.166179	-0.656282	-0.661083
0.439500	-0.166764	-0.655387	-0.660652
0.439466	-0.165817	-0.655090	-0.660022
0.439510	-0.166711	-0.656717	-0.659386
0.439457	-0.165358	-0.655615	-0.661907
0.439482	-0.167664	-0.655573	-0.660052
0.439432	-0.167090	-0.654350	-0.660501
0.439495	-0.166615	-0.655754	-0.659447
0.439466	-0.168188	-0.654793	-0.659703
0.439530	-0.167108	-0.654243	-0.660630
0.439467	-0.165562	-0.654588	-0.659215
0.439503	-0.163260	-0.655648	-0.658698
0.439398	-0.164423	-0.655778	-0.658783
0.439439	-0.165408	-0.655459	-0.658030
0.439396	-0.164742	-0.653363	-0.658598
0.439470	-0.167351	-0.654706	-0.659933
0.439393	-0.164781	-0.654986	-0.659467
0.439534	-0.164949	-0.654756	-0.660597
0.439413	-0.164311	-0.654298	-0.659049
0.439576	-0.164856	-0.654031	-0.660258
0.439364	-0.164866	-0.653371	-0.659096
0.439697	-0.163678	-0.654150	-0.659681
0.439243	-0.163593	-0.653724	-0.660248
0.439960	-0.163478	-0.654669	-0.659815
0.438082	-0.162035	-0.653163	-0.660546
0.434497	-0.162952	-0.654981	-0.659877
0.434321	-0.163281	-0.654778	-0.659109
0.438138	-0.162002	-0.654589	-0.659015
0.439741	-0.161558	-0.654845	-0.660914
0.439521	-0.162229	-0.655748	-0.660411
0.438387	-0.162619	-0.655872	-0.659767
0.434252	-0.162123	-0.656910	-0.659103
0.434735	-0.161407	-0.657045	-0.660576
0.434318	-0.159007	-0.657022	-0.660630
0.434643	-0.159462	-0.658878	-0.660518
0.434390	-0.158203	-0.659917	-0.660401
0.434586	-0.158396	-0.659170	-0.660669
0.434430	-0.155845	-0.659983	-0.659783
0.434648	-0.156487	-0.660786	-0.659192
0.434466	-0.154901	-0.659000	-0.662378
0.434549	-0.157263	-0.660273	-0.660315
0.434482	-0.156240	-0.660221	-0.659066
0.434508	-0.157178	-0.659176	-0.659183
0.434513	-0.156730	-0.658349	-0.659980
0.434559	-0.157576	-0.659632	-0.660746
0.434477	-0.157649	-0.658557	-0.659899
0.434507	-0.157803	-0.658028	-0.660720
0.434485	-0.160598	-0.658454	-0.659722
0.434556	-0.159464	-0.660268	-0.660779
0.434483	-0.161287	-0.656575	-0.658103
0.434568	-0.160112	-0.657601	-0.659720
0.434440	-0.162113	-0.655640	-0.661092
0.434479	-0.161090	-0.655603	-0.659435
0.434411	-0.161440	-0.656236	-0.659930
0.434444	-0.160089	-0.654832	-0.659372
0.434429	-0.161436	-0.655039	-0.659873
0.434572	-0.160487	-0.655145	-0.658390
0.434444	-0.158647	-0.655429	-0.659244
0.438377	-0.160126	-0.654302	-0.660862
0.439702	-0.158848	-0.653703	-0.658823
0.439369	-0.157430	-0.655900	-0.659859
0.439610	-0.158856	-0.655150	-0.660325
0.439417	-0.159567	-0.656026	-0.660373
0.439507	-0.158858	-0.657251	-0.660070
0.439434	-0.158243	-0.657646	-0.659635
0.439575	-0.159608	-0.657193	-0.661088
0.439418	-0.160158	-0.657769	-0.658806
0.439466	-0.158229	-0.657780	-0.658819
0.439433	-0.159106	-0.656968	-0.659258
0.439416	-0.159597	-0.657178	-0.661217
0.439486	-0.158942	-0.657095	-0.659858
0.439389	-0.159388	-0.655760	-0.659438
0.439532	-0.158376	-0.656501	-0.660661
0.439493	-0.158319	-0.657586	-0.661541
0.439556	-0.157913	-0.656425	-0.660258
0.439388	-0.157157	-0.655578	-0.660398
0.439471	-0.158423	-0.656954	-0.659734
0.435304	-0.156374	-0.656887	-0.659021
0.434341	-0.158158	-0.658533	-0.659366
0.434660	-0.159725	-0.659133	-0.659616
0.434542	-0.157382	-0.657335	-0.660377
0.434490	-0.158105	-0.659143	-0.660941
0.434500	-0.157956	-0.658212	-0.660642
0.434618	-0.157670	-0.657750	-0.660354
0.434539	-0.158476	-0.659121	-0.661057
0.438742	-0.158477	-0.658925	-0.659239
0.439651	-0.157627	-0.658750	-0.659333
0.439456	-0.158137	-0.657970	-0.660130
0.439584	-0.156695	-0.659978	-0.659210
0.439443	-0.155969	-0.660555	-0.658959
0.439498	-0.156163	-0.661404	-0.659883
0.439472	-0.157919	-0.662572	-0.660324
0.439524	-0.156971	-0.662432	-0.659797
0.439427	-0.156812	-0.662304	-0.658650
0.439442	-0.156864	-0.661374	-0.660788
0.439512	-0.156616	-0.662261	-0.660681
0.439436	-0.157357	-0.663122	-0.660753
0.439473	-0.160880	-0.663037	-0.660414
0.439458	-0.161356	-0.663153	-0.659068
0.439439	-0.161281	-0.662097	-0.660282
0.439434	-0.163180	-0.660437	-0.660154
0.439495	-0.164294	-0.659398	-0.660164
0.439458	-0.165785	-0.658865	-0.659195
0.439467	-0.166319	-0.657954	-0.658907
0.439478	-0.166483	-0.657504	-0.659346
0.439487	-0.167787	-0.657555	-0.660086
0.439448	-0.165954	-0.654429	-0.659743
0.439423	-0.168058	-0.654614	-0.660617
0.439477	-0.167031	-0.655274	-0.658360
0.439397	-0.168058	-0.654593	-0.659514
0.439492	-0.168390	-0.654877	-0.660092
0.439467	-0.168347	-0.655078	-0.659333
0.439525	-0.166930	-0.655895	-0.659411
0.439500	-0.167502	-0.655955	-0.659743
0.439539	-0.163229	-0.655330	-0.660393
0.439456	-0.164771	-0.656636	-0.660854
0.439416	-0.164862	-0.654826	-0.659510
0.439463	-0.164753	-0.656607	-0.659374
0.439452	-0.164921	-0.657538	-0.659753
0.439492	-0.164986	-0.655588	-0.660453
0.439461	-0.166931	-0.654139	-0.660491
0.439463	-0.167802	-0.657463	-0.659681
0.439545	-0.168128	-0.657490	-0.660858
0.439437	-0.166904	-0.656552	-0.658515
0.439461	-0.167644	-0.656683	-0.659785
0.439452	-0.168092	-0.657295	-0.659648
0.439488	-0.167016	-0.656904	-0.660288
0.439473	-0.166295	-0.655242	-0.660275
0.439481	-0.167144	-0.655449	-0.659611
0.439506	-0.168779	-0.654184	-0.660369
0.439472	-0.167695	-0.654709	-0.659918
0.439527	-0.168226	-0.653017	-0.659529
0.439505	-0.168206	-0.653075	-0.659877
0.439378	-0.166658	-0.653306	-0.659693
0.439427	-0.166372	-0.652225	-0.660533
0.439412	-0.166787	-0.651966	-0.659720
0.439467	-0.165203	-0.651879	-0.657530
0.439476	-0.164300	-0.652314	-0.659151
0.439439	-0.163818	-0.654709	-0.659364
0.439450	-0.165927	-0.655274	-0.659372
0.439510	-0.162783	-0.655672	-0.661638
0.439416	-0.163514	-0.653742	-0.659805
0.439492	-0.163300	-0.654331	-0.659371
0.439468	-0.163114	-0.656720	-0.659764
0.439534	-0.164867	-0.656433	-0.659838
0.439516	-0.162185	-0.653372	-0.660537
0.439560	-0.162515	-0.656346	-0.658412
0.439458	-0.160589	-0.656196	-0.660878
0.439463	-0.160906	-0.655756	-0.659461
0.439398	-0.161115	-0.657101	-0.658980
0.439516	-0.160625	-0.656171	-0.659894
0.439409	-0.160021	-0.656663	-0.659144
0.439600	-0.160327	-0.657411	-0.660500
0.438900	-0.158565	-0.657340	-0.659322
0.434709	-0.159255	-0.658363	-0.659971
0.434504	-0.158616	-0.658296	-0.660051
0.434413	-0.159302	-0.658938	-0.659640
0.434573	-0.157865	-0.660009	-0.660427
0.434436	-0.155966	-0.659978	-0.660483
0.434576	-0.157302	-0.662451	-0.659505
0.434396	-0.156473	-0.661518	-0.660184
0.434606	-0.157020	-0.662076	-0.659742
0.434311	-0.157481	-0.662462	-0.660537
0.434643	-0.158104	-0.663717	-0.660343
0.434376	-0.157508	-0.661783	-0.661095
0.434677	-0.158793	-0.663227	-0.660008
0.434196	-0.156530	-0.663223	-0.660963
0.437514	-0.157550	-0.662417	-0.660379
0.439831	-0.160071	-0.663284	-0.660461
0.439278	-0.159072	-0.663232	-0.659408
0.439658	-0.157920	-0.662482	-0.660055
0.439383	-0.157950	-0.661276	-0.661190
0.439531	-0.156872	-0.661591	-0.658850
0.439417	-0.158293	-0.661810	-0.659359
0.439491	-0.157979	-0.659724	-0.659807
0.439381	-0.159161	-0.660651	-0.661344
0.439487	-0.158070	-0.661265	-0.660807
0.439401	-0.160220	-0.660694	-0.659259
0.439451	-0.159750	-0.658691	-0.661144
0.439507	-0.158008	-0.659752	-0.661030
0.439488	-0.157865	-0.660310	-0.661206
0.439502	-0.157780	-0.660031	-0.659930
0.439505	-0.157690	-0.660552	-0.660164
0.439482	-0.159143	-0.658336	-0.660165
0.439492	-0.160066	-0.658776	-0.659620
0.439473	-0.162270	-0.660694	-0.659262
0.439559	-0.161858	-0.659598	-0.660547
0.439511	-0.162270	-0.658891	-0.660875
0.439488	-0.161906	-0.658652	-0.660300
0.439457	-0.161948	-0.659596	-0.660107
0.439491	-0.162192	-0.658643	-0.659432
0.439500	-0.164000	-0.657956	-0.659971
0.439465	-0.163539	-0.658017	-0.659527
0.439549	-0.164688	-0.656422	-0.661217
0.439462	-0.162299	-0.657836	-0.660195
0.439505	-0.162668	-0.655227	-0.660142
0.439487	-0.163842	-0.658078	-0.660246
0.439497	-0.162976	-0.657871	-0.659649
0.439451	-0.163132	-0.657685	-0.658722
0.439505	-0.164077	-0.656543	-0.658862
0.439513	-0.164385	-0.657844	-0.661680
0.439438	-0.161157	-0.657484	-0.659717
0.439487	-0.162458	-0.658736	-0.660942
0.439510	-0.162883	-0.658012	-0.660542
0.439529	-0.160909	-0.658681	-0.660246
0.439432	-0.161674	-0.657934	-0.659190
0.439591	-0.163232	-0.657426	-0.658447
0.439480	-0.161427	-0.659528	-0.660190
0.439584	-0.163117	-0.658162	-0.660027
0.439332	-0.163940	-0.658300	-0.660295
0.439638	-0.162862	-0.659132	-0.660474
0.439255	-0.163037	-0.659037	-0.659765
0.439779	-0.164348	-0.657771	-0.659120
0.438382	-0.165645	-0.659064	-0.659631
0.434318	-0.164561	-0.658376	-0.658466
0.434579	-0.165448	-0.658177	-0.658782
0.434413	-0.165116	-0.657799	-0.660788
0.434597	-0.164584	-0.656745	-0.659277
0.434528	-0.165447	-0.656970	-0.660685
0.434540	-0.163769	-0.657919	-0.657880
0.434460	-0.163850	-0.658312	-0.660300
0.434592	-0.164135	-0.658850	-0.659435
0.434456	-0.164220	-0.658294	-0.659955
0.434507	-0.163174	-0.658619	-0.659219
0.434490	-0.163161	-0.657816	-0.660135
0.434515	-0.162008	-0.658784	-0.661027
0.434500	-0.163654	-0.659700	-0.658469
0.434572	-0.163835	-0.658914	-0.659408
0.434464	-0.163659	-0.657579	-0.659798
0.434545	-0.162993	-0.659628	-0.659992
0.434518	-0.162637	-0.658898	-0.660002
0.434513	-0.164359	-0.660038	-0.659685
0.434482	-0.166044	-0.659577	-0.661284
0.434604	-0.164394	-0.658084	-0.660362
0.434530	-0.165703	-0.657568	-0.660644
0.434534	-0.166274	-0.658118	-0.659960
0.434519	-0.163380	-0.658431	-0.659332
0.434441	-0.163336	-0.656808	-0.661281
0.434530	-0.164449	-0.656600	-0.659505
0.434464	-0.163638	-0.656713	-0.658412
0.434557	-0.161347	-0.659019	-0.659299
0.434484	-0.162105	-0.657193	-0.660072
0.434548	-0.163214	-0.657205	-0.659817
0.434426	-0.163728	-0.657169	-0.659058
0.434495	-0.164280	-0.655506	-0.660373
0.434545	-0.164400	-0.656100	-0.660012
0.434532	-0.164704	-0.656747	-0.659118
0.434492	-0.166290	-0.655845	-0.659026
0.434523	-0.165940	-0.655771	-0.660927
0.434498	-0.166670	-0.653752	-0.658501
0.434528	-0.165680	-0.654964	-0.659341
0.434589	-0.167045	-0.653633	-0.660978
0.434532	-0.167716	-0.653708	-0.660525
0.434538	-0.169320	-0.653415	-0.660561
0.434515	-0.169584	-0.651918	-0.661196
0.434548	-0.170300	-0.651348	-0.659061
0.434529	-0.170336	-0.651328	-0.659352
0.434475	-0.171228	-0.649125	-0.661088
0.434494	-0.169915	-0.651793	-0.659696
0.434444	-0.168217	-0.649869	-0.659461
0.434568	-0.169464	-0.650409	-0.660541
0.434547	-0.168513	-0.649405	-0.659962
0.434569	-0.166775	-0.649902	-0.659049
0.434408	-0.167950	-0.650368	-0.660528
0.434569	-0.169178	-0.650741	-0.658824
0.434498	-0.169560	-0.650828	-0.659788
0.434614	-0.168362	-0.651214	-0.661647
0.434489	-0.171760	-0.652492	-0.659874
0.434657	-0.167971	-0.651189	-0.660758
0.434341	-0.169430	-0.650444	-0.659397
0.434969	-0.172553	-0.649200	-0.659497
0.432563	-0.170919	-0.649677	-0.659115
0.429172	-0.171556	-0.649041	-0.660112
0.429781	-0.171506	-0.648760	-0.659784
0.429368	-0.171192	-0.649880	-0.659497
0.429684	-0.174523	-0.648205	-0.658912
0.429493	-0.175093	-0.647628	-0.660293
0.429552	-0.173408	-0.648576	-0.659170
0.429514	-0.174445	-0.648126	-0.660253
0.429605	-0.173415	-0.647539	-0.659218
0.429433	-0.175332	-0.647820	-0.660763
0.429557	-0.174167	-0.648562	-0.659831
0.429492	-0.175085	-0.646245	-0.661973
0.429520	-0.174810	-0.646356	-0.659334
0.429475	-0.172440	-0.646267	-0.658901
0.429604	-0.174796	-0.648771	-0.660667
0.429490	-0.172518	-0.648289	-0.660406
0.429588	-0.170850	-0.648983	-0.660698
0.429393	-0.171519	-0.648556	-0.660225
0.429653	-0.169335	-0.647617	-0.660507
0.429422	-0.170107	-0.649202	-0.659031
0.429754	-0.169645	-0.650573	-0.659328
0.429358	-0.170699	-0.651170	-0.659899
0.429945	-0.168197	-0.651513	-0.660452
0.427206	-0.169313	-0.651122	-0.660624
0.424006	-0.171027	-0.652287	-0.659537
0.424666	-0.170084	-0.650344	-0.659882
0.424214	-0.169904	-0.650418	-0.661095
0.424564	-0.171192	-0.650009	-0.659869
0.424308	-0.170253	-0.651086	-0.660066
0.424553	-0.169716	-0.651201	-0.659888
0.424236	-0.170854	-0.650685	-0.660764
0.424611	-0.169420	-0.650679	-0.661384
0.424263	-0.169540	-0.650154	-0.659892
0.424528	-0.169625	-0.650436	-0.658990
0.424285	-0.171844	-0.651011	-0.659468
0.424602	-0.170912	-0.651658	-0.658769
0.424224	-0.171893	-0.650320	-0.659343
0.424716	-0.172235	-0.648122	-0.660533
0.423959	-0.173983	-0.649799	-0.659633
0.427072	-0.174780	-0.647948	-0.661161
0.429860	-0.175964	-0.647037	-0.660594
0.429391	-0.176686	-0.647259	-0.659706
0.429613	-0.176228	-0.648038	-0.660015
0.429611	-0.178363	-0.646883	-0.660684
0.429329	-0.178928	-0.646982	-0.659740
0.429994	-0.179561	-0.646697	-0.660250
0.426975	-0.177761	-0.645060	-0.660690
0.423925	-0.179198	-0.644188	-0.661468
0.424633	-0.178661	-0.646222	-0.658218
0.424153	-0.177495	-0.643613	-0.660978
0.424599	-0.179427	-0.644125	-0.659898
0.424280	-0.177966	-0.644852	-0.659750
0.424517	-0.178035	-0.645559	-0.661408
0.424341	-0.179330	-0.646243	-0.659378
0.424450	-0.176973	-0.644785	-0.660314
0.424319	-0.177066	-0.645550	-0.659878
0.424420	-0.176046	-0.646101	-0.660011
0.424403	-0.175836	-0.645443	-0.659911
0.424436	-0.175624	-0.645376	-0.659955
0.424322	-0.177496	-0.644954	-0.660094
0.424433	-0.174823	-0.646083	-0.660412
0.424371	-0.174631	-0.647175	-0.659248
0.424448	-0.173712	-0.644760	-0.659814
0.424445	-0.174788	-0.645647	-0.659051
0.424384	-0.174924	-0.645459	-0.659009
0.424448	-0.172978	-0.644148	-0.659222
0.424479	-0.174897	-0.645642	-0.660733
0.424434	-0.173600	-0.646174	-0.658787
0.424371	-0.172702	-0.645811	-0.658406
0.424446	-0.172411	-0.646010	-0.658793
0.424426	-0.171118	-0.645212	-0.661273
0.424369	-0.172489	-0.646058	-0.660214
0.424469	-0.172265	-0.646099	-0.659970
0.424436	-0.172649	-0.645880	-0.659793
0.424533	-0.171327	-0.646177	-0.658367
0.424406	-0.172070	-0.645480	-0.660992
0.424446	-0.172639	-0.644189	-0.658807
0.424448	-0.171541	-0.645919	-0.659542
0.424416	-0.173796	-0.644061	-0.658302
0.424408	-0.172137	-0.642757	-0.659773
0.424404	-0.172281	-0.644763	-0.660283
0.424354	-0.170514	-0.646223	-0.660543
0.424391	-0.171251	-0.645448	-0.659780
0.424446	-0.172185	-0.644427	-0.659581
0.424423	-0.171092	-0.646116	-0.658886
0.424453	-0.169565	-0.647290	-0.660770
0.424405	-0.170480	-0.646007	-0.660685
0.424470	-0.170967	-0.647101	-0.660413
0.424391	-0.170515	-0.645262	-0.659354
0.424380	-0.170654	-0.646730	-0.658306
0.424451	-0.172177	-0.645045	-0.660328
0.424313	-0.170124	-0.645740	-0.660386
0.424416	-0.170656	-0.644960	-0.661156
0.424336	-0.172287	-0.645029	-0.658777
0.424395	-0.172713	-0.643377	-0.659747
0.424415	-0.172832	-0.643247	-0.660125
0.424420	-0.173737	-0.644475	-0.658860
0.424384	-0.175323	-0.643800	-0.659049
0.424399	-0.176493	-0.642655	-0.658652
0.424355	-0.177709	-0.642875	-0.660478
0.424341	-0.177740	-0.642124	-0.659800
0.424490	-0.180119	-0.641351	-0.660828
0.424414	-0.181143	-0.640125	-0.658981
0.424399	-0.182199	-0.640268	-0.658633
0.424446	-0.182436	-0.639048	-0.661251
0.424396	-0.181644	-0.638842	-0.658841
0.424463	-0.180358	-0.637902	-0.658060
0.424416	-0.182055	-0.638622	-0.658620
0.424483	-0.181061	-0.638542	-0.660343
0.424413	-0.180048	-0.639343	-0.659159
0.424398	-0.179758	-0.640619	-0.659903
0.424393	-0.178165	-0.639200	-0.660084
0.424381	-0.178639	-0.640655	-0.659780
0.424473	-0.178920	-0.641522	-0.659248
0.424301	-0.177500	-0.642836	-0.660784
0.424366	-0.177107	-0.642472	-0.659851
0.424389	-0.175574	-0.643526	-0.659294
0.424371	-0.174761	-0.644500	-0.659440
0.424394	-0.175419	-0.645964	-0.658637
0.424443	-0.173492	-0.645324	-0.659946
0.424361	-0.173078	-0.646136	-0.660774
0.424549	-0.173149	-0.646627	-0.660784
0.424191	-0.170654	-0.646970	-0.659537
0.424673	-0.170186	-0.646555	-0.661097
0.421095	-0.172453	-0.647820	-0.660666
0.419419	-0.169510	-0.646817	-0.659879
0.419865	-0.171021	-0.646680	-0.660462
0.419694	-0.170937	-0.646883	-0.659512
0.419738	-0.172403	-0.645158	-0.658731
0.419727	-0.172902	-0.645765	-0.660525
0.419769	-0.170621	-0.646586	-0.659985
0.419861	-0.170674	-0.645946	-0.660241
0.419477	-0.170283	-0.646132	-0.660265
0.423106	-0.171665	-0.643939	-0.659199
0.424752	-0.170758	-0.647321	-0.659587
0.424270	-0.171299	-0.644590	-0.659636
0.424523	-0.169944	-0.644530	-0.659946
0.424337	-0.170739	-0.644787	-0.660538
0.424509	-0.170273	-0.646019	-0.661013
0.424280	-0.168019	-0.645015	-0.659998
0.424372	-0.168930	-0.645174	-0.658741
0.424257	-0.167630	-0.645908	-0.659420
0.424453	-0.167373	-0.646443	-0.661478
0.424502	-0.166646	-0.646332	-0.658707
0.424395	-0.166043	-0.647724	-0.660364
0.424367	-0.166966	-0.648961	-0.659165
0.424389	-0.167321	-0.647349	-0.659525
0.424385	-0.166273	-0.649918	-0.660155
0.424410	-0.166955	-0.650797	-0.661789
0.424431	-0.165285	-0.649167	-0.660670
0.424331	-0.168642	-0.650234	-0.658971
0.424449	-0.168346	-0.650231	-0.660233
0.424500	-0.169855	-0.650004	-0.660947
0.424408	-0.170462	-0.650126	-0.661854
0.424398	-0.168681	-0.648957	-0.660669
0.424355	-0.169739	-0.649916	-0.660285
0.424438	-0.168562	-0.648717	-0.660230
0.424430	-0.171285	-0.649400	-0.660353
0.424322	-0.170650	-0.648079	-0.660918
0.424421	-0.171295	-0.647883	-0.659372
0.424398	-0.171476	-0.647695	-0.659596
0.424478	-0.170057	-0.646205	-0.659222
0.424342	-0.168211	-0.648482	-0.660604
0.424441	-0.171434	-0.648625	-0.657919
0.424441	-0.170844	-0.648122	-0.659655
0.424441	-0.170683	-0.647805	-0.660421
0.424400	-0.171891	-0.647504	-0.659034
0.424430	-0.171973	-0.647107	-0.659685
0.424341	-0.172061	-0.647731	-0.660796
0.424430	-0.172579	-0.646834	-0.660908
0.424448	-0.172075	-0.647740	-0.659940
0.424475	-0.174104	-0.646091	-0.659549
0.424445	-0.174443	-0.647883	-0.659961
0.424385	-0.173871	-0.646093	-0.659752
0.424408	-0.174711	-0.645851	-0.659797
0.424473	-0.175244	-0.646822	-0.659927
0.424416	-0.175937	-0.647509	-0.659387
0.424415	-0.175768	-0.646817	-0.660523
0.424375	-0.175901	-0.646881	-0.660917
0.424465	-0.176061	-0.646544	-0.658678
0.424446	-0.176582	-0.646563	-0.658682
0.424371	-0.177195	-0.647221	-0.660713
0.424423	-0.174623	-0.647336	-0.660096
0.424379	-0.172764	-0.645758	-0.659423
0.424355	-0.175174	-0.647044	-0.659019
0.424381	-0.175270	-0.646713	-0.659705
0.424454	-0.174888	-0.647628	-0.659227
0.424369	-0.174204	-0.645428	-0.659893
0.424405	-0.173758	-0.647330	-0.658886
0.424488	-0.174818	-0.648384	-0.659296
0.424321	-0.174716	-0.648117	-0.659401
0.424482	-0.176099	-0.648118	-0.659272
0.424436	-0.174265	-0.647955	-0.660216
0.424396	-0.173425	-0.648518	-0.658832
0.424401	-0.175894	-0.650066	-0.659852
0.424347	-0.175722	-0.651630	-0.660349
0.424360	-0.174871	-0.650527	-0.660899
0.424386	-0.172138	-0.649918	-0.659823
0.424404	-0.173205	-0.649516	-0.659834
0.424419	-0.173296	-0.649318	-0.661578
0.424482	-0.174141	-0.650190	-0.659735
0.424390	-0.174905	-0.648790	-0.660556
0.424458	-0.175937	-0.645565	-0.658618
0.424376	-0.173252	-0.646957	-0.661127
0.424440	-0.175225	-0.646528	-0.659842
0.424431	-0.175139	-0.646874	-0.659554
0.424401	-0.172650	-0.647056	-0.661279
0.424365	-0.174678	-0.647544	-0.659812
0.424389	-0.174619	-0.648303	-0.660294
0.424410	-0.173389	-0.647757	-0.658684
0.424408	-0.172649	-0.648788	-0.659577
0.424461	-0.172048	-0.649211	-0.657989
0.424499	-0.171795	-0.649522	-0.660728
0.424438	-0.170919	-0.651129	-0.658984
0.424390	-0.168985	-0.650250	-0.660229
0.424389	-0.169386	-0.652681	-0.660527
0.424367	-0.168574	-0.652896	-0.661121
0.424385	-0.169229	-0.654642	-0.659988
0.424399	-0.170058	-0.653918	-0.659253
0.424410	-0.170653	-0.653476	-0.661123
0.424381	-0.170680	-0.653273	-0.658942
0.424396	-0.169383	-0.654484	-0.660210
0.424334	-0.170237	-0.654158	-0.660225
0.424488	-0.172189	-0.653163	-0.661082
0.424381	-0.172515	-0.653398	-0.659544
0.424350	-0.172460	-0.652783	-0.660546
0.424433	-0.172756	-0.651710	-0.660884
0.424410	-0.174602	-0.653492	-0.661110
0.424334	-0.173092	-0.651471	-0.660890
0.424418	-0.172380	-0.650819	-0.660354
0.424434	-0.172715	-0.650338	-0.659359
0.424428	-0.173759	-0.651804	-0.661790
0.424400	-0.173179	-0.650462	-0.660094
0.424352	-0.173748	-0.649867	-0.659676
0.424440	-0.173063	-0.649987	-0.658987
0.424386	-0.173114	-0.649860	-0.660899
0.424399	-0.172327	-0.650120	-0.659482
0.424421	-0.172426	-0.652334	-0.660428
0.424460	-0.171564	-0.652510	-0.659381
0.424416	-0.170892	-0.651347	-0.660467
0.424449	-0.169716	-0.651923	-0.659755
0.424418	-0.169843	-0.651720	-0.660005
0.424423	-0.170127	-0.652428	-0.661477
0.424370	-0.168840	-0.653809	-0.659590
0.424382	-0.170364	-0.654554	-0.659400
0.424401	-0.171130	-0.652691	-0.661893
0.424451	-0.169572	-0.654935	-0.657877
0.424399	-0.168372	-0.654719	-0.659108
0.424444	-0.169015	-0.653317	-0.659527
0.424429	-0.168381	-0.652708	-0.660416
0.424360	-0.169142	-0.653834	-0.660575
0.424393	-0.169840	-0.653784	-0.659836
0.424418	-0.167702	-0.655574	-0.660715
0.424339	-0.167228	-0.654757	-0.658793
0.424443	-0.167533	-0.655405	-0.659987
0.424341	-0.167572	-0.655395	-0.658933
0.424382	-0.166362	-0.655459	-0.659615
0.424364	-0.167003	-0.654613	-0.659120
0.424443	-0.167187	-0.654584	-0.660339
0.424430	-0.167676	-0.655946	-0.660927
0.424454	-0.168120	-0.655170	-0.661858
0.424366	-0.166695	-0.654678	-0.660308
0.424345	-0.165884	-0.654560	-0.660085
0.424365	-0.166973	-0.656435	-0.660039
0.424372	-0.166730	-0.657286	-0.659611
0.424429	-0.165780	-0.657039	-0.660715
0.424382	-0.165492	-0.657662	-0.660179
0.424384	-0.166357	-0.657671	-0.661206
0.424409	-0.167133	-0.655751	-0.659178
0.424420	-0.168294	-0.654680	-0.659407
0.424399	-0.168661	-0.653858	-0.660774
0.424404	-0.169937	-0.654668	-0.660154
0.424434	-0.171654	-0.653599	-0.658738
0.424356	-0.170644	-0.651728	-0.660483
0.424403	-0.172590	-0.650788	-0.659733
0.424430	-0.172782	-0.650216	-0.658449
0.424454	-0.174144	-0.649111	-0.660310
0.424455	-0.174588	-0.649082	-0.660695
0.424301	-0.176891	-0.646978	-0.660664
0.424418	-0.176660	-0.646703	-0.659879
0.424377	-0.177936	-0.646044	-0.659329
0.424428	-0.178013	-0.645939	-0.660662
0.424409	-0.178674	-0.647424	-0.659403
0.424419	-0.179387	-0.646519	-0.661281
0.424415	-0.179983	-0.646779	-0.659398
0.424384	-0.180663	-0.646518	-0.659342
0.424436	-0.181118	-0.646592	-0.661303
0.424406	-0.180914	-0.644825	-0.659447
0.424411	-0.180041	-0.646774	-0.660198
0.424406	-0.180654	-0.645057	-0.658804
0.424362	-0.180266	-0.644593	-0.660175
0.424405	-0.180739	-0.645058	-0.658589
0.424413	-0.177627	-0.644880	-0.659767
0.424460	-0.178904	-0.646045	-0.661081
0.424360	-0.178625	-0.645856	-0.660997
0.424344	-0.177914	-0.645969	-0.660377
0.424381	-0.178442	-0.645067	-0.659818
0.424483	-0.176269	-0.645466	-0.659422
0.424406	-0.176712	-0.646849	-0.660035
0.424322	-0.177086	-0.645476	-0.660823
0.424429	-0.177329	-0.644039	-0.661065
0.424381	-0.174975	-0.646468	-0.659595
0.424421	-0.175701	-0.646322	-0.660636
0.424430	-0.175802	-0.646405	-0.660536
0.424456	-0.174351	-0.647508	-0.660173
0.424465	-0.174892	-0.643777	-0.660850
0.424384	-0.173709	-0.645689	-0.659941
0.424418	-0.173375	-0.647722	-0.660459
0.424443	-0.173416	-0.646344	-0.660059
0.424405	-0.173732	-0.646119	-0.659963
0.424393	-0.173310	-0.646999	-0.661051
0.424430	-0.173310	-0.645861	-0.660190
0.424381	-0.173189	-0.647054	-0.660168
0.424455	-0.173250	-0.646141	-0.659937
0.424387	-0.173494	-0.645390	-0.659061
0.424479	-0.174298	-0.645992	-0.658555
0.424406	-0.174438	-0.644935	-0.659265
0.424380	-0.176877	-0.643915	-0.659100
0.424386	-0.176806	-0.642897	-0.660627
0.424424	-0.178397	-0.642535	-0.659066
0.424381	-0.177031	-0.644538	-0.658892
0.424355	-0.179793	-0.642228	-0.659373
0.424434	-0.180283	-0.642055	-0.660055
0.424395	-0.180506	-0.641942	-0.659909
0.424394	-0.182036	-0.639223	-0.660532
0.424416	-0.182380	-0.639822	-0.659704
0.424440	-0.182013	-0.642173	-0.659770
0.424359	-0.182118	-0.641463	-0.659496
0.424456	-0.180679	-0.640124	-0.660634
0.424393	-0.181474	-0.642360	-0.659421
0.424419	-0.181526	-0.642213	-0.659507
0.424352	-0.182166	-0.639590	-0.657950
0.424449	-0.182435	-0.640500	-0.660391
0.424396	-0.183013	-0.642139	-0.657810
0.424370	-0.181832	-0.639605	-0.659609
0.424424	-0.179894	-0.641050	-0.659763
0.424424	-0.180772	-0.641207	-0.657787
0.424384	-0.181939	-0.642700	-0.661066
0.424508	-0.180338	-0.640749	-0.660111
0.424377	-0.181012	-0.641824	-0.660520
0.424433	-0.180953	-0.643089	-0.659486
0.424346	-0.181431	-0.641748	-0.659407
0.424561	-0.180414	-0.642588	-0.659499
0.424306	-0.178899	-0.642328	-0.658959
0.424503	-0.179116	-0.644159	-0.658868
0.420760	-0.181206	-0.642301	-0.660106
0.419514	-0.181041	-0.642224	-0.661071
0.419851	-0.178788	-0.642923	-0.659937
0.419673	-0.179453	-0.643977	-0.660284
0.419892	-0.180168	-0.645057	-0.659901
0.419673	-0.178687	-0.643198	-0.659447
0.419732	-0.178804	-0.643353	-0.659957
0.419764	-0.179639	-0.643054	-0.661105
0.419739	-0.178082	-0.643663	-0.660427
0.419700	-0.177378	-0.642512	-0.661450
0.419680	-0.178725	-0.643422	-0.660054
0.419707	-0.176708	-0.642212	-0.658471
0.419700	-0.176188	-0.641897	-0.660161
0.419683	-0.178823	-0.644400	-0.659567
0.419798	-0.176925	-0.643529	-0.659676
0.419682	-0.177853	-0.641175	-0.657917
0.419749	-0.177846	-0.642259	-0.659260
0.419773	-0.178177	-0.641045	-0.660520
0.419768	-0.179147	-0.640549	-0.660236
0.419793	-0.178291	-0.641898	-0.659492
0.419710	-0.176826	-0.641636	-0.660204
0.419787	-0.178964	-0.639488	-0.660064
0.419724	-0.180710	-0.639495	-0.661192
0.419741	-0.179627	-0.640288	-0.659734
0.419738	-0.180133	-0.638266	-0.660525
0.419743	-0.180668	-0.638835	-0.660713
0.419679	-0.182874	-0.637487	-0.659245
0.419733	-0.181011	-0.637799	-0.661181
0.419751	-0.180586	-0.638273	-0.660305
0.419724	-0.179631	-0.637415	-0.660211
0.419724	-0.178906	-0.635493	-0.659581
0.419752	-0.180342	-0.637224	-0.659155
0.419761	-0.178600	-0.637325	-0.660075
0.419728	-0.179544	-0.637217	-0.659554
0.419728	-0.177466	-0.635608	-0.660427
0.419728	-0.176292	-0.637251	-0.659546
0.419699	-0.177651	-0.637440	-0.659552
0.419695	-0.177845	-0.638977	-0.659039
0.419756	-0.175956	-0.637722	-0.657387
0.419695	-0.175581	-0.637765	-0.659110
0.419715	-0.175587	-0.637763	-0.659689
0.419732	-0.176668	-0.638931	-0.658950
0.419763	-0.175279	-0.640023	-0.658575
0.419698	-0.173313	-0.640621	-0.660309
0.419660	-0.175448	-0.641245	-0.659272
0.419709	-0.174290	-0.641109	-0.659842
0.419724	-0.176451	-0.642182	-0.659762
0.419685	-0.175628	-0.640841	-0.660949
0.419746	-0.176288	-0.640487	-0.658276
0.419744	-0.176369	-0.638961	-0.658544
0.419693	-0.176638	-0.641051	-0.659868
0.419714	-0.176638	-0.637494	-0.661085
0.419674	-0.174763	-0.638904	-0.659148
0.419813	-0.175859	-0.638728	-0.659292
0.419677	-0.175110	-0.640064	-0.658627
0.419726	-0.175062	-0.640947	-0.659045
0.419689	-0.173175	-0.640160	-0.660543
0.419778	-0.173618	-0.640104	-0.658969
0.419766	-0.173772	-0.639051	-0.659982
0.419703	-0.174727	-0.641614	-0.658913
0.419748	-0.174293	-0.640241	-0.659213
0.419776	-0.172823	-0.641066	-0.659306
0.419748	-0.173797	-0.640966	-0.660228
0.419754	-0.173991	-0.639483	-0.659235
0.419714	-0.174487	-0.640560	-0.658340
0.419746	-0.174379	-0.639396	-0.659405
0.419741	-0.177711	-0.640021	-0.659262
0.419797	-0.176550	-0.638924	-0.660583
0.419736	-0.176270	-0.638794	-0.659725
0.419705	-0.177770	-0.640001	-0.659596
0.419736	-0.177930	-0.638671	-0.659634
0.419727	-0.177512	-0.639444	-0.659947
0.419761	-0.176279	-0.638133	-0.660473
0.419836	-0.176448	-0.639221	-0.658964
0.419737	-0.175854	-0.639767	-0.661608
0.419779	-0.175579	-0.640398	-0.659220
0.419778	-0.173748	-0.640112	-0.660189
0.419708	-0.174482	-0.641108	-0.659393
0.419660	-0.173495	-0.642214	-0.659343
0.419733	-0.173276	-0.640198	-0.660621
0.419768	-0.174279	-0.641630	-0.659343
0.419772	-0.173030	-0.640259	-0.658566
0.419821	-0.173771	-0.639463	-0.657954
0.419731	-0.173205	-0.640638	-0.660412
0.419769	-0.173056	-0.640373	-0.659872
0.419763	-0.173797	-0.641441	-0.660641
0.419762	-0.172550	-0.641974	-0.658950
0.419772	-0.172465	-0.641391	-0.659966
0.419803	-0.172923	-0.641550	-0.657996
0.419751	-0.172854	-0.641290	-0.658239
0.419695	-0.173802	-0.642752	-0.657450
0.419743	-0.173838	-0.643046	-0.660609
0.419746	-0.174821	-0.643056	-0.658530
0.419733	-0.173851	-0.643242	-0.660071
0.419703	-0.174772	-0.644525	-0.658903
0.419744	-0.176335	-0.644264	-0.659950
0.419810	-0.178436	-0.644171	-0.658117
0.419754	-0.178624	-0.641897	-0.659605
0.419712	-0.179442	-0.641338	-0.660676
0.419762	-0.178521	-0.640721	-0.659174
0.419752	-0.176409	-0.640407	-0.659795
0.419715	-0.177630	-0.641739	-0.660142
0.419772	-0.178346	-0.642173	-0.661949
0.419808	-0.177112	-0.640525	-0.659824
0.419709	-0.175772	-0.642163	-0.660161
0.419703	-0.177869	-0.643058	-0.660931
0.419753	-0.176802	-0.641873	-0.659658
0.419768	-0.175969	-0.642950	-0.660001
0.419709	-0.176106	-0.641807	-0.659782
0.419719	-0.177750	-0.642837	-0.659347
0.419761	-0.175178	-0.642822	-0.659364
0.419767	-0.176702	-0.643393	-0.660345
0.419736	-0.177163	-0.643904	-0.660542
0.419773	-0.178415	-0.644907	-0.660471
0.419758	-0.179278	-0.641396	-0.660033
0.419817	-0.178954	-0.643993	-0.660672
0.419690	-0.179679	-0.643302	-0.659020
0.419805	-0.180681	-0.643148	-0.662005
0.419805	-0.182030	-0.642156	-0.660219
0.419778	-0.180902	-0.642406	-0.659316
0.419783	-0.181689	-0.641278	-0.659745
0.419796	-0.182933	-0.641679	-0.659782
0.419739	-0.182473	-0.640872	-0.658821
0.419727	-0.182028	-0.640614	-0.658614
0.419846	-0.182634	-0.640738	-0.659903
0.419717	-0.182836	-0.639830	-0.660234
0.419798	-0.183368	-0.640127	-0.659111
0.419705	-0.184602	-0.639124	-0.660740
0.419795	-0.185231	-0.639943	-0.658596
0.419702	-0.183464	-0.639709	-0.659665
0.419728	-0.184573	-0.639689	-0.659759
0.419685	-0.184121	-0.639315	-0.659034
0.419708	-0.182913	-0.639760	-0.659453
0.419778	-0.183577	-0.637966	-0.659020
0.419782	-0.183299	-0.639718	-0.659678
0.419741	-0.181667	-0.638751	-0.658261
0.419688	-0.180634	-0.640788	-0.659912
0.419699	-0.180222	-0.641877	-0.659882
0.419728	-0.179565	-0.643148	-0.658168
0.419710	-0.179410	-0.643445	-0.659468
0.419744	-0.180236	-0.642663	-0.659873
0.419759	-0.181028	-0.642356	-0.660604
0.419821	-0.179443	-0.641386	-0.660160
0.419682	-0.180197	-0.642138	-0.660015
0.419783	-0.180338	-0.643390	-0.660047
0.419648	-0.179355	-0.642835	-0.660917
0.419833	-0.179848	-0.642032	-0.661232
0.419707	-0.180440	-0.642668	-0.660715
0.419936	-0.180643	-0.642913	-0.660424
0.418683	-0.182940	-0.641307	-0.660292
0.414467	-0.181752	-0.640498	-0.659063
0.414908	-0.182904	-0.640121	-0.660270
0.414377	-0.184176	-0.642017	-0.660075
0.414931	-0.184303	-0.638961	-0.659755
0.414271	-0.184192	-0.639115	-0.660216
0.415997	-0.183502	-0.638467	-0.658720
0.419841	-0.184559	-0.638306	-0.659679
0.419668	-0.183288	-0.637696	-0.659826
0.419754	-0.183430	-0.638543	-0.660393
0.419680	-0.183582	-0.638738	-0.659259
0.419704	-0.183379	-0.640274	-0.658754
0.419702	-0.184156	-0.640460	-0.659547
0.419726	-0.182677	-0.639728	-0.660462
0.419800	-0.182247	-0.640941	-0.660141
0.419594	-0.182914	-0.641214	-0.660211
0.419936	-0.182707	-0.641427	-0.660026
0.415919	-0.180571	-0.641981	-0.659167
0.414371	-0.181038	-0.643148	-0.660626
0.414827	-0.179475	-0.643262	-0.660704
0.414522	-0.179376	-0.642276	-0.659180
0.414804	-0.179751	-0.642605	-0.658461
0.414602	-0.179681	-0.644092	-0.659861
0.414682	-0.179642	-0.642273	-0.659364
0.414618	-0.179032	-0.643063	-0.659250
0.414705	-0.178987	-0.642593	-0.660646
0.414676	-0.177175	-0.642906	-0.660214
0.414679	-0.178279	-0.642892	-0.661479
0.414663	-0.177235	-0.644221	-0.660283
0.414727	-0.177638	-0.642670	-0.659819
0.414574	-0.177796	-0.643139	-0.658920
0.414677	-0.178070	-0.644306	-0.661353
0.414652	-0.178510	-0.644107	-0.661101
0.414676	-0.178525	-0.644427	-0.661240
0.414599	-0.179395	-0.643935	-0.660302
0.414641	-0.180854	-0.641918	-0.660332
0.414717	-0.179967	-0.642778	-0.659417
0.414671	-0.180952	-0.641902	-0.659383
0.414679	-0.180790	-0.641243	-0.659826
0.414716	-0.181429	-0.642349	-0.659815
0.414721	-0.180996	-0.641343	-0.660830
0.414631	-0.179057	-0.641456	-0.659450
0.414691	-0.181268	-0.640718	-0.659600
0.414696	-0.182305	-0.641763	-0.660056
0.414686	-0.180793	-0.641139	-0.659983
0.414642	-0.181146	-0.641912	-0.659733
0.414675	-0.180634	-0.639992	-0.659068
0.414656	-0.180489	-0.639043	-0.658771
0.414607	-0.181583	-0.640828	-0.659555
0.414667	-0.180322	-0.639225	-0.658510
0.414701	-0.179714	-0.640985	-0.659892
0.414606	-0.180447	-0.638903	-0.658748
0.414682	-0.179780	-0.639157	-0.659843
0.414656	-0.179562	-0.640031	-0.660109
0.414661	-0.179658	-0.640594	-0.660120
0.414635	-0.181586	-0.640209	-0.660300
0.414679	-0.180013	-0.640483	-0.660191
0.414657	-0.180079	-0.641796	-0.658868
0.414685	-0.180762	-0.641372	-0.660480
0.414686	-0.181072	-0.640218	-0.660023
0.414702	-0.180675	-0.639939	-0.660592
0.414672	-0.181066	-0.642426	-0.658926
0.414697	-0.181864	-0.640416	-0.659793
0.414628	-0.181125	-0.639820	-0.659913
0.414675	-0.182573	-0.641285	-0.660910
0.414686	-0.183007	-0.640605	-0.660355
0.414613	-0.182966	-0.639939	-0.659520
0.414620	-0.183177	-0.637477	-0.660245
0.414617	-0.183040	-0.638072	-0.661027
0.414686	-0.183470	-0.637250	-0.657937
0.414637	-0.183366	-0.637165	-0.659530
0.414647	-0.182797	-0.637241	-0.659951
0.414696	-0.182315	-0.638600	-0.659049
0.414646	-0.183722	-0.636843	-0.659837
0.414734	-0.184266	-0.638166	-0.659095
0.414714	-0.183986	-0.639186	-0.660214
0.414663	-0.183110	-0.639345	-0.657811
0.414661	-0.183408	-0.639179	-0.659361
0.414653	-0.184379	-0.640532	-0.658407
0.414630	-0.183731	-0.639980	-0.659591
0.414704	-0.183091	-0.639819	-0.658386
0.414651	-0.183215	-0.639617	-0.659472
0.414686	-0.183657	-0.640832	-0.659134
0.414689	-0.183860	-0.640071	-0.659884
0.414650	-0.183040	-0.640173	-0.661975
0.414714	-0.183711	-0.641168	-0.660900
0.414750	-0.182583	-0.642088	-0.660419
0.414434	-0.185279	-0.640690	-0.660399
0.410198	-0.183181	-0.642504	-0.660193
0.409579	-0.183747	-0.641943	-0.660516
0.409699	-0.183241	-0.641329	-0.659116
0.409621	-0.181844	-0.643663	-0.659381
0.409747	-0.182692	-0.643035	-0.660389
0.409658	-0.180729	-0.641113	-0.660607
0.409744	-0.181505	-0.640534	-0.659220
0.409659	-0.181462	-0.640898	-0.658227
0.409697	-0.182320	-0.639442	-0.659838
0.409650	-0.180147	-0.641659	-0.659760
0.409693	-0.180720	-0.643894	-0.660319
0.409758	-0.178774	-0.642093	-0.661412
0.409654	-0.178904	-0.644525	-0.659813
0.409940	-0.179950	-0.643711	-0.659684
0.414331	-0.177893	-0.644285	-0.659328
0.414706	-0.178635	-0.645287	-0.659229
0.414717	-0.179223	-0.644896	-0.660547
0.414615	-0.179238	-0.644208	-0.659556
0.414726	-0.179575	-0.643680	-0.659455
0.414677	-0.178717	-0.643028	-0.658506
0.414786	-0.179803	-0.642284	-0.660067
0.414509	-0.180644	-0.642194	-0.660622
0.415091	-0.181818	-0.640960	-0.660211
0.412191	-0.180979	-0.641606	-0.658693
0.409309	-0.182963	-0.640220	-0.659009
0.409887	-0.182007	-0.640356	-0.659872
0.409522	-0.180889	-0.639387	-0.658689
0.409792	-0.181997	-0.639881	-0.660755
0.409630	-0.179953	-0.640460	-0.659139
0.409680	-0.178858	-0.640607	-0.658927
0.409658	-0.179292	-0.640565	-0.658332
0.409698	-0.180154	-0.641700	-0.659247
0.409703	-0.178914	-0.641299	-0.658087
0.409693	-0.179412	-0.641362	-0.659263
0.409767	-0.179529	-0.641679	-0.659514
0.409489	-0.179569	-0.641267	-0.659760
0.410215	-0.179373	-0.640936	-0.659883
0.414426	-0.180650	-0.640978	-0.659403
0.414695	-0.180878	-0.640512	-0.659668
0.414702	-0.181385	-0.639620	-0.659374
0.414732	-0.180969	-0.638704	-0.659629
0.414500	-0.181984	-0.640011	-0.659539
0.414786	-0.183141	-0.639279	-0.660319
0.414450	-0.183037	-0.640768	-0.659675
0.415075	-0.184062	-0.638319	-0.659248
0.411853	-0.183667	-0.637862	-0.659906
0.409310	-0.183087	-0.636579	-0.659063
0.409877	-0.183781	-0.636719	-0.658548
0.409552	-0.183669	-0.636704	-0.658028
0.409731	-0.183415	-0.637301	-0.660369
0.409660	-0.183565	-0.636746	-0.660372
0.409716	-0.184891	-0.636861	-0.659696
0.409679	-0.184454	-0.637978	-0.658996
0.409685	-0.186249	-0.635745	-0.658975
0.409731	-0.186474	-0.635777	-0.659881
0.409560	-0.187806	-0.635227	-0.659795
0.409815	-0.188114	-0.635900	-0.660127
0.409351	-0.188395	-0.635142	-0.660779
0.412569	-0.190074	-0.633552	-0.659386
0.415150	-0.189995	-0.635280	-0.659288
0.414389	-0.187905	-0.634877	-0.658837
0.414884	-0.189980	-0.634766	-0.658717
0.414416	-0.188579	-0.633053	-0.660338
0.414850	-0.187575	-0.635336	-0.659575
0.414395	-0.187311	-0.634367	-0.659020
0.415091	-0.187183	-0.635033	-0.660517
0.411500	-0.188538	-0.633818	-0.660681
0.409304	-0.187347	-0.634317	-0.660526
0.409852	-0.186559	-0.636339	-0.658689
0.409476	-0.185758	-0.635940	-0.660036
0.409761	-0.185478	-0.636198	-0.660309
0.409579	-0.185071	-0.637019	-0.659264
0.409766	-0.184661	-0.635903	-0.660670
0.409628	-0.184233	-0.635549	-0.659744
0.409647	-0.184772	-0.636469	-0.660153
0.409664	-0.184643	-0.637779	-0.659351
0.409702	-0.185506	-0.638852	-0.660472
0.409633	-0.184942	-0.639114	-0.658784
0.409669	-0.182225	-0.638205	-0.660377
0.409733	-0.183767	-0.639773	-0.658300
0.409697	-0.185839	-0.638675	-0.658509
0.409678	-0.185566	-0.638612	-0.658915
0.409637	-0.186118	-0.637008	-0.659555
0.409713	-0.184765	-0.638714	-0.659861
0.409626	-0.186433	-0.636343	-0.658648
0.409678	-0.183530	-0.637744	-0.660433
0.409682	-0.184432	-0.637361	-0.659758
0.409639	-0.183766	-0.637230	-0.657929
0.409695	-0.185531	-0.636470	-0.659373
0.409693	-0.185246	-0.635914	-0.658761
0.409652	-0.184412	-0.638045	-0.658447
0.409653	-0.183688	-0.637008	-0.659301
0.409652	-0.183573	-0.634959	-0.659175
0.409649	-0.184294	-0.636196	-0.658850
0.409601	-0.182480	-0.636782	-0.659851
0.409702	-0.181427	-0.635910	-0.659412
0.409675	-0.182085	-0.637351	-0.659324
0.409639	-0.180341	-0.637685	-0.659156
0.409688	-0.180363	-0.637517	-0.660778
0.409664	-0.180321	-0.639596	-0.659461
0.409652	-0.179545	-0.639289	-0.659719
0.409688	-0.182541	-0.639439	-0.659668
0.409606	-0.181148	-0.639584	-0.658798
0.409650	-0.180782	-0.637380	-0.659298
0.409657	-0.182643	-0.638418	-0.660671
0.409640	-0.181419	-0.638759	-0.660464
0.409658	-0.179631	-0.638310	-0.659460
0.409699	-0.181987	-0.639132	-0.659438
0.409727	-0.181585	-0.638347	-0.659881
0.409716	-0.180159	-0.640065	-0.658995
0.409610	-0.180092	-0.639271	-0.659754
0.409637	-0.181461	-0.640433	-0.659650
0.409652	-0.179552	-0.638491	-0.660054
0.409684	-0.179627	-0.639289	-0.658857
0.409620	-0.178052	-0.639758	-0.658519
0.409658	-0.178306	-0.639374	-0.658680
0.409722	-0.177311	-0.639266	-0.658847
0.409624	-0.179093	-0.639397	-0.659696
0.409669	-0.179360	-0.640330	-0.658981
0.409658	-0.177436	-0.641331	-0.659506
0.409743	-0.179839	-0.638410	-0.658761
0.409643	-0.179400	-0.638818	-0.658858
0.409655	-0.180216	-0.637434	-0.659010
0.409685	-0.180922	-0.635307	-0.658885
0.409628	-0.180666	-0.635240	-0.657394
0.409673	-0.180646	-0.635018	-0.658952
0.409649	-0.181032	-0.635974	-0.659194
0.409614	-0.180817	-0.634876	-0.660427
0.409668	-0.180688	-0.634227	-0.659512
0.409639	-0.179994	-0.636196	-0.660255
0.409619	-0.180605	-0.635725	-0.659833
0.409613	-0.179208	-0.634231	-0.658746
0.409694	-0.179147	-0.635509	-0.659504
0.409687	-0.179955	-0.635825	-0.658873
0.409679	-0.178556	-0.632858	-0.657994
0.409625	-0.177150	-0.635404	-0.659847
0.409712	-0.177407	-0.633441	-0.661215
0.409665	-0.176021	-0.635747	-0.659615
0.409669	-0.176943	-0.635004	-0.659651
0.409711	-0.175921	-0.634292	-0.658937
0.409652	-0.175363	-0.633874	-0.659525
0.409596	-0.176613	-0.634362	-0.658620
0.409698	-0.175549	-0.634968	-0.660230
0.409689	-0.177695	-0.637900	-0.658921
0.409700	-0.176839	-0.636096	-0.660687
0.409711	-0.177990	-0.636695	-0.659074
0.409734	-0.179033	-0.635825	-0.660070
0.409647	-0.178665	-0.635281	-0.659676
0.409680	-0.176841	-0.636291	-0.660318
0.409650	-0.177510	-0.636935	-0.660150
0.409692	-0.176074	-0.635840	-0.658940
0.409616	-0.176386	-0.635994	-0.660392
0.409713	-0.178466	-0.635126	-0.659976
0.409716	-0.175419	-0.634440	-0.658470
0.409667	-0.176865	-0.635450	-0.659174
0.409583	-0.178572	-0.634688	-0.660703
0.409665	-0.176469	-0.635540	-0.658515
0.409648	-0.176154	-0.636467	-0.658530
0.409637	-0.176513	-0.634772	-0.659937
0.409693	-0.174939	-0.633857	-0.659683
0.409625	-0.174740	-0.635890	-0.660407
0.409645	-0.176616	-0.635696	-0.659101
0.409667	-0.175999	-0.635913	-0.660507
0.409679	-0.177170	-0.636061	-0.658766
0.409709	-0.176215	-0.636304	-0.658541
0.409663	-0.175178	-0.635926	-0.660180
0.409628	-0.174880	-0.636923	-0.658421
0.409752	-0.175776	-0.636351	-0.660612
0.409638	-0.175415	-0.636029	-0.658266
0.409703	-0.172978	-0.637478	-0.659565
0.409697	-0.174166	-0.638016	-0.659237
0.409631	-0.175240	-0.637664	-0.658751
0.409669	-0.175788	-0.639206	-0.658515
0.409717	-0.174673	-0.638390	-0.659723
0.409689	-0.174367	-0.639907	-0.659826
0.409624	-0.174708	-0.637764	-0.660972
0.409644	-0.177071	-0.637646	-0.659940
0.409626	-0.178038	-0.637959	-0.659853
0.409727	-0.176518	-0.637813	-0.658649
0.409732	-0.179069	-0.637180	-0.658882
0.409690	-0.179540	-0.634344	-0.660452
0.409640	-0.179591	-0.635811	-0.659559
0.409650	-0.179898	-0.633912	-0.659168
0.409672	-0.178806	-0.632905	-0.659183
0.409637	-0.179932	-0.631415	-0.659720
0.409657	-0.179842	-0.632629	-0.658511
0.409667	-0.179249	-0.631803	-0.659192
0.409732	-0.179450	-0.632340	-0.660581
0.409700	-0.179885	-0.631712	-0.658599
0.409652	-0.179917	-0.630259	-0.658738
0.409625	-0.181017	-0.631836	-0.660343
0.409630	-0.181122	-0.632672	-0.659069
0.409647	-0.181926	-0.633750	-0.658848
0.409606	-0.180000	-0.632112	-0.660170
0.409647	-0.183579	-0.629965	-0.658848
0.409939	-0.181181	-0.634088	-0.659656
0.413969	-0.182155	-0.632911	-0.660704
0.410287	-0.181402	-0.631914	-0.658813
0.409557	-0.181914	-0.634173	-0.660294
0.409716	-0.182282	-0.632599	-0.657483
0.409616	-0.182386	-0.631120	-0.657876
0.409703	-0.182165	-0.632934	-0.658694
0.409635	-0.182930	-0.633709	-0.659174
0.409693	-0.183147	-0.631027	-0.659371
0.409712	-0.183542	-0.631380	-0.660917
0.409729	-0.184925	-0.629740	-0.660194
0.409680	-0.183956	-0.631986	-0.660109
0.409648	-0.185537	-0.630814	-0.658568
0.409663	-0.183459	-0.630931	-0.657423
0.409723	-0.184462	-0.631486	-0.660513
0.409685	-0.184403	-0.632246	-0.660069
0.409643	-0.184780	-0.632545	-0.659148
0.409739	-0.184055	-0.630927	-0.659862
0.409714	-0.183719	-0.631787	-0.660115
0.409722	-0.183136	-0.631892	-0.658336
0.409668	-0.182622	-0.630903	-0.660741
0.409667	-0.180530	-0.630431	-0.659869
0.409695	-0.181546	-0.631947	-0.658569
0.409654	-0.181747	-0.630994	-0.659106
0.409692	-0.179883	-0.632435	-0.659070
0.409662	-0.179302	-0.631821	-0.659150
0.409716	-0.178924	-0.632494	-0.658961
0.409662	-0.176438	-0.631688	-0.659024
0.409626	-0.177841	-0.631820	-0.658526
0.409736	-0.177749	-0.635106	-0.659748
0.409599	-0.176546	-0.632419	-0.661378
0.409698	-0.178615	-0.632259	-0.660353
0.409687	-0.178334	-0.634203	-0.659194
0.409680	-0.177642	-0.632925	-0.660203
0.409594	-0.180507	-0.632975	-0.660457
0.409662	-0.181674	-0.632420	-0.659873
0.409673	-0.180710	-0.632748	-0.659199
0.409682	-0.180710	-0.631604	-0.658831
0.409639	-0.181499	-0.631776	-0.659821
0.409669	-0.182869	-0.631208	-0.659437
0.409743	-0.182234	-0.630186	-0.659066
0.409642	-0.185861	-0.627921	-0.659643
0.409694	-0.185294	-0.628552	-0.659316
0.409667	-0.186548	-0.627809	-0.659168
0.409620	-0.186396	-0.627765	-0.659540
0.409522	-0.186642	-0.627091	-0.661003
0.409812	-0.185835	-0.627709	-0.659928
0.409631	-0.185563	-0.628260	-0.659208
0.409704	-0.185145	-0.629206	-0.660974
0.409731	-0.184573	-0.627491	-0.659219
0.409644	-0.185230	-0.627664	-0.659734
0.409716	-0.184711	-0.629216	-0.660274
0.409779	-0.183577	-0.628541	-0.660148
0.409688	-0.183358	-0.627715	-0.658842
0.409692	-0.183817	-0.628943	-0.659277
0.409613	-0.182106	-0.629679	-0.656556
0.409670	-0.183518	-0.629941	-0.659068
0.409620	-0.183043	-0.629779	-0.658157
0.409726	-0.182191	-0.629967	-0.659546
0.409657	-0.182663	-0.630318	-0.659888
0.409772	-0.183758	-0.630446	-0.659847
0.409637	-0.181395	-0.630374	-0.660364
0.409815	-0.181831	-0.630306	-0.659248
0.409504	-0.181734	-0.631372	-0.659911
0.409946	-0.179850	-0.630892	-0.659819
0.408764	-0.179555	-0.630816	-0.660889
0.404690	-0.178943	-0.630343	-0.659103
0.404533	-0.179446	-0.630227	-0.660090
0.404730	-0.177672	-0.629720	-0.660260
0.404391	-0.178309	-0.630204	-0.659123
0.407857	-0.178700	-0.629282	-0.659466
0.410068	-0.179208	-0.629671	-0.660332
0.409472	-0.176459	-0.630435	-0.660397
0.409773	-0.177091	-0.630366	-0.661112
0.409555	-0.175874	-0.631727	-0.658633
0.409771	-0.176839	-0.632664	-0.659693
0.409598	-0.177243	-0.631712	-0.658381
0.409684	-0.176736	-0.632208	-0.659833
0.409595	-0.176933	-0.631476	-0.657980
0.409747	-0.179693	-0.632018	-0.659971
0.409723	-0.179336	-0.631586	-0.658693
0.409763	-0.180275	-0.630636	-0.658783
0.409609	-0.181306	-0.629747	-0.661731
0.409741	-0.180690	-0.628859	-0.660213
0.409629	-0.182309	-0.628848	-0.659185
0.409639	-0.180003	-0.628582	-0.659368
0.409709	-0.179531	-0.629183	-0.660277
0.409693	-0.180011	-0.629155	-0.659787
0.409644	-0.181342	-0.629219	-0.659076
0.409699	-0.178798	-0.630223	-0.660203
0.409721	-0.179397	-0.629727	-0.659163
0.409723	-0.178358	-0.629002	-0.659046
0.409707	-0.179658	-0.631360	-0.660786
0.409688	-0.179073	-0.628961	-0.659491
0.409675	-0.180231	-0.629253	-0.658502
0.409640	-0.179456	-0.629733	-0.660870
0.409684	-0.179828	-0.629561	-0.658848
0.409630	-0.179550	-0.630428	-0.660689
0.409623	-0.179095	-0.629940	-0.660161
0.409685	-0.181221	-0.630212	-0.658896
0.409642	-0.180302	-0.629790	-0.659589
0.409668	-0.180331	-0.630811	-0.659510
0.409739	-0.181097	-0.630120	-0.658674
0.409663	-0.181815	-0.630847	-0.660295
0.409717	-0.183182	-0.631012	-0.660001
0.409645	-0.183747	-0.629520	-0.659492
0.409654	-0.183453	-0.630812	-0.659587
0.409670	-0.185042	-0.630040	-0.661174
0.409683	-0.184336	-0.629116	-0.659442
0.409729	-0.184562	-0.631531	-0.659357
0.409711	-0.186837	-0.630233	-0.660214
0.409694	-0.183236	-0.629878	-0.660359
0.409657	-0.183023	-0.629437	-0.658492
0.409689	-0.182742	-0.630377	-0.659733
0.409685	-0.182617	-0.630735	-0.660131
0.409679	-0.183112	-0.630255	-0.659354
0.409685	-0.181908	-0.632118	-0.660203
0.409669	-0.182450	-0.632712	-0.659760
0.409653	-0.183421	-0.633142	-0.658928
0.409604	-0.181245	-0.634108	-0.659369
0.409807	-0.181682	-0.632780	-0.660229
0.409645	-0.180076	-0.635366	-0.659784
0.409634	-0.179877	-0.637370	-0.659557
0.409637	-0.178957	-0.634900	-0.659224
0.409623	-0.180013	-0.636036	-0.658336
0.409741	-0.178865	-0.636719	-0.659841
0.409658	-0.177838	-0.636489	-0.658320
0.409752	-0.178824	-0.636871	-0.660577
0.409637	-0.176710	-0.637800	-0.659289
0.409652	-0.176003	-0.637051	-0.660632
0.409678	-0.176701	-0.639213	-0.659248
0.409723	-0.174893	-0.639452	-0.660428
0.409741	-0.176267	-0.640235	-0.659943
0.409714	-0.176940	-0.639276	-0.659549
0.409585	-0.177205	-0.637739	-0.660026
0.409726	-0.176013	-0.638288	-0.659775
0.409643	-0.177888	-0.637701	-0.659369
0.409707	-0.179328	-0.638601	-0.660439
0.409663	-0.178082	-0.639339	-0.659517
0.409703	-0.181310	-0.638180	-0.659198
0.409591	-0.180654	-0.636044	-0.660660
0.409742	-0.181578	-0.637063	-0.659554
0.409594	-0.182364	-0.635529	-0.661458
0.409786	-0.181957	-0.633508	-0.659278
0.409545	-0.182957	-0.633821	-0.658664
0.409927	-0.183766	-0.633644	-0.659066
0.409317	-0.184238	-0.632085	-0.659443
0.411490	-0.183630	-0.630666	-0.659243
0.415040	-0.185400	-0.632143	-0.659584
0.414534	-0.185840	-0.631047	-0.659015
0.414650	-0.185606	-0.631230	-0.661284
0.414577	-0.185526	-0.631080	-0.660130
0.414686	-0.185513	-0.632605	-0.659527
0.414552	-0.184667	-0.632365	-0.660081
0.410423	-0.184385	-0.633431	-0.658846
0.409497	-0.184089	-0.633161	-0.659755
0.409757	-0.183835	-0.632793	-0.659283
0.409599	-0.183309	-0.633268	-0.661127
0.409733	-0.184017	-0.632664	-0.658678
0.409620	-0.183579	-0.634295	-0.659547
0.409698	-0.183542	-0.633000	-0.659347
0.409642	-0.184827	-0.631392	-0.661122
0.409711	-0.183477	-0.633009	-0.660493
0.409616	-0.184724	-0.632341	-0.660297
0.409670	-0.185787	-0.632996	-0.660971
0.409642	-0.184480	-0.631822	-0.659857
0.409713	-0.186657	-0.630579	-0.657989
0.409556	-0.185701	-0.631377	-0.659591
0.409654	-0.185660	-0.630401	-0.661564
0.409685	-0.185264	-0.630590	-0.659958
0.409704	-0.183369	-0.632222	-0.659977
0.409599	-0.184753	-0.631413	-0.658318
0.409726	-0.182746	-0.631041	-0.659244
0.409687	-0.182813	-0.632584	-0.658634
0.409709	-0.182331	-0.633282	-0.659460
0.409645	-0.183400	-0.632840	-0.660071
0.409640	-0.182060	-0.632130	-0.659468
0.409643	-0.181663	-0.631883	-0.658056
0.409624	-0.182145	-0.634805	-0.658783
0.409708	-0.183762	-0.633777	-0.657684
0.409659	-0.182449	-0.632701	-0.660002
0.409685	-0.181653	-0.633719	-0.658782
0.409609	-0.181927	-0.633315	-0.658916
0.409732	-0.182608	-0.633874	-0.660956
0.409694	-0.182125	-0.634176	-0.661241
0.409670	-0.181700	-0.633971	-0.659390
0.409619	-0.181519	-0.633746	-0.659779
0.409665	-0.182513	-0.633064	-0.659114
0.409688	-0.181762	-0.634107	-0.659276
0.409649	-0.182327	-0.634157	-0.660225
0.409664	-0.184647	-0.633829	-0.658305
0.409653	-0.182685	-0.633061	-0.660981
0.409614	-0.182390	-0.633654	-0.659123
0.409685	-0.181814	-0.634770	-0.658718
0.409712	-0.183363	-0.634141	-0.659174
0.409653	-0.182654	-0.633753	-0.658436
0.409630	-0.180840	-0.635794	-0.660255
0.409718	-0.179769	-0.635731	-0.659168
0.409673	-0.179864	-0.635492	-0.659685
0.409693	-0.176830	-0.636389	-0.658911
0.409688	-0.179024	-0.635568	-0.659477
0.409704	-0.177923	-0.635915	-0.659819
0.409669	-0.178351	-0.636700	-0.660726
0.409697	-0.176105	-0.635968	-0.660873
0.409718	-0.175686	-0.637591	-0.659869
0.409637	-0.176344	-0.639105	-0.659412
0.409648	-0.175912	-0.638246	-0.659580
0.409668	-0.174195	-0.638428	-0.658571
0.409630	-0.176154	-0.639507	-0.659197
0.409642	-0.174120	-0.638670	-0.660872
0.409698	-0.174094	-0.640387	-0.659514
0.409687	-0.175037	-0.639778	-0.660495
0.409726	-0.175175	-0.639520	-0.660134
0.409616	-0.174384	-0.641185	-0.659931
0.409678	-0.172634	-0.640530	-0.659770
0.409658	-0.173266	-0.642344	-0.660412
0.409630	-0.171769	-0.642170	-0.660602
0.409660	-0.171392	-0.642897	-0.659392
0.409657	-0.171937	-0.642411	-0.660094
0.409704	-0.171856	-0.642957	-0.660466
0.409697	-0.172540	-0.642660	-0.659085
0.409578	-0.172627	-0.643431	-0.658257
0.409716	-0.173398	-0.641796	-0.661195
0.409630	-0.172143	-0.642083	-0.660467
0.409704	-0.171887	-0.644348	-0.659140
0.409625	-0.173414	-0.641041	-0.659423
0.409731	-0.175398	-0.642194	-0.659286
0.409556	-0.175355	-0.640728	-0.660540
0.409811	-0.174838	-0.640943	-0.659893
0.409532	-0.177371	-0.638624	-0.658710
0.409935	-0.177828	-0.639684	-0.659185
0.409208	-0.179029	-0.639358	-0.659635
0.412639	-0.177160	-0.637180	-0.660639
0.415170	-0.180486	-0.637469	-0.660201
0.414424	-0.179183	-0.638131	-0.660231
0.414734	-0.177511	-0.637423	-0.660560
0.414546	-0.178403	-0.638145	-0.660137
0.414709	-0.177306	-0.639104	-0.659272
0.414592	-0.176815	-0.639710	-0.659177
0.414724	-0.177627	-0.639600	-0.661636
0.414670	-0.177041	-0.641490	-0.658551
0.414628	-0.177807	-0.640804	-0.659458
0.414584	-0.177974	-0.643081	-0.660605
0.414556	-0.177515	-0.643672	-0.660545
0.414702	-0.176528	-0.641802	-0.659660
0.414567	-0.178749	-0.641170	-0.661025
0.414696	-0.178163	-0.640826	-0.659357
0.414532	-0.179019	-0.642697	-0.659286
0.414717	-0.177406	-0.641267	-0.660196
0.414431	-0.177684	-0.640580	-0.660305
0.415016	-0.181185	-0.642507	-0.659468
0.413663	-0.178213	-0.640759	-0.659541
0.410493	-0.178536	-0.640988	-0.660099
0.414811	-0.176621	-0.641019	-0.660035
0.414522	-0.178105	-0.640231	-0.659485
0.414774	-0.178281	-0.641110	-0.659437
0.414552	-0.177933	-0.642600	-0.658152
0.414761	-0.177863	-0.643762	-0.659316
0.414680	-0.176114	-0.643425	-0.660354
0.414735	-0.174059	-0.644536	-0.659931
0.414612	-0.174435	-0.643159	-0.658892
0.414780	-0.175860	-0.644224	-0.659314
0.414616	-0.174049	-0.645727	-0.659376
0.414660	-0.174666	-0.644360	-0.659747
0.414646	-0.175780	-0.644959	-0.660561
0.414716	-0.175534	-0.643361	-0.659620
0.414616	-0.174433	-0.644657	-0.657748
0.414687	-0.174623	-0.645313	-0.660075
0.414625	-0.174937	-0.646344	-0.661334
0.414623	-0.173379	-0.645691	-0.658885
0.414637	-0.174597	-0.645935	-0.658826
0.414635	-0.175677	-0.646836	-0.660054
0.414715	-0.173683	-0.646183	-0.659922
0.414670	-0.173060	-0.647344	-0.658568
0.414662	-0.174954	-0.648219	-0.660407
0.414621	-0.174547	-0.648328	-0.659304
0.414657	-0.173594	-0.648026	-0.660258
0.414691	-0.173598	-0.648280	-0.659765
0.414623	-0.173110	-0.648462	-0.658098
0.414626	-0.172955	-0.646870	-0.658122
0.414747	-0.174488	-0.647150	-0.661271
0.414602	-0.174515	-0.647299	-0.658345
0.414615	-0.176566	-0.649258	-0.660164
0.414730	-0.172903	-0.647448	-0.659618
0.414647	-0.175144	-0.648392	-0.658726
0.414690	-0.174553	-0.650011	-0.660586
0.414709	-0.174225	-0.647435	-0.660169
0.414607	-0.173681	-0.648645	-0.660037
0.414724	-0.171276	-0.647625	-0.659425
0.414745	-0.172748	-0.646978	-0.659626
0.414645	-0.171589	-0.647216	-0.659215
0.414717	-0.171698	-0.646380	-0.660082
0.414692	-0.171466	-0.647416	-0.658480
0.414667	-0.171347	-0.648482	-0.659247
0.414672	-0.172470	-0.648191	-0.659238
0.414615	-0.171432	-0.648863	-0.659238
0.414720	-0.171325	-0.648130	-0.659966
0.414671	-0.173965	-0.648576	-0.660525
0.414675	-0.173415	-0.648922	-0.659343
0.414710	-0.172690	-0.648462	-0.660262
0.414670	-0.172543	-0.646933	-0.658851
0.414656	-0.173420	-0.647864	-0.659482
0.414621	-0.173978	-0.646686	-0.660016
0.414666	-0.173166	-0.646319	-0.660907
0.414690	-0.174627	-0.647270	-0.659435
0.414627	-0.174419	-0.645862	-0.659805
0.414675	-0.174733	-0.647414	-0.659759
0.414711	-0.174147	-0.647227	-0.660218
0.414601	-0.175080	-0.647633	-0.659782
0.414739	-0.175591	-0.644607	-0.660017
0.414673	-0.174926	-0.645959	-0.660689
0.414716	-0.174218	-0.646915	-0.660664
0.414627	-0.172460	-0.647771	-0.661283
0.414739	-0.172996	-0.648845	-0.661016
0.414551	-0.171282	-0.648210	-0.660947
0.414758	-0.171258	-0.648482	-0.659970
0.414500	-0.172400	-0.649023	-0.660850
0.418281	-0.171491	-0.650609	-0.658617
0.420187	-0.171052	-0.650090	-0.660006
0.415529	-0.169910	-0.649907	-0.660880
0.414505	-0.173111	-0.650026	-0.660809
0.414721	-0.171655	-0.649477	-0.659661
0.414601	-0.172011	-0.649407	-0.659045
0.414704	-0.174518	-0.649640	-0.659732
0.414691	-0.172464	-0.649395	-0.661314
0.414635	-0.171414	-0.647874	-0.658883
0.414641	-0.173030	-0.650293	-0.659105
0.414680	-0.171745	-0.651057	-0.659098
0.414598	-0.173806	-0.651787	-0.660532
0.414647	-0.173474	-0.651063	-0.660307
0.414666	-0.172987	-0.650177	-0.660074
0.414662	-0.174563	-0.650637	-0.661097
0.414755	-0.174097	-0.650083	-0.659775
0.414587	-0.174684	-0.648665	-0.659387
0.414613	-0.174813	-0.650562	-0.660320
0.414638	-0.174513	-0.650956	-0.659809
0.414538	-0.174405	-0.649882	-0.661502
0.414692	-0.176456	-0.651530	-0.659007
0.414672	-0.178334	-0.649903	-0.660003
0.414658	-0.177254	-0.649733	-0.660269
0.414574	-0.176840	-0.649266	-0.659545
0.414655	-0.178403	-0.649760	-0.657871
0.414687	-0.177984	-0.649476	-0.660104
0.414627	-0.177311	-0.649711	-0.660971
0.414673	-0.178492	-0.648136	-0.659884
0.414623	-0.178621	-0.648945	-0.660262
0.414695	-0.178744	-0.649118	-0.659700
0.414617	-0.179271	-0.648949	-0.661019
0.414613	-0.177868	-0.648955	-0.660909
0.414680	-0.179385	-0.649043	-0.659312
0.414623	-0.177511	-0.647853	-0.658667
0.414637	-0.178047	-0.648214	-0.659170
0.414643	-0.177467	-0.648493	-0.658132
0.414542	-0.177344	-0.648769	-0.660089
0.414696	-0.178145	-0.647082	-0.661484
0.414658	-0.176918	-0.649182	-0.658317
0.414661	-0.177053	-0.649300	-0.659403
0.414697	-0.176539	-0.647948	-0.659400
0.414650	-0.178794	-0.649677	-0.660567
0.414645	-0.176409	-0.648983	-0.658794
0.414667	-0.177755	-0.647919	-0.660532
0.414720	-0.177954	-0.647927	-0.660523
0.414685	-0.179296	-0.645266	-0.658575
0.414684	-0.181161	-0.646431	-0.659009
0.414625	-0.181198	-0.646193	-0.660094
0.414715	-0.180956	-0.645992	-0.659066
0.414685	-0.180778	-0.646631	-0.660116
0.414687	-0.181788	-0.645614	-0.660072
0.414667	-0.181251	-0.645929	-0.657719
0.414618	-0.181763	-0.645436	-0.659560
0.414719	-0.179880	-0.646245	-0.660161
0.414647	-0.180590	-0.645527	-0.659374
0.414603	-0.179089	-0.644661	-0.660659
0.414627	-0.177540	-0.645735	-0.659748
0.414719	-0.178433	-0.646941	-0.659149
0.414709	-0.178994	-0.645638	-0.659197
0.414686	-0.176755	-0.645402	-0.660834
0.414652	-0.175409	-0.647148	-0.660139
0.414686	-0.175054	-0.646841	-0.659582
0.414655	-0.175831	-0.645394	-0.659302
0.414588	-0.175507	-0.646117	-0.659916
0.414574	-0.175599	-0.645725	-0.658209
0.414625	-0.174704	-0.644984	-0.659036
0.414597	-0.173505	-0.646138	-0.661413
0.414638	-0.175682	-0.646497	-0.660223
0.414705	-0.173841	-0.645611	-0.658436
0.414630	-0.173184	-0.645038	-0.659871
0.414706	-0.172832	-0.644150	-0.659785
0.414686	-0.172594	-0.644090	-0.659308
0.414568	-0.172317	-0.644623	-0.659715
0.414739	-0.174084	-0.646752	-0.660225
0.414622	-0.172513	-0.644306	-0.658278
0.414610	-0.171561	-0.645392	-0.660551
0.414702	-0.171962	-0.644031	-0.659517
0.414700	-0.172046	-0.645730	-0.659752
0.414725	-0.172490	-0.645968	-0.657801
0.414680	-0.171719	-0.645119	-0.659283
0.414616	-0.171717	-0.645687	-0.660184
0.414643	-0.172240	-0.645339	-0.659161
0.414696	-0.172649	-0.644852	-0.659032
0.414656	-0.171752	-0.644404	-0.658910
0.414577	-0.171332	-0.643664	-0.659291
0.414742	-0.171248	-0.643549	-0.659426
0.414632	-0.173774	-0.643038	-0.658084
0.414764	-0.171370	-0.643367	-0.659267
0.414606	-0.173454	-0.642986	-0.660372
0.414742	-0.172894	-0.643098	-0.658568
0.414576	-0.170665	-0.643162	-0.661003
0.414758	-0.170419	-0.642534	-0.660285
0.414396	-0.170367	-0.642660	-0.659921
0.415051	-0.169310	-0.643170	-0.658888
0.411880	-0.167806	-0.644356	-0.659562
0.409295	-0.168436	-0.644882	-0.658886
0.409886	-0.168139	-0.646923	-0.657694
0.409520	-0.167652	-0.644473	-0.659645
0.409736	-0.167608	-0.644337	-0.658908
0.409532	-0.166597	-0.646284	-0.659876
0.409734	-0.167503	-0.645839	-0.659448
0.409586	-0.168349	-0.644254	-0.661184
0.409684	-0.168567	-0.645129	-0.659937
0.409673	-0.167568	-0.645959	-0.660652
0.409747	-0.169462	-0.644940	-0.660466
0.409628	-0.168750	-0.643065	-0.658573
0.409734	-0.167978	-0.643625	-0.658129
0.409487	-0.168468	-0.644486	-0.659661
0.409737	-0.166780	-0.643571	-0.658267
0.409579	-0.170312	-0.644604	-0.659165
0.409776	-0.169142	-0.643034	-0.658920
0.409581	-0.170678	-0.641665	-0.659044
0.409803	-0.172001	-0.643795	-0.659367
0.409482	-0.170992	-0.643068	-0.659351
0.409856	-0.172101	-0.643495	-0.658967
0.409314	-0.173659	-0.642515	-0.659329
0.412617	-0.173524	-0.642091	-0.658645
0.415151	-0.173893	-0.641387	-0.658807
0.414418	-0.174551	-0.642016	-0.660344
0.414867	-0.172235	-0.642162	-0.661011
0.414515	-0.173547	-0.641760	-0.660507
0.414765	-0.173714	-0.645213	-0.659500
0.414513	-0.174592	-0.642242	-0.659262
0.414804	-0.173161	-0.643256	-0.661026
0.414520	-0.172883	-0.642052	-0.660110
0.414755	-0.173524	-0.644966	-0.660131
0.414564	-0.175022	-0.643652	-0.659621
0.414742	-0.173610	-0.642294	-0.658499
0.414454	-0.174643	-0.642075	-0.659656
0.414937	-0.174576	-0.641745	-0.660394
0.413696	-0.173463	-0.641793	-0.659071
0.409629	-0.174871	-0.643673	-0.658055
0.409752	-0.173398	-0.643536	-0.661061
0.409643	-0.173881	-0.643326	-0.660230
0.409746	-0.171541	-0.644904	-0.657934
0.409694	-0.171330	-0.644748	-0.660263
0.409663	-0.174452	-0.643603	-0.659883
0.409644	-0.173436	-0.645372	-0.659179
0.409621	-0.172779	-0.644248	-0.659372
0.409650	-0.174435	-0.644075	-0.660278
0.409644	-0.175777	-0.642794	-0.659633
0.409693	-0.174245	-0.643526	-0.659496
0.409571	-0.174860	-0.641599	-0.659392
0.409783	-0.175213	-0.642460	-0.659331
0.409392	-0.177777	-0.641620	-0.658999
0.410853	-0.179436	-0.641960	-0.660289
0.414820	-0.178724	-0.640100	-0.660411
0.414528	-0.180605	-0.640805	-0.659992
0.414663	-0.180447	-0.639403	-0.658585
0.414605	-0.180890	-0.638281	-0.658267
0.414775	-0.181763	-0.639921	-0.659908
0.414581	-0.179445	-0.638083	-0.659453
0.414687	-0.180260	-0.638236	-0.659646
0.414610	-0.180992	-0.637405	-0.660059
0.414593	-0.178405	-0.640158	-0.659950
0.414558	-0.180779	-0.639215	-0.659698
0.414655	-0.177291	-0.640443	-0.659505
0.414598	-0.179308	-0.641416	-0.660949
0.414711	-0.178526	-0.639558	-0.657020
0.414536	-0.177486	-0.640318	-0.660760
0.414660	-0.176357	-0.642847	-0.659651
0.414607	-0.178829	-0.641378	-0.659494
0.414635	-0.180487	-0.641079	-0.660220
0.414493	-0.177880	-0.640922	-0.659333
0.414791	-0.177378	-0.641250	-0.660536
0.414483	-0.178319	-0.641118	-0.660703
0.414986	-0.178172	-0.641821	-0.659349
0.413344	-0.178793	-0.642090	-0.660114
0.409438	-0.180686	-0.640877	-0.660170
0.409798	-0.178420	-0.641064	-0.658816
0.409662	-0.177607	-0.641076	-0.659701
0.409670	-0.175264	-0.642274	-0.659242
0.409687	-0.174414	-0.640911	-0.659027
0.409643	-0.174114	-0.642426	-0.659839
0.409749	-0.174244	-0.642421	-0.659988
0.409430	-0.173170	-0.641634	-0.658366
0.413281	-0.172181	-0.643649	-0.659009
0.415033	-0.173023	-0.644446	-0.658617
0.414494	-0.173261	-0.645295	-0.659314
0.414804	-0.172095	-0.647084	-0.658400
0.414581	-0.172809	-0.646198	-0.659386
0.414754	-0.173310	-0.645216	-0.658579
0.414584	-0.172276	-0.646723	-0.659190
0.414783	-0.172363	-0.647810	-0.660064
0.414667	-0.171207	-0.647324	-0.660785
0.414720	-0.171997	-0.646617	-0.659156
0.414622	-0.172244	-0.648003	-0.659447
0.414675	-0.170976	-0.647222	-0.660600
0.414613	-0.173296	-0.649412	-0.658754
0.414700	-0.172072	-0.647442	-0.658832
0.414685	-0.172444	-0.647122	-0.660270
0.414637	-0.173609	-0.647254	-0.659180
0.414651	-0.173309	-0.645753	-0.658239
0.414645	-0.172922	-0.645471	-0.659696
0.414646	-0.171183	-0.646712	-0.659373
0.414696	-0.170399	-0.645837	-0.658402
0.414756	-0.171262	-0.647063	-0.660017
0.414632	-0.170631	-0.647917	-0.659671
0.414666	-0.170061	-0.646578	-0.659511
0.414657	-0.169874	-0.646965	-0.660140
0.414661	-0.171692	-0.646789	-0.659753
0.414598	-0.169649	-0.649552	-0.660170
0.414736	-0.169760	-0.647379	-0.659599
0.414616	-0.172212	-0.647168	-0.658625
0.414739	-0.172332	-0.648125	-0.660044
0.414602	-0.171499	-0.649125	-0.658569
0.414744	-0.173301	-0.648420	-0.659943
0.414474	-0.172438	-0.646781	-0.660164
0.414850	-0.172812	-0.646200	-0.659264
0.414337	-0.175442	-0.647057	-0.660739
0.415138	-0.176327	-0.647472	-0.661147
0.412566	-0.176493	-0.645273	-0.660840
0.409369	-0.177836	-0.644709	-0.661299
0.409699	-0.175415	-0.644941	-0.659427
0.409790	-0.175675	-0.644285	-0.659624
0.409417	-0.176417	-0.643462	-0.660933
0.411471	-0.177128	-0.643298	-0.659729
0.415110	-0.175661	-0.642352	-0.659547
0.414352	-0.175882	-0.642504	-0.658938
0.414755	-0.176585	-0.642866	-0.661635
0.414571	-0.176512	-0.642279	-0.661184
0.414731	-0.176006	-0.642348	-0.659779
0.414582	-0.177130	-0.641900	-0.659883
0.414712	-0.178110	-0.642145	-0.660279
0.414715	-0.177834	-0.641341	-0.659545
0.414596	-0.176901	-0.641985	-0.660462
0.414727	-0.177868	-0.641432	-0.659560
0.414473	-0.179571	-0.642974	-0.660642
0.415043	-0.178501	-0.641941	-0.659463
0.412539	-0.178242	-0.642385	-0.660066
0.409269	-0.178045	-0.643523	-0.659185
0.409884	-0.177525	-0.642860	-0.659138
0.409471	-0.178845	-0.641590	-0.661854
0.409802	-0.178177	-0.641029	-0.659332
0.409644	-0.178468	-0.642495	-0.660723
0.409766	-0.178820	-0.642026	-0.659104
0.409560	-0.179257	-0.642491	-0.660531
0.409727	-0.178349	-0.642892	-0.659871
0.409631	-0.177132	-0.643143	-0.658999
0.409729	-0.179827	-0.642966	-0.658457
0.409547	-0.178273	-0.643791	-0.659966
0.409718	-0.179489	-0.642697	-0.657960
0.409703	-0.178158	-0.641000	-0.658188
0.409672	-0.177784	-0.641744	-0.658436
0.409743	-0.177282	-0.641118	-0.659065
0.409757	-0.177732	-0.642662	-0.660634
0.409625	-0.176522	-0.642485	-0.659505
0.409746	-0.177351	-0.642441	-0.660112
0.409635	-0.176602	-0.640737	-0.659418
0.409677	-0.177169	-0.642298	-0.659358
0.409761	-0.175971	-0.642075	-0.660294
0.409702	-0.175211	-0.642179	-0.659032
0.409722	-0.176517	-0.642261	-0.658471
0.409690	-0.175189	-0.642269	-0.659526
0.409647	-0.175412	-0.642836	-0.659996
0.409688	-0.176260	-0.642342	-0.659175
0.409689	-0.175553	-0.642402	-0.658419
0.409640	-0.175521	-0.642561	-0.659395
0.409619	-0.177033	-0.641857	-0.659727
0.409751	-0.176274	-0.642164	-0.659326
0.409695	-0.178224	-0.642192	-0.659475
0.409654	-0.176725	-0.642292	-0.660518
0.409698	-0.176499	-0.642932	-0.658187
0.409637	-0.176367	-0.642199	-0.659187
0.409616	-0.177089	-0.643266	-0.660781
0.409664	-0.177572	-0.641679	-0.659842
0.409683	-0.177275	-0.640760	-0.660664
0.409620	-0.177823	-0.641135	-0.660634
0.409595	-0.178393	-0.640713	-0.658400
0.409727	-0.180759	-0.640532	-0.658326
0.409571	-0.180330	-0.637400	-0.658829
0.409630	-0.180456	-0.638181	-0.660795
0.409640	-0.181041	-0.638927	-0.659998
0.409724	-0.181127	-0.636816	-0.660825
0.409728	-0.182002	-0.635363	-0.659853
0.409672	-0.182030	-0.637102	-0.659551
0.409637	-0.181266	-0.637423	-0.659584
0.409644	-0.181623	-0.638275	-0.658829
0.409634	-0.180988	-0.637022	-0.659649
0.409644	-0.181067	-0.636845	-0.659073
0.409615	-0.182637	-0.635084	-0.659744
0.409665	-0.183137	-0.634013	-0.660769
0.409643	-0.181799	-0.636157	-0.659081
0.409662	-0.181548	-0.635576	-0.659073
0.409638	-0.184096	-0.636873	-0.658169
0.409697	-0.184795	-0.635450	-0.660149
0.409638	-0.182996	-0.636249	-0.660084
0.409590	-0.183244	-0.635718	-0.659521
0.409620	-0.183270	-0.637428	-0.660151
0.409724	-0.181914	-0.638127	-0.659446
0.409707	-0.182464	-0.638699	-0.660807
0.409689	-0.184146	-0.638734	-0.661068
0.409670	-0.183708	-0.637112	-0.660513
0.409594	-0.184480	-0.635700	-0.661888
0.409645	-0.185879	-0.635545	-0.660013
0.409728	-0.184925	-0.638229	-0.659099
0.409619	-0.185021	-0.636112	-0.658370
0.409630	-0.184891	-0.637018	-0.659182
0.409663	-0.184552	-0.637814	-0.660304
0.409677	-0.185221	-0.637468	-0.658712
0.409658	-0.183972	-0.639005	-0.659242
0.409623	-0.181929	-0.639117	-0.661204
0.409694	-0.181022	-0.639657	-0.660674
0.409630	-0.180962	-0.639797	-0.658460
0.409693	-0.180524	-0.641328	-0.660679
0.409677	-0.180455	-0.638560	-0.661593
0.409670	-0.178945	-0.640327	-0.660624
0.409638	-0.178985	-0.640886	-0.657969
0.409689	-0.179376	-0.642224	-0.659504
0.409682	-0.178383	-0.641289	-0.659596
0.409610	-0.178034	-0.641956	-0.659712
0.409695	-0.177825	-0.642714	-0.659973
0.409668	-0.177536	-0.644708	-0.660005
0.409708	-0.175914	-0.646995	-0.659985
0.409655	-0.176968	-0.645136	-0.658133
0.409675	-0.176591	-0.643800	-0.660775
0.409694	-0.175516	-0.644733	-0.660657
0.409653	-0.176378	-0.645218	-0.660359
0.409652	-0.175995	-0.644461	-0.659099
0.409611	-0.177996	-0.644669	-0.659981
0.409679	-0.178108	-0.643940	-0.659541
0.409579	-0.178686	-0.643521	-0.658930
0.409642	-0.179629	-0.643219	-0.659569
0.409639	-0.180716	-0.643902	-0.660343
0.409662	-0.178954	-0.642692	-0.661207
0.409653	-0.180551	-0.643218	-0.660224
0.409652	-0.180405	-0.642465	-0.660414
0.409655	-0.181053	-0.643683	-0.658927
0.409626	-0.179559	-0.641937	-0.659916
0.409685	-0.179199	-0.642679	-0.659938
0.409689	-0.181246	-0.642885	-0.659670
0.409700	-0.180435	-0.641994	-0.660788
0.409698	-0.180091	-0.641451	-0.659257
0.409713	-0.180427	-0.642034	-0.658913
0.409791	-0.179415	-0.642198	-0.661501
0.409695	-0.179401	-0.641719	-0.659651
0.409721	-0.180348	-0.642298	-0.659299
0.409642	-0.181273	-0.642027	-0.660168
0.409711	-0.180589	-0.641724	-0.659167
0.409673	-0.180439	-0.643311	-0.659967
0.409660	-0.179783	-0.642367	-0.659856
0.409687	-0.180416	-0.642125	-0.661169
0.409667	-0.177123	-0.640887	-0.657766
0.409673	-0.178855	-0.642401	-0.659091
0.409678	-0.179143	-0.641859	-0.660616
0.409581	-0.180034	-0.642743	-0.658123
0.409619	-0.177453	-0.643679	-0.659159
0.409687	-0.177595	-0.643284	-0.659426
0.409684	-0.178198	-0.642224	-0.658124
0.409654	-0.176702	-0.641849	-0.658581
0.409643	-0.178154	-0.642487	-0.659665
0.409679	-0.178665	-0.642193	-0.659735
0.409653	-0.176501	-0.642539	-0.658991
0.409638	-0.177485	-0.642136	-0.658858
0.409703	-0.178115	-0.642472	-0.659658
0.409638	-0.179894	-0.641789	-0.659507
0.409614	-0.180824	-0.641669	-0.661017
0.409663	-0.180580	-0.639751	-0.660264
0.409677	-0.180853	-0.640097	-0.660062
0.409672	-0.182529	-0.638313	-0.659222
0.409675	-0.180747	-0.638414	-0.658261
0.409680	-0.181446	-0.638156	-0.660265
0.409633	-0.179887	-0.637884	-0.659748
0.409670	-0.181282	-0.636339	-0.663000
0.409697	-0.180869	-0.636620	-0.660689
0.409707	-0.178977	-0.635737	-0.659313
0.409596	-0.180141	-0.636002	-0.660513
0.409660	-0.180379	-0.636633	-0.658871
0.409684	-0.179661	-0.635942	-0.659992
0.409726	-0.181218	-0.634240	-0.661222
0.409654	-0.179813	-0.635356	-0.659688
0.409700	-0.179919	-0.634534	-0.659289
0.409631	-0.180706	-0.635883	-0.659763
0.409693	-0.179634	-0.635733	-0.659639
0.409727	-0.179592	-0.635164	-0.658768
0.409614	-0.181087	-0.634339	-0.658875
0.409684	-0.183603	-0.633723	-0.661720
0.409660	-0.183331	-0.632167	-0.659421
0.409688	-0.185189	-0.630383	-0.659291
0.409629	-0.184994	-0.630908	-0.659199
0.409724	-0.185810	-0.631225	-0.660075
0.409653	-0.184974	-0.629513	-0.660131
0.409741	-0.186610	-0.629295	-0.659225
0.409614	-0.184858	-0.630199	-0.658937
0.409702	-0.187142	-0.630502	-0.659857
0.409705	-0.185796	-0.630644	-0.659551
0.409616	-0.185190	-0.629129	-0.658801
0.409614	-0.183400	-0.630648	-0.659520
0.409601	-0.182718	-0.631337	-0.658708
0.409708	-0.182978	-0.630931	-0.660153
0.409684	-0.181268	-0.632609	-0.658989
0.409603	-0.181660	-0.631972	-0.659400
0.409712	-0.181071	-0.633255	-0.659042
0.409608	-0.179040	-0.634331	-0.659047
0.409600	-0.179934	-0.634104	-0.660595
0.409532	-0.178236	-0.636512	-0.658751
0.409708	-0.175174	-0.636840	-0.659893
0.409600	-0.176707	-0.637090	-0.660439
0.409732	-0.175423	-0.638439	-0.660253
0.409525	-0.176587	-0.639604	-0.659150
0.409821	-0.174800	-0.640641	-0.659899
0.409446	-0.174100	-0.639136	-0.659565
0.410057	-0.173310	-0.641258	-0.658358
0.407582	-0.174412	-0.640809	-0.659853
0.404253	-0.174892	-0.640843	-0.661241
0.404823	-0.173439	-0.640318	-0.660180
0.404542	-0.173320	-0.641118	-0.660360
0.404783	-0.172847	-0.641358	-0.659260
0.404576	-0.174699	-0.640470	-0.658787
0.404702	-0.174448	-0.640174	-0.659933
0.404558	-0.174016	-0.637831	-0.661082
0.404833	-0.176178	-0.639264	-0.659586
0.409014	-0.174937	-0.639127	-0.659724
0.409821	-0.177015	-0.638373	-0.661082
0.409611	-0.177302	-0.636474	-0.660744
0.409695	-0.177207	-0.638021	-0.659150
0.409605	-0.179292	-0.636879	-0.660502
0.409736	-0.179072	-0.636165	-0.660996
0.409685	-0.180472	-0.636588	-0.659854
0.409727	-0.178344	-0.637359	-0.659735
0.409659	-0.178815	-0.635567	-0.660259
0.409732	-0.177362	-0.635685	-0.658351
0.409679	-0.178591	-0.634875	-0.659065
0.409669	-0.179269	-0.636048	-0.659759
0.409708	-0.177361	-0.635673	-0.661095
0.409695	-0.178373	-0.635875	-0.658034
0.409574	-0.177010	-0.637137	-0.658312
0.409648	-0.176787	-0.635339	-0.659205
0.409621	-0.175952	-0.635744	-0.659190
0.409694	-0.175715	-0.637661	-0.660602
0.409680	-0.175945	-0.638627	-0.658895
0.409659	-0.175641	-0.638418	-0.659724
0.409650	-0.175313	-0.640735	-0.659564
0.409670	-0.175095	-0.640399	-0.659222
0.409634	-0.175678	-0.641519	-0.660154
0.409643	-0.174731	-0.639016	-0.660703
0.409679	-0.175824	-0.640738	-0.658923
0.409654	-0.175399	-0.641352	-0.660292
0.409663	-0.174533	-0.639886	-0.659064
0.409652	-0.174934	-0.639427	-0.659273
0.409598	-0.176340	-0.638042	-0.660285
0.409594	-0.177303	-0.639829	-0.659614
0.409749	-0.176601	-0.639357	-0.659274
0.409618	-0.176580	-0.637816	-0.661388
0.409694	-0.178515	-0.637167	-0.660169
0.409680	-0.178092	-0.639418	-0.660114
0.409655	-0.178085	-0.636771	-0.660125
0.409639	-0.178965	-0.639052	-0.658824
0.409663	-0.180872	-0.637925	-0.659298
0.409611	-0.180295	-0.636975	-0.659391
0.409709	-0.179432	-0.636265	-0.659227
0.409579	-0.178889	-0.637284	-0.659755
0.409778	-0.177495	-0.637661	-0.659854
0.409578	-0.178894	-0.637785	-0.659582
0.409881	-0.176055	-0.638200	-0.659292
0.409295	-0.175284	-0.639451	-0.658920
0.412258	-0.177050	-0.639000	-0.659208
0.415161	-0.175428	-0.639480	-0.659284
0.414193	-0.174111	-0.639304	-0.660020
0.415114	-0.176897	-0.639463	-0.660456
0.411816	-0.176329	-0.639615	-0.661740
0.409343	-0.175529	-0.639640	-0.658283
0.409792	-0.175866	-0.640322	-0.657999
0.409555	-0.174398	-0.640396	-0.659004
0.409694	-0.175765	-0.640526	-0.657511
0.409707	-0.174957	-0.637953	-0.659359
0.409712	-0.175648	-0.639913	-0.659089
0.409685	-0.174875	-0.639446	-0.658445
0.409667	-0.173592	-0.639656	-0.660216
0.409596	-0.173637	-0.640648	-0.658133
0.409677	-0.172309	-0.640060	-0.659639
0.409690	-0.171803	-0.638385	-0.658692
0.409633	-0.172693	-0.638682	-0.660626
0.409682	-0.171185	-0.640178	-0.658927
0.409589	-0.170858	-0.640564	-0.659962
0.409778	-0.171122	-0.640165	-0.659715
0.409480	-0.170818	-0.639853	-0.659813
0.410370	-0.170432	-0.641165	-0.658915
0.414621	-0.169735	-0.642163	-0.660139
0.414625	-0.170332	-0.641798	-0.659091
0.414646	-0.170854	-0.641916	-0.658258
0.414655	-0.171036	-0.641025	-0.659717
0.414687	-0.171329	-0.640378	-0.659116
0.414677	-0.172584	-0.639645	-0.658772
0.414606	-0.173732	-0.640908	-0.659165
0.414637	-0.173906	-0.639688	-0.659415
0.414646	-0.176514	-0.639288	-0.659349
0.414593	-0.176736	-0.637690	-0.658489
0.414729	-0.177986	-0.637428	-0.659031
0.414697	-0.177404	-0.639848	-0.658356
0.414706	-0.179431	-0.637220	-0.659625
0.414715	-0.181057	-0.636325	-0.658566
0.414662	-0.181171	-0.636126	-0.659215
0.414640	-0.182409	-0.636825	-0.659904
0.414686	-0.182723	-0.633201	-0.659421
0.414687	-0.182408	-0.634762	-0.658955
0.414687	-0.184210	-0.635698	-0.659411
0.414564	-0.181616	-0.633370	-0.659156
0.414735	-0.182901	-0.634369	-0.659916
0.414719	-0.182773	-0.634647	-0.659326
0.414641	-0.183127	-0.633708	-0.660161
0.414661	-0.182043	-0.634355	-0.661226
0.414650	-0.182344	-0.634594	-0.659400
0.414638	-0.181297	-0.634475	-0.659967
0.414647	-0.182305	-0.635418	-0.658440
0.414650	-0.180275	-0.635735	-0.660318
0.414616	-0.179982	-0.637301	-0.659941
0.414646	-0.181342	-0.637001	-0.660775
0.414677	-0.178291	-0.636221	-0.658551
0.414633	-0.179247	-0.636765	-0.659403
0.414661	-0.179108	-0.637504	-0.659833
0.414704	-0.179591	-0.633949	-0.658890
0.414687	-0.179535	-0.635216	-0.658767
0.414623	-0.179472	-0.632495	-0.659878
0.414721	-0.181374	-0.632343	-0.659630
0.414662	-0.180867	-0.632905	-0.659167
0.414573	-0.181370	-0.632966	-0.660538
0.414697	-0.179839	-0.633173	-0.659332
0.414709	-0.180300	-0.636328	-0.658829
0.414602	-0.180850	-0.634287	-0.659090
0.414707	-0.180139	-0.634663	-0.660432
0.414671	-0.180992	-0.634336	-0.660347
0.414701	-0.179063	-0.632927	-0.659309
0.414725	-0.180355	-0.634218	-0.659769
0.414668	-0.178601	-0.634371	-0.660394
0.414587	-0.177662	-0.637132	-0.661428
0.414652	-0.177070	-0.637346	-0.659063
0.414603	-0.177402	-0.637123	-0.660814
0.414653	-0.175040	-0.636853	-0.660500
0.414687	-0.174840	-0.638785	-0.660525
0.414641	-0.174664	-0.638885	-0.659134
0.414679	-0.173719	-0.639784	-0.659579
0.414694	-0.174147	-0.639399	-0.660342
0.414676	-0.173216	-0.640689	-0.659009
0.414653	-0.173896	-0.641308	-0.659361
0.414618	-0.172445	-0.639585	-0.660126
0.414657	-0.174021	-0.640813	-0.657912
0.414702	-0.174538	-0.641158	-0.661022
0.414637	-0.173757	-0.640611	-0.659873
0.414704	-0.174076	-0.639934	-0.659849
0.414592	-0.176797	-0.641118	-0.659333
0.414612	-0.172473	-0.642357	-0.659329
0.414663	-0.175153	-0.642163	-0.659625
0.414712	-0.173908	-0.642648	-0.659357
0.414631	-0.173898	-0.642019	-0.659552
0.414727	-0.172065	-0.643403	-0.660195
0.414729	-0.171745	-0.642272	-0.661526
0.414552	-0.173142	-0.642804	-0.659851
0.414679	-0.172783	-0.642233	-0.660041
0.414665	-0.171839	-0.641707	-0.659812
0.414626	-0.174351	-0.641549	-0.658658
0.414702	-0.172976	-0.642575	-0.661544
0.414643	-0.172998	-0.642311	-0.660566
0.414582	-0.173130	-0.644024	-0.658050
0.414662	-0.172977	-0.644661	-0.660179
0.414617	-0.173694	-0.643837	-0.660557
0.414651	-0.171768	-0.643466	-0.660017
0.414697	-0.171352	-0.644469	-0.660759
0.414666	-0.170237	-0.643602	-0.659175
0.414702	-0.171081	-0.644429	-0.659585
0.414592	-0.168902	-0.645766	-0.660545
0.414676	-0.172143	-0.644417	-0.659633
0.414554	-0.171180	-0.645783	-0.659843
0.414730	-0.170464	-0.644187	-0.660621
0.414559	-0.169734	-0.643667	-0.659387
0.414635	-0.170028	-0.643167	-0.658850
0.414671	-0.169978	-0.645508	-0.660302
0.414709	-0.169519	-0.645255	-0.661008
0.414582	-0.168556	-0.645948	-0.660606
0.414765	-0.168358	-0.645979	-0.660001
0.414440	-0.168281	-0.648173	-0.659639
0.414894	-0.166373	-0.645654	-0.660047
0.414273	-0.166647	-0.648566	-0.660589
0.416438	-0.165675	-0.647236	-0.659807
0.420030	-0.164178	-0.647427	-0.659897
0.419531	-0.162831	-0.648541	-0.659076
0.419877	-0.164921	-0.648082	-0.659431
0.419674	-0.166913	-0.647815	-0.659262
0.419782	-0.166770	-0.648457	-0.660015
0.419694	-0.166108	-0.646563	-0.659004
0.419762	-0.164957	-0.649441	-0.658678
0.419633	-0.167045	-0.647903	-0.660238
0.415599	-0.167546	-0.647667	-0.660652
0.414444	-0.167291	-0.646300	-0.660794
0.414847	-0.167535	-0.645974	-0.659675
0.414544	-0.169123	-0.646842	-0.658828
0.414740	-0.167742	-0.646060	-0.659699
0.414532	-0.168187	-0.646850	-0.659864
0.414780	-0.167379	-0.646498	-0.660245
0.414288	-0.167153	-0.648178	-0.660667
0.416666	-0.167700	-0.644770	-0.660979
0.420177	-0.169236	-0.646172	-0.659798
0.419453	-0.167739	-0.646262	-0.659983
0.419932	-0.166671	-0.646082	-0.659965
0.419473	-0.166799	-0.647968	-0.661060
0.419976	-0.167508	-0.645557	-0.659253
0.419388	-0.169449	-0.646748	-0.659983
0.420238	-0.168027	-0.645426	-0.658300
0.417492	-0.168640	-0.645087	-0.660649
0.414390	-0.168839	-0.643862	-0.659753
0.414798	-0.168342	-0.646020	-0.659942
0.414559	-0.168487	-0.646915	-0.659155
0.414682	-0.169330	-0.647597	-0.659233
0.414765	-0.169318	-0.646786	-0.660402
0.414326	-0.166646	-0.645347	-0.659914
0.416848	-0.168699	-0.645033	-0.660823
0.420192	-0.168331	-0.644953	-0.659393
0.419418	-0.168776	-0.645946	-0.658896
0.419966	-0.169464	-0.646525	-0.661003
0.419477	-0.168342	-0.645512	-0.659640
0.419979	-0.167971	-0.646058	-0.658728
0.419396	-0.169300	-0.644768	-0.659058
0.420245	-0.171409	-0.644555	-0.659930
0.417248	-0.170862	-0.642190	-0.658620
0.414423	-0.170929	-0.643419	-0.659316
0.419428	-0.170143	-0.642776	-0.660528
0.419700	-0.172518	-0.641697	-0.659755
0.419749	-0.172236	-0.642159	-0.659851
0.419693	-0.172898	-0.642660	-0.660692
0.419777	-0.171914	-0.642240	-0.660169
0.419689	-0.172244	-0.643906	-0.659014
0.419710	-0.173283	-0.641317	-0.659237
0.419763	-0.172339	-0.642159	-0.659058
0.419774	-0.172888	-0.641582	-0.659684
0.419723	-0.173419	-0.640699	-0.658693
0.419779	-0.173494	-0.641688	-0.660337
0.419710	-0.172513	-0.642477	-0.659309
0.419767	-0.172886	-0.641931	-0.659276
0.419683	-0.172352	-0.642209	-0.660130
0.419773	-0.171892	-0.642395	-0.661338
0.419727	-0.172359	-0.641905	-0.659006
0.419797	-0.173718	-0.642113	-0.659248
0.419714	-0.174036	-0.641436	-0.660299
0.419717	-0.172580	-0.642995	-0.660937
0.419682	-0.172158	-0.643890	-0.658470
0.419758	-0.171578	-0.643783	-0.659103
0.419772	-0.170525	-0.642910	-0.660508
0.419705	-0.170757	-0.642257	-0.659789
0.419741	-0.170449	-0.643204	-0.660022
0.419644	-0.168274	-0.644148	-0.659299
0.419773	-0.169134	-0.646614	-0.659927
0.419703	-0.167433	-0.645776	-0.660719
0.419796	-0.166284	-0.645720	-0.659361
0.419692	-0.165363	-0.646576	-0.659879
0.419823	-0.165797	-0.646656	-0.661646
0.419705	-0.165215	-0.646703	-0.660084
0.419731	-0.165120	-0.648986	-0.658391
0.419732	-0.163649	-0.648623	-0.660943
0.419723	-0.164524	-0.648107	-0.660641
0.419727	-0.163651	-0.648814	-0.660957
0.419705	-0.162552	-0.648940	-0.659011
0.419724	-0.164345	-0.647364	-0.659729
0.419732	-0.164899	-0.649022	-0.659497
0.419763	-0.164303	-0.648587	-0.658729
0.419742	-0.164375	-0.650161	-0.660016
0.419728	-0.163995	-0.649795	-0.659031
0.419777	-0.163026	-0.647943	-0.659446
0.419763	-0.164146	-0.648889	-0.660307
0.419778	-0.164102	-0.650919	-0.659569
0.419710	-0.163428	-0.651977	-0.658807
0.419757	-0.164514	-0.650971	-0.660300
0.419817	-0.165313	-0.651648	-0.659893
0.419774	-0.164319	-0.651611	-0.660012
0.419684	-0.164397	-0.652732	-0.658451
0.419786	-0.165780	-0.650724	-0.659815
0.419578	-0.164872	-0.652071	-0.659240
0.420319	-0.165045	-0.652470	-0.660134
0.424346	-0.165551	-0.652442	-0.660412
0.424374	-0.163510	-0.653273	-0.659361
0.424465	-0.163918	-0.652723	-0.658679
0.424426	-0.162484	-0.653182	-0.659655
0.424384	-0.163669	-0.654115	-0.659973
0.424391	-0.161947	-0.653507	-0.659972
0.424424	-0.162977	-0.652704	-0.660102
0.424380	-0.163791	-0.653166	-0.658896
0.424391	-0.162923	-0.651626	-0.660937
0.424448	-0.162220	-0.653269	-0.659762
0.424444	-0.162757	-0.653759	-0.660796
0.424352	-0.161521	-0.653108	-0.659988
0.424473	-0.161181	-0.656766	-0.660342
0.424399	-0.161171	-0.655097	-0.659278
0.424482	-0.159774	-0.655340	-0.658925
0.424451	-0.159396	-0.655445	-0.658980
0.424384	-0.158632	-0.655103	-0.657974
0.424398	-0.157492	-0.657133	-0.659413
0.424359	-0.156994	-0.658335	-0.658655
0.424421	-0.158667	-0.657840	-0.660094
0.424374	-0.156855	-0.658530	-0.660444
0.424449	-0.156180	-0.658653	-0.658455
0.424372	-0.156878	-0.658927	-0.660176
0.424424	-0.158302	-0.659116	-0.659744
0.424454	-0.157568	-0.660070	-0.659536
0.424405	-0.159034	-0.656149	-0.662187
0.424401	-0.160633	-0.656366	-0.660362
0.424366	-0.161531	-0.655930	-0.660689
0.424408	-0.162587	-0.656859	-0.658757
0.424394	-0.165725	-0.654110	-0.658910
0.424426	-0.164472	-0.653626	-0.659014
0.424381	-0.167772	-0.653798	-0.659717
0.424475	-0.167441	-0.651759	-0.661310
0.424418	-0.166673	-0.653333	-0.659898
0.424372	-0.167858	-0.652476	-0.659710
0.424382	-0.167936	-0.651544	-0.660253
0.424420	-0.168196	-0.652257	-0.659496
0.424438	-0.167023	-0.651518	-0.658727
0.424431	-0.168486	-0.650427	-0.660072
0.424436	-0.167551	-0.650573	-0.659094
0.424342	-0.168452	-0.650092	-0.658744
0.424489	-0.168933	-0.650036	-0.660646
0.424430	-0.166831	-0.649417	-0.659106
0.424428	-0.164204	-0.650675	-0.658573
0.424334	-0.164430	-0.652252	-0.658933
0.424361	-0.164647	-0.650664	-0.659792
0.424345	-0.163383	-0.652070	-0.659758
0.424455	-0.163893	-0.652806	-0.659352
0.424440	-0.164395	-0.651782	-0.659719
0.424339	-0.165310	-0.653432	-0.660397
0.424393	-0.164024	-0.652625	-0.659681
0.424401	-0.163982	-0.652280	-0.658476
0.424455	-0.164673	-0.652477	-0.660778
0.424376	-0.165782	-0.651820	-0.658971
0.424497	-0.164553	-0.652600	-0.660312
0.424379	-0.163202	-0.654150	-0.659896
0.424507	-0.164019	-0.653328	-0.659064
0.424303	-0.164537	-0.653205	-0.662091
0.424553	-0.165194	-0.652984	-0.659059
0.424100	-0.163995	-0.653881	-0.660462
0.428154	-0.163916	-0.653530	-0.660765
0.429860	-0.164960	-0.653649	-0.659445
0.429391	-0.163883	-0.654946	-0.659616
0.429644	-0.164782	-0.654902	-0.660292
0.429463	-0.164808	-0.655409	-0.659955
0.429669	-0.164909	-0.654544	-0.658392
0.429448	-0.165119	-0.654813	-0.658550
0.429565	-0.164588	-0.654044	-0.659908
0.429511	-0.165780	-0.653408	-0.659658
0.429595	-0.165836	-0.655040	-0.660711
0.429588	-0.166308	-0.655742	-0.658712
0.429557	-0.165750	-0.654792	-0.658521
0.429487	-0.167087	-0.654689	-0.658915
0.429571	-0.165755	-0.652060	-0.659787
0.429596	-0.166626	-0.653000	-0.658476
0.429557	-0.167243	-0.652022	-0.658851
0.429560	-0.167691	-0.652504	-0.660771
0.429629	-0.168561	-0.652654	-0.659200
0.429472	-0.166417	-0.651691	-0.658985
0.429580	-0.168403	-0.652540	-0.659719
0.429542	-0.168297	-0.652604	-0.658947
0.429542	-0.166698	-0.653046	-0.659258
0.429591	-0.167578	-0.652626	-0.659276
0.429544	-0.168482	-0.654436	-0.659846
0.429571	-0.167278	-0.654034	-0.659185
0.429534	-0.167477	-0.653633	-0.660532
0.429596	-0.167480	-0.653759	-0.659106
0.429554	-0.169413	-0.654437	-0.659245
0.429500	-0.168871	-0.652458	-0.659712
0.429583	-0.168209	-0.651561	-0.661002
0.429547	-0.170153	-0.651728	-0.659862
0.429551	-0.170256	-0.652490	-0.659076
0.429600	-0.170327	-0.651627	-0.659472
0.429529	-0.169778	-0.650412	-0.659418
0.429505	-0.169509	-0.650921	-0.659815
0.429596	-0.170330	-0.651542	-0.658940
0.429562	-0.170481	-0.651646	-0.660765
0.429487	-0.169977	-0.651367	-0.659985
0.429526	-0.170703	-0.650488	-0.659462
0.429515	-0.170633	-0.649447	-0.659695
0.429536	-0.170362	-0.651749	-0.658940
0.429575	-0.168065	-0.650883	-0.660451
0.429527	-0.169754	-0.650406	-0.660320
0.429593	-0.170399	-0.649706	-0.659328
0.429589	-0.168680	-0.649613	-0.659153
0.429525	-0.168925	-0.649519	-0.659520
0.429554	-0.169217	-0.650189	-0.658595
0.429557	-0.167849	-0.651496	-0.659267
0.429614	-0.168766	-0.650677	-0.657889
0.429502	-0.167550	-0.652522	-0.659793
0.429545	-0.168253	-0.649637	-0.659314
0.429524	-0.167288	-0.652196	-0.658452
0.429478	-0.166666	-0.651532	-0.659075
0.425032	-0.167318	-0.652111	-0.660030
0.424223	-0.168127	-0.651550	-0.658986
0.424470	-0.166498	-0.650937	-0.660193
0.424355	-0.167071	-0.652698	-0.658995
0.424450	-0.166018	-0.652353	-0.658333
0.424339	-0.167553	-0.652302	-0.659660
0.424434	-0.166780	-0.652956	-0.659477
0.424399	-0.166621	-0.653895	-0.659613
0.424438	-0.167636	-0.651188	-0.659819
0.424394	-0.169306	-0.650865	-0.658976
0.424454	-0.172231	-0.649066	-0.660283
0.424377	-0.170455	-0.649986	-0.660631
0.424441	-0.172096	-0.650221	-0.659016
0.424379	-0.171301	-0.649636	-0.659319
0.424446	-0.171078	-0.649384	-0.660482
0.424404	-0.171826	-0.648034	-0.659679
0.424411	-0.170713	-0.648110	-0.659220
0.424645	-0.170792	-0.648272	-0.659782
0.429088	-0.172448	-0.646733	-0.660057
0.429688	-0.171463	-0.647681	-0.659041
0.429555	-0.171491	-0.649200	-0.659338
0.429491	-0.170323	-0.647620	-0.659119
0.429649	-0.169213	-0.648120	-0.659192
0.429515	-0.169142	-0.648549	-0.659130
0.429713	-0.170689	-0.647662	-0.658633
0.429458	-0.170192	-0.646686	-0.659869
0.429698	-0.170322	-0.647855	-0.659495
0.429364	-0.170875	-0.649255	-0.658797
0.430016	-0.170621	-0.648178	-0.659997
0.427056	-0.170355	-0.648962	-0.660560
0.423920	-0.170641	-0.647791	-0.657639
0.424597	-0.171295	-0.648379	-0.659693
0.424310	-0.168907	-0.646964	-0.659803
0.424558	-0.169062	-0.645880	-0.659000
0.424257	-0.169968	-0.645553	-0.660111
0.424533	-0.170728	-0.647012	-0.658284
0.424401	-0.170730	-0.646688	-0.659324
0.424443	-0.172116	-0.646461	-0.660049
0.424390	-0.171805	-0.646795	-0.659021
0.424489	-0.172804	-0.646301	-0.659391
0.424399	-0.171888	-0.645736	-0.658860
0.424498	-0.172451	-0.645580	-0.660244
0.424450	-0.171330	-0.646078	-0.660001
0.424499	-0.171464	-0.645508	-0.660085
0.424303	-0.171859	-0.647833	-0.659590
0.424366	-0.169913	-0.646388	-0.659000
0.424398	-0.169868	-0.646523	-0.659719
0.424408	-0.168830	-0.647606	-0.659797
0.424429	-0.169754	-0.645978	-0.659610
0.424429	-0.169924	-0.647980	-0.658764
0.424369	-0.170091	-0.645793	-0.660627
0.424376	-0.170758	-0.645674	-0.658010
0.424335	-0.171059	-0.645138	-0.659941
0.424381	-0.170979	-0.645270	-0.658804
0.424303	-0.171429	-0.644953	-0.659457
0.424434	-0.171753	-0.644832	-0.658226
0.424239	-0.171394	-0.645965	-0.658856
0.424502	-0.171683	-0.645867	-0.659693
0.424305	-0.170962	-0.645787	-0.659121
0.424645	-0.171349	-0.644739	-0.658763
0.424110	-0.170535	-0.645672	-0.658746
0.424727	-0.169789	-0.645995	-0.658652
0.423915	-0.170302	-0.645090	-0.659506
0.427444	-0.171285	-0.645021	-0.658975
0.429690	-0.170146	-0.643284	-0.660059
0.429748	-0.168125	-0.644786	-0.660206
0.426699	-0.168236	-0.647170	-0.658065
0.423897	-0.167696	-0.644241	-0.658743
0.424741	-0.168953	-0.646614	-0.658487
0.424171	-0.167033	-0.647066	-0.659163
0.424622	-0.166156	-0.649269	-0.659981
0.424257	-0.166474	-0.648064	-0.658842
0.424538	-0.167210	-0.646608	-0.660622
0.424229	-0.166726	-0.649364	-0.659765
0.424493	-0.167299	-0.649204	-0.658569
0.424413	-0.167104	-0.647860	-0.660290
0.424467	-0.168682	-0.646577	-0.659124
0.424379	-0.168567	-0.646890	-0.658610
0.424389	-0.166576	-0.647040	-0.660335
0.424387	-0.167671	-0.646819	-0.659740
0.424411	-0.166714	-0.645268	-0.659173
0.424415	-0.168405	-0.648387	-0.658977
0.424419	-0.166523	-0.646171	-0.659896
0.424376	-0.167955	-0.645894	-0.657974
0.424436	-0.167999	-0.645168	-0.659515
0.424352	-0.167396	-0.645308	-0.659831
0.424332	-0.168555	-0.647630	-0.660307
0.424477	-0.167833	-0.647365	-0.660047
0.424349	-0.167719	-0.646141	-0.659714
0.424507	-0.168790	-0.647876	-0.659174
0.424270	-0.168002	-0.647710	-0.658614
0.424587	-0.167389	-0.646408	-0.658883
0.424098	-0.168561	-0.646950	-0.659673
0.427675	-0.169393	-0.646555	-0.657971
0.429932	-0.169699	-0.646979	-0.659942
0.429329	-0.168302	-0.647107	-0.658546
0.429664	-0.167613	-0.646187	-0.658295
0.429437	-0.169059	-0.647294	-0.659653
0.429674	-0.168537	-0.646633	-0.657875
0.429493	-0.168279	-0.648043	-0.659448
0.429655	-0.169431	-0.646952	-0.659527
0.429453	-0.169666	-0.646158	-0.659693
0.429600	-0.170666	-0.645570	-0.659844
0.429289	-0.169781	-0.648427	-0.657253
0.429794	-0.169111	-0.647292	-0.659579
0.426196	-0.168257	-0.648581	-0.658802
0.423732	-0.168450	-0.649288	-0.659051
0.425671	-0.167155	-0.650226	-0.659698
0.429381	-0.166053	-0.649882	-0.660320
0.429728	-0.165151	-0.651122	-0.659304
0.428565	-0.167399	-0.651612	-0.658600
0.424026	-0.165920	-0.649316	-0.659042
0.428062	-0.166800	-0.651352	-0.659143
0.429910	-0.165398	-0.650763	-0.658947
0.429332	-0.166467	-0.650221	-0.659240
0.429805	-0.167730	-0.648264	-0.658409
0.429355	-0.165970	-0.649586	-0.660512
0.429961	-0.166850	-0.649121	-0.659724
0.428187	-0.167764	-0.652623	-0.661274
0.424467	-0.166964	-0.651596	-0.659780
0.424266	-0.168660	-0.652590	-0.659471
0.425541	-0.168193	-0.650404	-0.659713
0.429817	-0.165079	-0.651285	-0.659267
0.429353	-0.165398	-0.650046	-0.658938
0.429727	-0.167968	-0.651854	-0.660170
0.429462	-0.163533	-0.652101	-0.659623
0.429585	-0.164589	-0.652138	-0.659990
0.429514	-0.163343	-0.652097	-0.660320
0.429625	-0.164076	-0.653182	-0.657902
0.429557	-0.162265	-0.651082	-0.659720
0.429595	-0.161365	-0.652035	-0.660045
0.429562	-0.160213	-0.654897	-0.659143
0.429581	-0.160152	-0.652119	-0.660565
0.429483	-0.160698	-0.653025	-0.660740
0.429614	-0.158616	-0.653747	-0.659962
0.429532	-0.158960	-0.654753	-0.659238
0.429493	-0.158776	-0.655038	-0.659841
0.429512	-0.157790	-0.657250	-0.660419
0.429611	-0.157112	-0.657112	-0.658752
0.429521	-0.158251	-0.658157	-0.659565
0.429581	-0.158808	-0.658508	-0.659718
0.429529	-0.158955	-0.658316	-0.659537
0.429554	-0.158604	-0.657750	-0.661184
0.429526	-0.161182	-0.656321	-0.658880
0.429534	-0.160114	-0.656557	-0.660150
0.429590	-0.161027	-0.656730	-0.660471
0.429585	-0.163368	-0.655208	-0.659145
0.429515	-0.162963	-0.655236	-0.659377
0.429482	-0.162764	-0.657060	-0.660339
0.429488	-0.164344	-0.656243	-0.659225
0.429595	-0.164139	-0.654659	-0.658957
0.429541	-0.163537	-0.656966	-0.659179
0.429546	-0.164797	-0.656698	-0.658842
0.429619	-0.163280	-0.656023	-0.660160
0.429623	-0.164004	-0.655965	-0.658100
0.429448	-0.165258	-0.657054	-0.661117
0.429640	-0.165964	-0.656419	-0.659911
0.429352	-0.167208	-0.656946	-0.658635
0.431031	-0.166339	-0.656648	-0.658757
0.434942	-0.167615	-0.655340	-0.660502
0.434112	-0.165871	-0.657136	-0.660338
0.435026	-0.165685	-0.655856	-0.660037
0.432747	-0.164253	-0.656389	-0.659536
0.429320	-0.166163	-0.656339	-0.659100
0.429684	-0.164435	-0.656370	-0.659036
0.429468	-0.163945	-0.657142	-0.660012
0.429603	-0.163336	-0.658658	-0.659046
0.429483	-0.160707	-0.658343	-0.657404
0.429658	-0.161382	-0.660117	-0.658045
0.429471	-0.160586	-0.659736	-0.659745
0.429501	-0.160769	-0.659221	-0.659195
0.429561	-0.160854	-0.659434	-0.660144
0.429540	-0.159251	-0.659737	-0.659787
0.429483	-0.160225	-0.659764	-0.658343
0.429633	-0.160261	-0.660088	-0.659626
0.429527	-0.159032	-0.660405	-0.660404
0.429481	-0.159457	-0.661720	-0.659842
0.429536	-0.160440	-0.660692	-0.660377
0.429585	-0.161707	-0.659813	-0.661301
0.429509	-0.161809	-0.659334	-0.659668
0.429586	-0.161787	-0.657915	-0.659924
0.429586	-0.162716	-0.658905	-0.659372
0.429590	-0.164121	-0.658297	-0.659675
0.429465	-0.163543	-0.657138	-0.658982
0.429595	-0.164310	-0.656694	-0.659392
0.429457	-0.165568	-0.656968	-0.660364
0.429631	-0.165019	-0.657245	-0.660560
0.429394	-0.165566	-0.656310	-0.660615
0.429789	-0.167376	-0.656356	-0.660651
0.429136	-0.165375	-0.654805	-0.660153
0.431529	-0.168292	-0.654802	-0.659481
0.434824	-0.167710	-0.655654	-0.659562
0.434213	-0.166046	-0.656040	-0.659173
0.434685	-0.167193	-0.655592	-0.659676
0.434357	-0.167207	-0.654228	-0.657687
0.434647	-0.168007	-0.654281	-0.657790
0.434446	-0.166850	-0.655442	-0.658910
0.434479	-0.167033	-0.654121	-0.659521
0.434478	-0.168311	-0.655362	-0.659958
0.434572	-0.167761	-0.655163	-0.659758
0.434529	-0.165630	-0.652248	-0.659723
0.434349	-0.167953	-0.653083	-0.658951
0.430024	-0.166757	-0.652833	-0.657543
0.429450	-0.166387	-0.652753	-0.660907
0.429593	-0.167855	-0.653311	-0.659868
0.429509	-0.167632	-0.653153	-0.660741
0.429530	-0.166656	-0.651512	-0.660943
0.429567	-0.167656	-0.653644	-0.658665
0.429502	-0.170953	-0.652258	-0.658330
0.429483	-0.170002	-0.650683	-0.659278
0.429841	-0.169526	-0.651165	-0.658842
0.434071	-0.170063	-0.651241	-0.659160
0.434653	-0.169534	-0.651947	-0.658518
0.434433	-0.169955	-0.649313	-0.658383
0.434517	-0.170441	-0.650134	-0.658729
0.434540	-0.171014	-0.648062	-0.659410
0.434535	-0.170230	-0.648849	-0.660675
0.434539	-0.169718	-0.649511	-0.660388
0.434507	-0.170432	-0.650181	-0.659783
0.434504	-0.169587	-0.650023	-0.660690
0.434545	-0.169676	-0.649384	-0.660526
0.434502	-0.169121	-0.649893	-0.660713
0.434484	-0.168371	-0.649878	-0.659536
0.434465	-0.167815	-0.651319	-0.659691
0.434539	-0.167084	-0.649649	-0.659485
0.434532	-0.167486	-0.650070	-0.659970
0.434469	-0.167287	-0.650783	-0.659604
0.434527	-0.167199	-0.649566	-0.659312
0.434456	-0.166481	-0.649311	-0.659194
0.434548	-0.167625	-0.649033	-0.660617
0.434461	-0.168222	-0.648191	-0.659968
0.434632	-0.167995	-0.649305	-0.659244
0.434489	-0.168644	-0.646211	-0.658269
0.434588	-0.167387	-0.647066	-0.659030
0.434386	-0.170236	-0.646419	-0.658509
0.434675	-0.167835	-0.644150	-0.659263
0.434318	-0.169276	-0.644307	-0.659962
0.434928	-0.169804	-0.644745	-0.658541
0.431928	-0.170305	-0.645705	-0.660898
0.428984	-0.168803	-0.645501	-0.658609
0.430274	-0.169643	-0.644945	-0.658035
0.434212	-0.169325	-0.645786	-0.660616
0.434607	-0.168606	-0.643916	-0.658856
0.434482	-0.168073	-0.647386	-0.658568
0.434614	-0.166879	-0.646949	-0.659582
0.434513	-0.166193	-0.647156	-0.660176
0.434525	-0.164682	-0.647995	-0.661632
0.434488	-0.163443	-0.647691	-0.658680
0.434574	-0.164765	-0.649019	-0.658243
0.434500	-0.164265	-0.647909	-0.659343
0.434520	-0.165051	-0.649004	-0.659420
0.434478	-0.165929	-0.647891	-0.658078
0.434503	-0.165916	-0.650208	-0.658308
0.434532	-0.165872	-0.649058	-0.659381
0.434607	-0.164831	-0.649499	-0.660635
0.434519	-0.167309	-0.650265	-0.659338
0.434553	-0.166640	-0.650012	-0.659841
0.434542	-0.164174	-0.650690	-0.659379
0.434518	-0.164937	-0.649898	-0.660035
0.434523	-0.164762	-0.651635	-0.658928
0.434507	-0.165692	-0.652595	-0.658583
0.434471	-0.164815	-0.651660	-0.659978
0.434451	-0.161908	-0.653021	-0.658409
0.434514	-0.164055	-0.653673	-0.658073
0.434571	-0.163130	-0.653159	-0.660251
0.434538	-0.165920	-0.652778	-0.660560
0.434484	-0.165384	-0.651917	-0.659445
0.434530	-0.165238	-0.651940	-0.659476
0.434542	-0.165914	-0.650501	-0.658679
0.434492	-0.166829	-0.650672	-0.658013
0.434515	-0.166606	-0.650226	-0.658186
0.434502	-0.164975	-0.650007	-0.660328
0.434490	-0.164196	-0.651334	-0.658853
0.434530	-0.164722	-0.651298	-0.659663
0.434509	-0.163405	-0.651235	-0.659817
0.434485	-0.164020	-0.652586	-0.659079
0.434463	-0.165383	-0.653175	-0.661582
0.434533	-0.164916	-0.654001	-0.659948
0.434495	-0.162607	-0.653046	-0.659303
0.434571	-0.163593	-0.652107	-0.659412
0.434524	-0.164694	-0.652754	-0.659421
0.434552	-0.161834	-0.653417	-0.659135
0.434502	-0.162279	-0.652561	-0.658178
0.434508	-0.161670	-0.652118	-0.659331
0.434544	-0.163344	-0.653286	-0.659287
0.434530	-0.163636	-0.652735	-0.660005
0.434604	-0.161767	-0.653273	-0.658608
0.434553	-0.162026	-0.652928	-0.660369
0.434535	-0.162057	-0.653084	-0.658976
0.434524	-0.161529	-0.653405	-0.660033
0.434449	-0.161763	-0.653792	-0.659941
0.434532	-0.162809	-0.653697	-0.660273
0.434530	-0.161568	-0.652838	-0.658985
0.434558	-0.162572	-0.653646	-0.659336
0.434532	-0.162042	-0.653299	-0.659550
0.434544	-0.162607	-0.652403	-0.660347
0.434532	-0.162480	-0.653460	-0.659824
0.434547	-0.163846	-0.652947	-0.658331
0.434512	-0.163437	-0.654332	-0.658565
0.434471	-0.164089	-0.654056	-0.659341
0.434485	-0.164005	-0.654085	-0.659202
0.434561	-0.163643	-0.653453	-0.658655
0.434542	-0.163941	-0.652579	-0.659051
0.434482	-0.164223	-0.652754	-0.659794
0.434530	-0.165511	-0.652158	-0.657846
0.434525	-0.167501	-0.652480	-0.660646
0.434469	-0.167006	-0.651531	-0.658822
0.434563	-0.166667	-0.650507	-0.658248
0.434507	-0.168423	-0.651599	-0.659144
0.434535	-0.168625	-0.648603	-0.657867
0.434569	-0.168495	-0.649156	-0.659668
0.434522	-0.168696	-0.651488	-0.659247
0.434527	-0.170307	-0.649384	-0.660804
0.434548	-0.169325	-0.648465	-0.659732
0.434573	-0.168545	-0.651155	-0.659239
0.434558	-0.169411	-0.648759	-0.660560
0.434522	-0.169791	-0.648776	-0.659763
0.434571	-0.168848	-0.648341	-0.658611
0.434478	-0.169581	-0.647111	-0.660033
0.434515	-0.169577	-0.647932	-0.661269
0.434478	-0.169461	-0.648316	-0.658966
0.434455	-0.170167	-0.648648	-0.660342
0.434544	-0.169137	-0.647078	-0.660039
0.434527	-0.170216	-0.647701	-0.659397
0.434460	-0.169019	-0.647111	-0.659561
0.434502	-0.169280	-0.648929	-0.661564
0.434552	-0.169070	-0.649245	-0.659869
0.434569	-0.165810	-0.649766	-0.659838
0.434456	-0.166434	-0.650333	-0.661473
0.434509	-0.167426	-0.650285	-0.658353
0.434520	-0.167051	-0.648872	-0.659312
0.434504	-0.164906	-0.649362	-0.661156
0.434515	-0.163604	-0.650597	-0.659837
0.434522	-0.163069	-0.651421	-0.659635
0.434547	-0.163136	-0.651293	-0.659710
0.434474	-0.165093	-0.651952	-0.659462
0.434566	-0.163207	-0.651364	-0.660512
0.434509	-0.163226	-0.652823	-0.658525
0.434430	-0.161769	-0.652034	-0.658595
0.434557	-0.162797	-0.651576	-0.658965
0.434532	-0.162722	-0.652837	-0.659080
0.434609	-0.162585	-0.652203	-0.659685
0.434449	-0.161898	-0.653918	-0.659747
0.434410	-0.162518	-0.653049	-0.659480
0.434500	-0.162319	-0.653448	-0.659443
0.434548	-0.160545	-0.654873	-0.658431
0.434471	-0.161516	-0.654017	-0.659284
0.434558	-0.162015	-0.653855	-0.659851
0.434519	-0.161495	-0.652150	-0.659497
0.434538	-0.161705	-0.653388	-0.658432
0.434558	-0.159223	-0.654182	-0.659690
0.434487	-0.159536	-0.653065	-0.659842
0.434493	-0.160290	-0.652799	-0.659762
0.434502	-0.162405	-0.653578	-0.659401
0.434529	-0.161101	-0.654254	-0.659213
0.434460	-0.163131	-0.653539	-0.659041
0.434642	-0.163070	-0.650947	-0.659730
0.434528	-0.162727	-0.650642	-0.659684
0.438569	-0.165262	-0.650491	-0.659535
0.439634	-0.165959	-0.650412	-0.659577
0.439404	-0.166896	-0.648989	-0.658987
0.439587	-0.167490	-0.649473	-0.659138
0.439408	-0.168264	-0.649063	-0.659605
0.439497	-0.169616	-0.648291	-0.660885
0.439424	-0.169679	-0.648192	-0.660096
0.439447	-0.169965	-0.646964	-0.659356
0.439403	-0.170996	-0.648314	-0.658891
0.439590	-0.171314	-0.646774	-0.660654
0.439373	-0.171768	-0.647554	-0.660562
0.439624	-0.171511	-0.645627	-0.659695
0.439304	-0.171498	-0.646930	-0.658229
0.439496	-0.173045	-0.644847	-0.660378
0.439353	-0.172325	-0.645689	-0.658920
0.439625	-0.172351	-0.645943	-0.660134
0.439293	-0.172592	-0.646916	-0.661038
0.439718	-0.172053	-0.647355	-0.658373
0.439083	-0.170128	-0.647374	-0.661241
0.439984	-0.169073	-0.646550	-0.659698
0.437223	-0.168403	-0.648180	-0.659501
0.434431	-0.168691	-0.648122	-0.659150
0.434347	-0.167742	-0.648628	-0.660686
0.436517	-0.168388	-0.649964	-0.658769
0.439891	-0.167495	-0.647826	-0.658135
0.439275	-0.166108	-0.648325	-0.659496
0.439556	-0.167845	-0.649007	-0.659596
0.439496	-0.166548	-0.648260	-0.661185
0.439318	-0.165825	-0.648803	-0.661390
0.439628	-0.167195	-0.648295	-0.659509
0.434873	-0.166989	-0.648418	-0.660551
0.436256	-0.166606	-0.649370	-0.660657
0.435531	-0.167515	-0.647771	-0.660532
0.434098	-0.167204	-0.648320	-0.658623
0.434781	-0.168045	-0.646748	-0.659114
0.434355	-0.168390	-0.647935	-0.659812
0.434672	-0.169267	-0.646479	-0.660411
0.434352	-0.168453	-0.646089	-0.660215
0.434564	-0.169670	-0.645359	-0.659284
0.434441	-0.169221	-0.645891	-0.658791
0.434505	-0.167819	-0.647072	-0.658684
0.434431	-0.167338	-0.645852	-0.659963
0.434478	-0.165294	-0.647950	-0.659724
0.434449	-0.163080	-0.647806	-0.659540
0.434454	-0.163169	-0.649744	-0.660531
0.434681	-0.162655	-0.650223	-0.659826
0.438679	-0.162665	-0.650723	-0.658178
0.440026	-0.162429	-0.651031	-0.659866
0.436931	-0.162159	-0.652290	-0.659901
0.434127	-0.160287	-0.652280	-0.658673
0.434671	-0.160290	-0.652576	-0.659814
0.434305	-0.161516	-0.651985	-0.660392
0.434716	-0.160837	-0.651665	-0.659829
0.434350	-0.161259	-0.652416	-0.661227
0.434599	-0.159320	-0.652887	-0.661045
0.434445	-0.160733	-0.653007	-0.659817
0.434487	-0.161193	-0.651512	-0.659577
0.434483	-0.161873	-0.652357	-0.660332
0.434519	-0.160755	-0.654563	-0.659388
0.434449	-0.160610	-0.651981	-0.658650
0.434513	-0.162294	-0.653177	-0.660330
0.434549	-0.163150	-0.651597	-0.661227
0.434517	-0.164553	-0.650397	-0.659422
0.434515	-0.163947	-0.652467	-0.659912
0.434545	-0.165208	-0.652641	-0.659947
0.434545	-0.163383	-0.651757	-0.660432
0.434473	-0.165106	-0.650897	-0.659140
0.434512	-0.163649	-0.651510	-0.660657
0.434485	-0.163791	-0.651525	-0.660649
0.434947	-0.164310	-0.651452	-0.661111
0.439243	-0.164050	-0.651942	-0.659313
0.439483	-0.161978	-0.652802	-0.659729
0.439422	-0.161939	-0.650238	-0.660233
0.439446	-0.163124	-0.651508	-0.659010
0.439491	-0.163278	-0.653536	-0.659551
0.439477	-0.164725	-0.651977	-0.661152
0.439503	-0.166620	-0.650933	-0.660269
0.439520	-0.168167	-0.651087	-0.659882
0.439445	-0.167789	-0.650045	-0.661155
0.439473	-0.168905	-0.649581	-0.658942
0.439557	-0.171272	-0.650119	-0.658520
0.439446	-0.170568	-0.648463	-0.659268
0.439411	-0.169391	-0.649562	-0.658980
0.439486	-0.169842	-0.649775	-0.658900
0.439550	-0.168516	-0.648825	-0.659643
0.439532	-0.168918	-0.648274	-0.658395
0.439472	-0.168979	-0.648385	-0.659678
0.439495	-0.168089	-0.650981	-0.659998
0.439447	-0.164634	-0.649714	-0.659230
0.439392	-0.165940	-0.650929	-0.658467
0.439465	-0.164478	-0.652368	-0.661450
0.439350	-0.163582	-0.650908	-0.659314
0.439513	-0.161271	-0.651610	-0.658931
0.439451	-0.161793	-0.652821	-0.659289
0.439501	-0.161817	-0.653913	-0.660164
0.439412	-0.161667	-0.652814	-0.658244
0.439534	-0.159421	-0.652134	-0.660017
0.439452	-0.161575	-0.653090	-0.661113
0.439486	-0.160178	-0.651607	-0.659948
0.439393	-0.159948	-0.652257	-0.659111
0.439556	-0.156657	-0.654377	-0.660373
0.439313	-0.157588	-0.653352	-0.659821
0.439633	-0.158187	-0.651352	-0.659481
0.439184	-0.157234	-0.651419	-0.659066
0.439891	-0.157670	-0.651438	-0.659203
0.436308	-0.157831	-0.651016	-0.660329
0.434188	-0.159824	-0.651121	-0.659338
0.434668	-0.159822	-0.651930	-0.661002
0.434439	-0.159198	-0.651343	-0.661336
0.434375	-0.159037	-0.652146	-0.659950
0.435358	-0.160460	-0.651284	-0.660596
0.439650	-0.158889	-0.651814	-0.660652
0.439284	-0.160723	-0.649795	-0.660132
0.439566	-0.159991	-0.650814	-0.659797
0.439413	-0.158890	-0.650594	-0.658039
0.439570	-0.159288	-0.650496	-0.659119
0.439394	-0.159114	-0.650992	-0.659133
0.439487	-0.157299	-0.653466	-0.659581
0.439417	-0.157984	-0.652149	-0.659458
0.439482	-0.158030	-0.651846	-0.659273
0.439441	-0.157426	-0.650553	-0.659877
0.439532	-0.157583	-0.650557	-0.658412
0.439458	-0.156963	-0.650542	-0.658703
0.439496	-0.157377	-0.651105	-0.658526
0.439466	-0.158978	-0.651956	-0.660650
0.439512	-0.158726	-0.651279	-0.659286
0.439529	-0.159119	-0.651564	-0.660170
0.439539	-0.158890	-0.651511	-0.660137
0.439461	-0.159666	-0.652881	-0.659813
0.439485	-0.159098	-0.651955	-0.660771
0.439413	-0.160939	-0.651958	-0.660094
0.439490	-0.161287	-0.651775	-0.659955
0.439468	-0.161536	-0.651947	-0.658515
0.439466	-0.165190	-0.651206	-0.659757
0.439468	-0.165557	-0.648632	-0.660344
0.439526	-0.165665	-0.648908	-0.659120
0.439441	-0.167029	-0.648316	-0.659017
0.439447	-0.170064	-0.646941	-0.659805
0.439515	-0.169716	-0.646357	-0.659596
0.439448	-0.170338	-0.646389	-0.659640
0.439496	-0.170967	-0.644800	-0.659691
0.439452	-0.171167	-0.646192	-0.658949
0.439507	-0.171401	-0.646529	-0.658238
0.439467	-0.172373	-0.645446	-0.660006
0.439432	-0.171437	-0.644387	-0.659849
0.439398	-0.172884	-0.644877	-0.659505
0.439486	-0.172342	-0.645397	-0.658738
0.439436	-0.171667	-0.641803	-0.657768
0.439424	-0.172236	-0.642777	-0.659678
0.439505	-0.173494	-0.643144	-0.659758
0.439403	-0.171854	-0.643192	-0.659701
0.439497	-0.172754	-0.643424	-0.659213
0.439535	-0.172065	-0.643005	-0.660211
0.439446	-0.171978	-0.644461	-0.659458
0.439397	-0.169270	-0.644333	-0.661844
0.439512	-0.168000	-0.645293	-0.660746
0.439468	-0.169940	-0.644817	-0.659205
0.439551	-0.168500	-0.646332	-0.660536
0.439377	-0.166168	-0.645667	-0.658833
0.439610	-0.164533	-0.645890	-0.659546
0.439394	-0.165155	-0.646092	-0.659472
0.439653	-0.164823	-0.645332	-0.658580
0.435579	-0.165210	-0.647010	-0.661306
0.434267	-0.164388	-0.648183	-0.658129
0.434681	-0.162619	-0.648457	-0.659133
0.434480	-0.161435	-0.646721	-0.660243
0.434626	-0.160336	-0.647722	-0.660363
0.434454	-0.161306	-0.650394	-0.659061
0.434563	-0.159813	-0.649934	-0.659049
0.434507	-0.157966	-0.649419	-0.660305
0.434532	-0.156494	-0.649547	-0.660253
0.434473	-0.157563	-0.650787	-0.658378
0.434562	-0.157972	-0.650570	-0.659613
0.434443	-0.159102	-0.650956	-0.659972
0.434470	-0.158524	-0.651669	-0.659411
0.434443	-0.156327	-0.650630	-0.660072
0.434507	-0.157067	-0.650815	-0.660180
0.434430	-0.157115	-0.651358	-0.658776
0.434609	-0.156015	-0.652091	-0.659348
0.434392	-0.155960	-0.651382	-0.658331
0.434596	-0.157009	-0.652445	-0.658890
0.434428	-0.157065	-0.652319	-0.659836
0.434687	-0.156212	-0.651141	-0.660357
0.434404	-0.155817	-0.651026	-0.659183
0.438679	-0.156469	-0.651272	-0.658509
0.439503	-0.156671	-0.649760	-0.659486
0.439502	-0.156205	-0.651770	-0.659483
0.435225	-0.155765	-0.651368	-0.659076
0.434464	-0.156258	-0.652013	-0.661300
0.434262	-0.157396	-0.652084	-0.660151
0.436245	-0.156720	-0.651488	-0.659064
0.439891	-0.157665	-0.651116	-0.658682
0.439240	-0.157084	-0.651790	-0.658307
0.439594	-0.158284	-0.652887	-0.659483
0.439439	-0.158912	-0.652530	-0.660354
0.439566	-0.159261	-0.651303	-0.660028
0.439431	-0.159219	-0.649289	-0.658350
0.439567	-0.160068	-0.650265	-0.658687
0.439416	-0.161012	-0.648879	-0.658338
0.439476	-0.160303	-0.649788	-0.659407
0.439376	-0.161525	-0.648615	-0.658764
0.439497	-0.159875	-0.649867	-0.659223
0.439460	-0.160538	-0.649745	-0.660111
0.439492	-0.159265	-0.649076	-0.659866
0.439477	-0.159128	-0.648933	-0.659596
0.439502	-0.159655	-0.648682	-0.659530
0.439493	-0.158770	-0.649481	-0.659542
0.439434	-0.157686	-0.650684	-0.659363
0.439554	-0.157476	-0.648381	-0.659128
0.439457	-0.157780	-0.650487	-0.660323
0.439501	-0.158804	-0.651605	-0.660026
0.439409	-0.157446	-0.650865	-0.659096
0.439524	-0.157407	-0.652702	-0.659395
0.439437	-0.158619	-0.652492	-0.660025
0.439513	-0.159991	-0.652259	-0.659405
0.439439	-0.159271	-0.653496	-0.660635
0.439443	-0.158163	-0.653338	-0.659582
0.439403	-0.159286	-0.653522	-0.659980
0.439516	-0.156740	-0.655140	-0.659084
0.439431	-0.155738	-0.655152	-0.660423
0.439487	-0.156135	-0.655587	-0.658722
0.439357	-0.154823	-0.656562	-0.658611
0.439641	-0.152117	-0.656479	-0.659020
0.439304	-0.154808	-0.656441	-0.659803
0.439707	-0.151426	-0.657705	-0.659576
0.438977	-0.150893	-0.657911	-0.658789
0.441807	-0.149552	-0.657910	-0.660733
0.445021	-0.149923	-0.658646	-0.660260
0.444342	-0.148602	-0.659153	-0.660288
0.444716	-0.149030	-0.658384	-0.659694
0.444512	-0.147542	-0.659117	-0.659318
0.444688	-0.148811	-0.659721	-0.659104
0.444583	-0.148095	-0.660250	-0.659941
0.444663	-0.150202	-0.661690	-0.659135
0.444470	-0.149658	-0.662011	-0.658796
0.444629	-0.150918	-0.660256	-0.659843
0.444553	-0.150790	-0.660482	-0.659487
0.444635	-0.148486	-0.661820	-0.659497
0.444563	-0.148716	-0.662246	-0.659001
0.444594	-0.150396	-0.660934	-0.658300
0.444601	-0.148564	-0.660522	-0.660790
0.444626	-0.149758	-0.662335	-0.658863
0.444563	-0.149718	-0.660578	-0.659478
0.444564	-0.149192	-0.660645	-0.660630
0.444535	-0.149915	-0.660080	-0.660672
0.444627	-0.149343	-0.662307	-0.659377
0.444561	-0.149222	-0.660903	-0.658783
0.444559	-0.147938	-0.662085	-0.658538
0.444647	-0.149310	-0.663942	-0.659286
0.444596	-0.150329	-0.661452	-0.659264
0.444663	-0.150121	-0.663887	-0.657478
0.444510	-0.149705	-0.661019	-0.660139
0.444781	-0.151740	-0.661152	-0.659601
0.444420	-0.149897	-0.661652	-0.659917
0.444805	-0.150242	-0.660860	-0.659947
0.444209	-0.148490	-0.661596	-0.659567
0.447354	-0.150167	-0.661947	-0.659410
0.449986	-0.150784	-0.662926	-0.658757
0.449339	-0.150914	-0.662527	-0.660323
0.449690	-0.149223	-0.661637	-0.660220
0.449383	-0.149564	-0.662521	-0.659354
0.449680	-0.150888	-0.664401	-0.660097
0.449483	-0.146769	-0.664133	-0.659425
0.449626	-0.148581	-0.665581	-0.660381
0.449508	-0.146836	-0.666241	-0.660994
0.449571	-0.146258	-0.664631	-0.658736
0.449620	-0.148256	-0.665991	-0.660254
0.449576	-0.145088	-0.665926	-0.657544
0.449569	-0.145294	-0.666009	-0.661176
0.449587	-0.143898	-0.666466	-0.660223
0.449549	-0.145214	-0.665999	-0.659755
0.449556	-0.145737	-0.665223	-0.660022
0.449635	-0.144493	-0.666726	-0.657500
0.449493	-0.145355	-0.665721	-0.660007
0.449572	-0.146233	-0.666788	-0.659412
0.449589	-0.145397	-0.666660	-0.659739
0.449581	-0.145595	-0.664999	-0.660362
0.449559	-0.146760	-0.665536	-0.661276
0.449544	-0.146209	-0.665194	-0.659878
0.449547	-0.148271	-0.663658	-0.660131
0.449539	-0.146765	-0.664163	-0.660120
0.449529	-0.148453	-0.663844	-0.658965
0.449545	-0.148361	-0.664306	-0.661037
0.449487	-0.148517	-0.664626	-0.660810
0.449552	-0.149887	-0.663891	-0.660606
0.449569	-0.150610	-0.665026	-0.659080
0.449580	-0.150748	-0.664145	-0.660561
0.449556	-0.150638	-0.662277	-0.660369
0.449668	-0.150727	-0.663353	-0.657537
0.449518	-0.151420	-0.662156	-0.660319
0.449584	-0.150538	-0.662117	-0.659307
0.449565	-0.151812	-0.662545	-0.657895
0.449572	-0.151111	-0.662726	-0.658505
0.449483	-0.151073	-0.662434	-0.660121
0.449609	-0.151410	-0.661503	-0.658350
0.449501	-0.150982	-0.662980	-0.659158
0.449594	-0.152010	-0.662387	-0.659631
0.449477	-0.151883	-0.661832	-0.659416
0.449772	-0.152028	-0.662300	-0.659105
0.449320	-0.151729	-0.662136	-0.658234
0.452875	-0.151574	-0.662079	-0.660452
0.455065	-0.153519	-0.662720	-0.659748
0.453640	-0.153798	-0.661141	-0.659154
0.449279	-0.152423	-0.660428	-0.659884
0.452963	-0.153394	-0.661360	-0.659327
0.454983	-0.153862	-0.661002	-0.659401
0.454325	-0.154972	-0.659964	-0.659348
0.454766	-0.155036	-0.659287	-0.659524
0.454545	-0.154379	-0.660785	-0.660376
0.454739	-0.154910	-0.659791	-0.659264
0.454514	-0.155277	-0.660867	-0.658759
0.454712	-0.156000	-0.660557	-0.659561
0.454637	-0.154846	-0.660638	-0.659083
0.454769	-0.157346	-0.660473	-0.659455
0.454592	-0.156576	-0.659682	-0.659610
0.454678	-0.155675	-0.658761	-0.659398
0.454543	-0.157920	-0.657577	-0.657732
0.454633	-0.157627	-0.658512	-0.659369
0.454552	-0.158064	-0.658431	-0.660263
0.454628	-0.159320	-0.658124	-0.660151
0.454636	-0.159250	-0.658685	-0.658203
0.454588	-0.159060	-0.657988	-0.657349
0.454592	-0.158783	-0.659702	-0.660885
0.454586	-0.156631	-0.658121	-0.658149
0.454557	-0.155635	-0.658440	-0.659331
0.454639	-0.156556	-0.659252	-0.661303
0.454660	-0.157483	-0.658256	-0.659329
0.454621	-0.155904	-0.658567	-0.659571
0.454567	-0.157448	-0.659572	-0.659566
0.454668	-0.156084	-0.658119	-0.658840
0.454648	-0.155548	-0.659313	-0.659486
0.454594	-0.154986	-0.660324	-0.659903
0.454596	-0.155563	-0.659048	-0.660110
0.454653	-0.155284	-0.661808	-0.659024
0.454646	-0.154972	-0.660519	-0.659425
0.454577	-0.155134	-0.662413	-0.658739
0.454673	-0.154435	-0.661275	-0.658915
0.454656	-0.154310	-0.660415	-0.657714
0.454633	-0.153529	-0.659066	-0.658811
0.454658	-0.152380	-0.661719	-0.658565
0.454633	-0.153545	-0.662203	-0.657717
0.454598	-0.155433	-0.660778	-0.659768
0.454513	-0.153435	-0.662610	-0.659106
0.454537	-0.151012	-0.660997	-0.659586
0.454658	-0.152675	-0.661642	-0.660418
0.454675	-0.152260	-0.660338	-0.659182
0.454652	-0.153220	-0.660923	-0.658576
0.454631	-0.151307	-0.661255	-0.660511
0.454641	-0.151535	-0.661003	-0.659338
0.454619	-0.151195	-0.663639	-0.659968
0.454671	-0.151495	-0.662408	-0.657989
0.454621	-0.151113	-0.662817	-0.660210
0.454645	-0.150845	-0.662135	-0.658828
0.454598	-0.150923	-0.663334	-0.659393
0.454621	-0.151188	-0.665942	-0.658258
0.454593	-0.150734	-0.664557	-0.658266
0.454586	-0.150089	-0.664878	-0.659458
0.454636	-0.149914	-0.665941	-0.659956
0.454573	-0.151478	-0.663940	-0.659120
0.454683	-0.150242	-0.665442	-0.658748
0.454577	-0.150061	-0.664476	-0.660429
0.454589	-0.151180	-0.666239	-0.660497
0.454681	-0.150834	-0.664007	-0.657974
0.454626	-0.151132	-0.663310	-0.660298
0.454603	-0.150202	-0.665149	-0.659644
0.454631	-0.150857	-0.664284	-0.658969
0.454637	-0.150941	-0.662258	-0.660427
0.454562	-0.151584	-0.663308	-0.660210
0.454661	-0.152249	-0.663233	-0.659800
0.454522	-0.151311	-0.663966	-0.658751
0.454658	-0.150768	-0.662715	-0.659792
0.454581	-0.151723	-0.663011	-0.659267
0.454687	-0.149581	-0.661953	-0.660199
0.454563	-0.150449	-0.662360	-0.659501
0.454757	-0.151901	-0.662913	-0.658895
0.454444	-0.150769	-0.661486	-0.660355
0.454951	-0.149898	-0.662299	-0.658784
0.454233	-0.150102	-0.661082	-0.659253
0.456594	-0.151012	-0.662922	-0.657821
0.459967	-0.150510	-0.662446	-0.661006
0.459515	-0.151585	-0.662053	-0.658482
0.459723	-0.150962	-0.661394	-0.659029
0.459579	-0.151138	-0.661641	-0.660932
0.459709	-0.150944	-0.661215	-0.659293
0.459581	-0.150773	-0.662609	-0.657871
0.459680	-0.151039	-0.663831	-0.657770
0.459669	-0.148710	-0.662340	-0.660500
0.459643	-0.148851	-0.661879	-0.659242
0.459681	-0.149356	-0.664247	-0.659190
0.459569	-0.147145	-0.665150	-0.658938
0.459784	-0.150386	-0.665392	-0.659480
0.459472	-0.149300	-0.662602	-0.659257
0.460084	-0.147868	-0.664015	-0.659359
0.457591	-0.151068	-0.664535	-0.658411
0.454242	-0.151146	-0.665476	-0.659712
0.454840	-0.150969	-0.664544	-0.660226
0.454505	-0.148776	-0.665734	-0.658811
0.454767	-0.148473	-0.666526	-0.658860
0.454641	-0.149301	-0.666731	-0.659808
0.459098	-0.149014	-0.665860	-0.659694
0.459738	-0.149059	-0.666477	-0.657292
0.459630	-0.149969	-0.667009	-0.658846
0.459645	-0.148534	-0.666917	-0.659793
0.459753	-0.148502	-0.666686	-0.661265
0.459658	-0.149151	-0.666652	-0.659354
0.459679	-0.147885	-0.667830	-0.658798
0.459742	-0.148681	-0.667009	-0.658315
0.459595	-0.149099	-0.669771	-0.659646
0.459656	-0.147850	-0.668849	-0.660594
0.459683	-0.148654	-0.667772	-0.658907
0.459688	-0.148298	-0.668300	-0.659172
0.459684	-0.149094	-0.669885	-0.659200
0.459615	-0.150345	-0.668712	-0.659167
0.459624	-0.149560	-0.670366	-0.659068
0.459664	-0.149321	-0.670497	-0.659054
0.459669	-0.150914	-0.669275	-0.659683
0.459664	-0.153837	-0.666939	-0.658846
0.459693	-0.153981	-0.668780	-0.660080
0.459714	-0.154792	-0.665867	-0.660510
0.459666	-0.154079	-0.665560	-0.658499
0.459683	-0.155293	-0.667291	-0.659547
0.459659	-0.155388	-0.666145	-0.660131
0.459640	-0.155259	-0.665584	-0.659011
0.459687	-0.153694	-0.667188	-0.659104
0.459700	-0.154104	-0.665964	-0.660119
0.459705	-0.153462	-0.666194	-0.659460
0.459620	-0.154500	-0.667451	-0.659054
0.459717	-0.152434	-0.667068	-0.660051
0.459626	-0.153354	-0.667613	-0.658183
0.459661	-0.153930	-0.667382	-0.657320
0.459659	-0.153152	-0.665856	-0.659155
0.459644	-0.152404	-0.668616	-0.659163
0.459654	-0.151529	-0.668491	-0.659131
0.459616	-0.152967	-0.668939	-0.658908
0.459674	-0.151091	-0.668505	-0.659415
0.459670	-0.152055	-0.668129	-0.660488
0.459660	-0.151888	-0.668856	-0.659611
0.459631	-0.152016	-0.667928	-0.659163
0.459685	-0.152654	-0.668108	-0.659950
0.459693	-0.152400	-0.666861	-0.659995
0.459681	-0.152081	-0.666182	-0.660035
0.459602	-0.152713	-0.668535	-0.659975
0.459735	-0.152214	-0.666545	-0.659956
0.459607	-0.150794	-0.668230	-0.658049
0.459674	-0.151605	-0.666785	-0.659555
0.459551	-0.150027	-0.667668	-0.659742
0.459712	-0.149695	-0.667370	-0.658920
0.459705	-0.149338	-0.667615	-0.658932
0.459665	-0.148436	-0.668542	-0.658218
0.459749	-0.148823	-0.667227	-0.659783
0.459683	-0.149323	-0.667104	-0.659050
0.459665	-0.148932	-0.666084	-0.659650
0.459678	-0.147054	-0.669672	-0.658708
0.459661	-0.150439	-0.668075	-0.658580
0.459659	-0.148075	-0.668943	-0.659050
0.459628	-0.148402	-0.669349	-0.657387
0.459658	-0.149496	-0.666236	-0.659307
0.459655	-0.149109	-0.666942	-0.660180
0.459651	-0.148345	-0.669092	-0.660129
0.459670	-0.147671	-0.668095	-0.658267
0.459683	-0.149753	-0.667756	-0.660115
0.459678	-0.148322	-0.668305	-0.659343
0.459645	-0.149972	-0.668553	-0.660022
0.459630	-0.151122	-0.669034	-0.660713
0.459761	-0.149530	-0.668624	-0.659480
0.459628	-0.148863	-0.667390	-0.658808
0.459709	-0.148989	-0.668314	-0.660062
0.459663	-0.149028	-0.669455	-0.661217
0.459639	-0.149864	-0.667448	-0.659873
0.459703	-0.149162	-0.668733	-0.659225
0.459757	-0.149750	-0.667542	-0.657915
0.459713	-0.148103	-0.670314	-0.660231
0.459684	-0.148582	-0.668926	-0.661240
0.459635	-0.149032	-0.669483	-0.660485
0.459727	-0.150590	-0.669015	-0.658997
0.459609	-0.149212	-0.667637	-0.659886
0.459720	-0.149675	-0.668276	-0.659767
0.459656	-0.152844	-0.667608	-0.657963
0.459633	-0.153071	-0.667950	-0.658555
0.459592	-0.154204	-0.666212	-0.659408
0.459651	-0.151841	-0.666070	-0.659083
0.459683	-0.152883	-0.664565	-0.657396
0.459614	-0.153674	-0.666363	-0.658455
0.459625	-0.152707	-0.665768	-0.658202
0.459641	-0.151758	-0.666831	-0.660071
0.459621	-0.152002	-0.667247	-0.658781
0.459747	-0.151375	-0.666358	-0.658846
0.459681	-0.150770	-0.667835	-0.659113
0.459723	-0.151424	-0.665950	-0.658960
0.459620	-0.151575	-0.667031	-0.658664
0.459613	-0.152547	-0.665843	-0.658545
0.459660	-0.153230	-0.664786	-0.659390
0.459748	-0.152336	-0.667008	-0.658301
0.459594	-0.152529	-0.666875	-0.659385
0.459776	-0.150288	-0.666681	-0.658363
0.459589	-0.152737	-0.666850	-0.659287
0.459771	-0.151758	-0.666249	-0.658410
0.459541	-0.151389	-0.668564	-0.658632
0.459813	-0.149860	-0.668112	-0.660324
0.459439	-0.148545	-0.668011	-0.658695
0.459976	-0.148933	-0.667844	-0.659161
0.458514	-0.150471	-0.667762	-0.658821
0.454534	-0.147891	-0.667275	-0.658590
0.454710	-0.150521	-0.666404	-0.658375
0.454587	-0.150692	-0.666216	-0.659131
0.454661	-0.150271	-0.665073	-0.658427
0.454735	-0.151180	-0.666043	-0.659743
0.454320	-0.150212	-0.664555	-0.660079
0.458141	-0.152817	-0.662922	-0.658635
0.460067	-0.151669	-0.663458	-0.659653
0.459467	-0.153527	-0.662718	-0.659680
0.459742	-0.154193	-0.661025	-0.659307
0.459495	-0.152489	-0.662260	-0.659579
0.459767	-0.151384	-0.660774	-0.659287
0.459666	-0.151768	-0.662363	-0.657225
0.459738	-0.152030	-0.661694	-0.659346
0.459615	-0.151856	-0.662050	-0.660389
0.459749	-0.150600	-0.663016	-0.659529
0.459556	-0.149701	-0.662624	-0.659639
0.459728	-0.150066	-0.663025	-0.660228
0.459660	-0.147609	-0.663399	-0.659841
0.459631	-0.147338	-0.664245	-0.659941
0.459678	-0.146481	-0.662615	-0.657108
0.459679	-0.147724	-0.663559	-0.660082
0.459639	-0.145529	-0.663967	-0.657947
0.459713	-0.145922	-0.664150	-0.659098
0.459694	-0.146119	-0.664318	-0.661036
0.459724	-0.146259	-0.665895	-0.658660
0.459664	-0.145623	-0.665032	-0.658530
0.459680	-0.147326	-0.666048	-0.658525
0.459669	-0.147696	-0.664447	-0.658668
0.459643	-0.147611	-0.666614	-0.658949
0.459656	-0.146908	-0.665870	-0.658653
0.459625	-0.144226	-0.668658	-0.657563
0.459714	-0.145453	-0.666704	-0.658014
0.459640	-0.143054	-0.665972	-0.660853
0.459688	-0.142897	-0.666845	-0.659869
0.459600	-0.143415	-0.667473	-0.659074
0.459719	-0.143464	-0.669163	-0.658702
0.459671	-0.143979	-0.667330	-0.659417
0.459650	-0.143037	-0.668202	-0.659088
0.459695	-0.144035	-0.667563	-0.657991
0.459645	-0.144672	-0.666669	-0.657963
0.459661	-0.145044	-0.664294	-0.660804
0.459656	-0.146174	-0.665575	-0.659041
0.459700	-0.147550	-0.664650	-0.659571
0.459630	-0.147839	-0.665668	-0.659978
0.459626	-0.148665	-0.664197	-0.660119
0.459700	-0.148935	-0.663383	-0.659103
0.459685	-0.151078	-0.663336	-0.659507
0.459700	-0.149917	-0.662481	-0.658931
0.459683	-0.150305	-0.663942	-0.658011
0.459663	-0.151454	-0.660910	-0.660840
0.459630	-0.151196	-0.659883	-0.660285
0.459625	-0.150293	-0.662175	-0.658320
0.459640	-0.151623	-0.660275	-0.658184
0.459641	-0.152649	-0.661442	-0.658920
0.459640	-0.151055	-0.659473	-0.660102
0.459688	-0.153489	-0.661062	-0.659881
0.459650	-0.153553	-0.661923	-0.659894
0.459626	-0.152689	-0.659559	-0.658110
0.459683	-0.153211	-0.659789	-0.659912
0.459595	-0.154145	-0.660907	-0.660839
0.459688	-0.154954	-0.659641	-0.659219
0.459689	-0.154909	-0.658924	-0.659020
0.459620	-0.155354	-0.658866	-0.659913
0.459688	-0.155566	-0.659498	-0.658898
0.459628	-0.157281	-0.658260	-0.657549
0.459644	-0.155447	-0.656015	-0.659287
0.459693	-0.154756	-0.656153	-0.660219
0.459702	-0.155758	-0.655991	-0.659938
0.459689	-0.155959	-0.656688	-0.659254
0.459687	-0.154947	-0.656926	-0.658011
0.459552	-0.156090	-0.656704	-0.658732
0.459688	-0.155223	-0.657865	-0.660542
0.459663	-0.154911	-0.658077	-0.658891
0.459679	-0.154916	-0.658201	-0.659292
0.459718	-0.155457	-0.657461	-0.660231
0.459665	-0.154756	-0.656900	-0.659304
0.459668	-0.156702	-0.658411	-0.658089
0.459664	-0.154668	-0.658173	-0.658480
0.459733	-0.154727	-0.657415	-0.659606
0.459714	-0.154208	-0.657584	-0.660344
0.459737	-0.155345	-0.658355	-0.658481
0.459655	-0.153716	-0.658163	-0.658685
0.459643	-0.154562	-0.658673	-0.660064
0.459604	-0.157448	-0.657173	-0.657641
0.459663	-0.155785	-0.658938	-0.658297
0.459614	-0.155488	-0.658353	-0.658816
0.459678	-0.157677	-0.656756	-0.658290
0.459589	-0.155870	-0.657731	-0.659655
0.459666	-0.155895	-0.657499	-0.659504
0.459644	-0.156038	-0.658083	-0.659760
0.459668	-0.154906	-0.659292	-0.659096
0.459625	-0.154269	-0.660032	-0.658411
0.459648	-0.154827	-0.660058	-0.659505
0.459619	-0.153553	-0.659929	-0.658665
0.459681	-0.151712	-0.658309	-0.659277
0.459671	-0.151223	-0.661990	-0.658513
0.459616	-0.149685	-0.662213	-0.659045
0.459620	-0.151777	-0.661572	-0.659645
0.459643	-0.151778	-0.659536	-0.657605
0.459678	-0.150933	-0.662854	-0.659273
0.459728	-0.152933	-0.661640	-0.658836
0.459635	-0.151838	-0.662843	-0.658296
0.459698	-0.151864	-0.662109	-0.659311
0.459664	-0.152486	-0.662277	-0.660667
0.459629	-0.152365	-0.662095	-0.660213
0.459724	-0.151934	-0.660818	-0.659646
0.459615	-0.152728	-0.660200	-0.657030
0.459671	-0.151902	-0.660725	-0.659649
0.459737	-0.152821	-0.662611	-0.659985
0.459635	-0.152474	-0.662391	-0.658558
0.459689	-0.152131	-0.662437	-0.659788
0.459739	-0.152771	-0.662070	-0.658564
0.459630	-0.152560	-0.660625	-0.659242
0.459609	-0.152965	-0.660976	-0.658959
0.459680	-0.151541	-0.662140	-0.658124
0.459692	-0.151580	-0.664262	-0.657164
0.459697	-0.148899	-0.663930	-0.659213
0.459653	-0.148333	-0.664076	-0.660091
0.459668	-0.149066	-0.663789	-0.659392
0.459650	-0.146658	-0.664749	-0.659011
0.459674	-0.146714	-0.665312	-0.660655
0.459698	-0.148085	-0.666070	-0.658460
0.459735	-0.146944	-0.665170	-0.658867
0.459634	-0.148323	-0.664522	-0.658836
0.459628	-0.148392	-0.664428	-0.659570
0.459660	-0.148940	-0.666113	-0.661113
0.459665	-0.148115	-0.667189	-0.660399
0.459704	-0.147969	-0.664861	-0.660447
0.459624	-0.147329	-0.665895	-0.659520
0.459671	-0.147125	-0.665688	-0.658863
0.459710	-0.146523	-0.665430	-0.659108
0.459690	-0.145685	-0.667915	-0.658835
0.459554	-0.145383	-0.668567	-0.658013
0.459680	-0.144901	-0.667656	-0.658876
0.459628	-0.143572	-0.667396	-0.658281
0.459685	-0.141648	-0.669720	-0.660003
0.459661	-0.142701	-0.668977	-0.659004
0.459712	-0.141030	-0.671209	-0.657644
0.459685	-0.142604	-0.669800	-0.660381
0.459658	-0.142718	-0.669201	-0.658974
0.459630	-0.142250	-0.669119	-0.658744
0.459702	-0.142515	-0.668183	-0.658942
0.459689	-0.142683	-0.669518	-0.658525
0.459601	-0.142804	-0.669455	-0.658590
0.459671	-0.144206	-0.670020	-0.660186
0.459645	-0.144919	-0.670127	-0.660424
0.459740	-0.145191	-0.669935	-0.659301
0.459582	-0.145438	-0.669498	-0.659676
0.460455	-0.148103	-0.668716	-0.659418
0.464618	-0.146950	-0.667813	-0.660042
0.464739	-0.148622	-0.668440	-0.659877
0.464770	-0.149515	-0.668701	-0.659847
0.464736	-0.149551	-0.666684	-0.658842
0.464703	-0.150129	-0.667516	-0.658801
0.464660	-0.150175	-0.666546	-0.660244
0.464804	-0.152121	-0.667026	-0.658784
0.464752	-0.150906	-0.667341	-0.658913
0.464816	-0.149963	-0.668488	-0.659443
0.464810	-0.152246	-0.665585	-0.658714
0.464850	-0.149812	-0.667763	-0.659532
0.464705	-0.150193	-0.666778	-0.657751
0.464759	-0.149756	-0.666736	-0.659270
0.464786	-0.149983	-0.666660	-0.659128
0.464825	-0.150922	-0.667733	-0.659495
0.464708	-0.149868	-0.666803	-0.659491
0.464824	-0.150028	-0.666726	-0.659177
0.464722	-0.150088	-0.664964	-0.659247
0.464717	-0.150175	-0.666165	-0.660026
0.464764	-0.150392	-0.665845	-0.659045
0.464755	-0.151655	-0.665769	-0.658170
0.464762	-0.151135	-0.666262	-0.658246
0.464759	-0.152756	-0.666236	-0.658506
0.464776	-0.152116	-0.665464	-0.657098
0.464742	-0.151861	-0.665345	-0.659554
0.464841	-0.152310	-0.664174	-0.659357
0.464717	-0.153544	-0.664552	-0.658803
0.464734	-0.153518	-0.664797	-0.657247
0.464792	-0.152290	-0.665880	-0.659629
0.464766	-0.152742	-0.665495	-0.658846
0.464779	-0.153428	-0.666541	-0.659029
0.464777	-0.152423	-0.665268	-0.660091
0.464737	-0.153072	-0.664346	-0.658747
0.464790	-0.153881	-0.664923	-0.660444
0.464757	-0.153858	-0.664613	-0.658581
0.464762	-0.156252	-0.664158	-0.659322
0.464682	-0.156940	-0.664945	-0.659136
0.464702	-0.155274	-0.665237	-0.657770
0.464772	-0.156944	-0.664268	-0.658482
0.464754	-0.156764	-0.664327	-0.659509
0.464771	-0.157717	-0.663849	-0.658345
0.464821	-0.158259	-0.663843	-0.658727
0.464745	-0.157954	-0.664425	-0.659123
0.464803	-0.159171	-0.663806	-0.660907
0.464824	-0.159242	-0.663341	-0.660304
0.464731	-0.160176	-0.663649	-0.659769
0.464787	-0.160492	-0.664110	-0.659966
0.464731	-0.158965	-0.662874	-0.658491
0.464721	-0.160311	-0.663208	-0.659797
0.464698	-0.157979	-0.664583	-0.659214
0.464749	-0.159257	-0.664704	-0.658371
0.464811	-0.159159	-0.663999	-0.659917
0.464790	-0.159096	-0.664779	-0.659064
0.464797	-0.157818	-0.664416	-0.660422
0.464755	-0.157911	-0.665164	-0.659917
0.464764	-0.157680	-0.665005	-0.659681
0.464764	-0.154783	-0.666991	-0.659239
0.464797	-0.156979	-0.664476	-0.658756
0.464740	-0.155821	-0.665856	-0.659511
0.464805	-0.156960	-0.665937	-0.657142
0.464658	-0.156106	-0.665611	-0.659452
0.464821	-0.155244	-0.666980	-0.658593
0.464706	-0.154604	-0.666213	-0.659155
0.464819	-0.155166	-0.666326	-0.660219
0.464643	-0.156129	-0.665070	-0.658331
0.465008	-0.156237	-0.667044	-0.658425
0.461020	-0.154666	-0.664192	-0.660481
0.459363	-0.155005	-0.666623	-0.658736
0.459788	-0.155616	-0.667262	-0.659343
0.459618	-0.153134	-0.665605	-0.660111
0.459673	-0.152061	-0.664417	-0.659589
0.459597	-0.152996	-0.668738	-0.659594
0.459695	-0.152312	-0.667773	-0.658769
0.459653	-0.150694	-0.666875	-0.659088
0.459670	-0.151297	-0.666957	-0.658175
0.459743	-0.149540	-0.668192	-0.659443
0.459614	-0.148770	-0.667704	-0.659717
0.459697	-0.149817	-0.669132	-0.659141
0.459513	-0.148994	-0.668641	-0.659889
0.459692	-0.148547	-0.669223	-0.659110
0.459492	-0.148567	-0.669406	-0.659852
0.463835	-0.149860	-0.669167	-0.658828
0.464887	-0.148836	-0.667806	-0.659205
0.464782	-0.148713	-0.668529	-0.659897
0.464729	-0.151128	-0.669549	-0.659075
0.464782	-0.149038	-0.668580	-0.657629
0.464587	-0.149206	-0.667865	-0.658984
0.465132	-0.150161	-0.667465	-0.658668
0.462897	-0.150053	-0.669332	-0.660317
0.459368	-0.149434	-0.667409	-0.660807
0.459846	-0.148874	-0.668263	-0.658699
0.459536	-0.149107	-0.668921	-0.658623
0.459729	-0.149179	-0.669692	-0.660387
0.463809	-0.150464	-0.669787	-0.657479
0.464997	-0.147283	-0.667562	-0.659386
0.464596	-0.148397	-0.667990	-0.659608
0.464878	-0.148488	-0.667772	-0.659318
0.464658	-0.150658	-0.667800	-0.658177
0.464860	-0.149138	-0.666132	-0.659680
0.464702	-0.149819	-0.668023	-0.659846
0.464726	-0.150888	-0.665564	-0.657896
0.464747	-0.150048	-0.666193	-0.660260
0.464796	-0.151665	-0.664047	-0.659534
0.464777	-0.150266	-0.664237	-0.657290
0.464818	-0.150798	-0.665362	-0.658355
0.464775	-0.150094	-0.664457	-0.658425
0.464831	-0.151883	-0.663857	-0.658411
0.464715	-0.152582	-0.663739	-0.658381
0.464860	-0.152480	-0.664480	-0.659215
0.464796	-0.151933	-0.663582	-0.659499
0.464786	-0.153316	-0.663430	-0.659187
0.464799	-0.153146	-0.662467	-0.660768
0.464789	-0.155088	-0.663220	-0.658216
0.464819	-0.153152	-0.663220	-0.659525
0.464678	-0.153010	-0.663690	-0.659728
0.464808	-0.153484	-0.664323	-0.658442
0.464750	-0.151396	-0.663705	-0.658447
0.464893	-0.153305	-0.663158	-0.659546
0.464731	-0.152047	-0.663536	-0.658722
0.464776	-0.153539	-0.661343	-0.657713
0.464790	-0.155327	-0.663326	-0.659165
0.464727	-0.153211	-0.662928	-0.659714
0.464735	-0.152772	-0.662339	-0.658841
0.464811	-0.153186	-0.663259	-0.658593
0.464801	-0.153384	-0.662601	-0.660457
0.464705	-0.153493	-0.662957	-0.658990
0.464705	-0.152508	-0.664005	-0.658440
0.464757	-0.151851	-0.663695	-0.659863
0.464678	-0.152719	-0.663962	-0.658987
0.464676	-0.151745	-0.665192	-0.657582
0.460315	-0.153565	-0.664507	-0.659301
0.459507	-0.153314	-0.664267	-0.659499
0.459766	-0.152260	-0.665031	-0.658422
0.459634	-0.151684	-0.664526	-0.658908
0.459794	-0.152354	-0.665392	-0.658645
0.459628	-0.149927	-0.665179	-0.659624
0.459683	-0.152121	-0.666763	-0.660112
0.459643	-0.151628	-0.665251	-0.659501
0.459727	-0.151077	-0.666485	-0.658160
0.459585	-0.152464	-0.667060	-0.657167
0.459787	-0.150006	-0.668248	-0.659571
0.459670	-0.151639	-0.671311	-0.657372
0.459750	-0.150024	-0.669512	-0.660136
0.459526	-0.151440	-0.670737	-0.658872
0.459772	-0.148845	-0.668832	-0.658332
0.459501	-0.148849	-0.668829	-0.659203
0.459865	-0.149581	-0.669269	-0.659416
0.459204	-0.150029	-0.670086	-0.660913
0.462189	-0.150117	-0.669566	-0.658332
0.465124	-0.148408	-0.669430	-0.659115
0.464570	-0.147944	-0.672503	-0.658788
0.465014	-0.147591	-0.670121	-0.659460
0.464618	-0.148286	-0.671603	-0.660124
0.464864	-0.148064	-0.671033	-0.660030
0.464639	-0.148188	-0.671023	-0.659119
0.464780	-0.148490	-0.672405	-0.658732
0.464607	-0.150113	-0.670656	-0.658526
0.464787	-0.149087	-0.670552	-0.658861
0.464637	-0.150312	-0.671720	-0.658662
0.464799	-0.149327	-0.672923	-0.657600
0.464671	-0.148818	-0.673106	-0.658269
0.464785	-0.149122	-0.672395	-0.659243
0.464781	-0.147839	-0.672786	-0.659243
0.464780	-0.148520	-0.673150	-0.659314
0.464737	-0.148014	-0.672246	-0.659410
0.464782	-0.148754	-0.671697	-0.659172
0.464685	-0.150544	-0.672805	-0.658337
0.464791	-0.148888	-0.672383	-0.659390
0.464716	-0.149206	-0.673567	-0.658808
0.464811	-0.148540	-0.674280	-0.660413
0.464789	-0.149300	-0.674793	-0.659650
0.464777	-0.149043	-0.674046	-0.657757
0.464810	-0.148087	-0.673928	-0.659643
0.464772	-0.146983	-0.672290	-0.659293
0.464796	-0.148933	-0.673525	-0.659916
0.464759	-0.147200	-0.675797	-0.659151
0.464844	-0.149540	-0.674585	-0.658404
0.464716	-0.147779	-0.674373	-0.659461
0.464716	-0.148990	-0.674606	-0.659991
0.464751	-0.148232	-0.674170	-0.659301
0.464775	-0.148387	-0.673941	-0.658754
0.464706	-0.148939	-0.674185	-0.659435
0.464681	-0.149421	-0.673775	-0.659660
0.464727	-0.149671	-0.673355	-0.659034
0.464771	-0.150033	-0.671187	-0.656924
0.464680	-0.148117	-0.674283	-0.658956
0.464835	-0.148874	-0.673458	-0.658123
0.464770	-0.148222	-0.671920	-0.659463
0.464795	-0.148231	-0.672542	-0.659715
0.464761	-0.147750	-0.671882	-0.657945
0.464824	-0.147302	-0.673614	-0.658362
0.464754	-0.147460	-0.671894	-0.658712
0.464781	-0.147667	-0.673609	-0.658538
0.464816	-0.145040	-0.673711	-0.658358
0.464801	-0.147685	-0.674305	-0.659398
0.464655	-0.148721	-0.672123	-0.659591
0.464803	-0.149557	-0.672136	-0.659060
0.464776	-0.149477	-0.674308	-0.659199
0.464686	-0.147433	-0.673062	-0.659570
0.464735	-0.148739	-0.674299	-0.658372
0.464754	-0.149171	-0.672655	-0.658932
0.464740	-0.147505	-0.672073	-0.659115
0.464757	-0.148458	-0.674303	-0.659352
0.464726	-0.146832	-0.672427	-0.659113
0.464726	-0.147863	-0.673411	-0.658932
0.464786	-0.147384	-0.673037	-0.660018
0.464779	-0.144914	-0.673695	-0.658960
0.464831	-0.144867	-0.674343	-0.659858
0.464706	-0.146458	-0.673244	-0.658422
0.464761	-0.146172	-0.674204	-0.659155
0.464810	-0.144735	-0.674198	-0.658580
0.464819	-0.145655	-0.674317	-0.659197
0.464685	-0.143887	-0.676229	-0.657771
0.464870	-0.145390	-0.675832	-0.659402
0.464702	-0.144624	-0.675405	-0.658695
0.464910	-0.145529	-0.674166	-0.659854
0.464747	-0.147311	-0.673389	-0.659089
0.464845	-0.148168	-0.674745	-0.659691
0.464676	-0.147351	-0.674755	-0.657872
0.465129	-0.148233	-0.674151	-0.658778
0.461312	-0.148392	-0.673535	-0.659207
0.459298	-0.148161	-0.673214	-0.658756
0.459921	-0.149715	-0.673958	-0.659747
0.459478	-0.147764	-0.673971	-0.658163
0.459880	-0.148680	-0.673828	-0.658965
0.459318	-0.149860	-0.673031	-0.659253
0.460865	-0.150869	-0.672764	-0.658678
0.464824	-0.149723	-0.673498	-0.658015
0.464721	-0.150665	-0.672533	-0.659334
0.464826	-0.150661	-0.671512	-0.658457
0.464759	-0.149496	-0.672210	-0.659978
0.464810	-0.151421	-0.670914	-0.657922
0.464775	-0.149902	-0.672051	-0.657480
0.464850	-0.150475	-0.672687	-0.659884
0.464792	-0.150419	-0.672328	-0.658753
0.464744	-0.149169	-0.671657	-0.659638
0.464771	-0.151455	-0.671182	-0.658823
0.464734	-0.150618	-0.671691	-0.658135
0.464830	-0.151990	-0.672214	-0.658774
0.464779	-0.151710	-0.672026	-0.658761
0.464756	-0.151591	-0.669415	-0.658397
0.464761	-0.151926	-0.670769	-0.658414
0.464868	-0.152701	-0.671117	-0.659868
0.464716	-0.153843	-0.670136	-0.660567
0.464804	-0.152627	-0.670032	-0.660488
0.464675	-0.153274	-0.670177	-0.660790
0.464856	-0.151912	-0.668896	-0.660168
0.464575	-0.152722	-0.669685	-0.657537
0.465109	-0.151407	-0.669825	-0.658271
0.463316	-0.150927	-0.669395	-0.658652
0.459475	-0.150991	-0.672038	-0.661225
0.459843	-0.150175	-0.671672	-0.658675
0.459620	-0.149236	-0.673335	-0.660154
0.459796	-0.149032	-0.673971	-0.659871
0.459574	-0.147953	-0.672029	-0.658331
0.459710	-0.148545	-0.673179	-0.658734
0.459618	-0.148987	-0.672276	-0.659432
0.459614	-0.150720	-0.672224	-0.659698
0.459713	-0.149265	-0.672070	-0.659817
0.459694	-0.149623	-0.672734	-0.659584
0.459689	-0.149868	-0.673602	-0.659178
0.459671	-0.148689	-0.674397	-0.658972
0.459661	-0.150106	-0.673693	-0.658871
0.459596	-0.148154	-0.673473	-0.658366
0.459723	-0.150054	-0.673152	-0.658540
0.459527	-0.148604	-0.673436	-0.659298
0.459768	-0.149291	-0.674710	-0.659783
0.459547	-0.150212	-0.674359	-0.660799
0.459739	-0.150178	-0.674708	-0.660317
0.459457	-0.150094	-0.674611	-0.658644
0.459886	-0.150482	-0.672582	-0.658648
0.459222	-0.151042	-0.673349	-0.658173
0.461444	-0.151710	-0.673795	-0.658347
0.465092	-0.151907	-0.673506	-0.657761
0.464655	-0.152319	-0.673204	-0.658802
0.464785	-0.153796	-0.673157	-0.659390
0.464744	-0.153425	-0.673290	-0.660240
0.460667	-0.151916	-0.673515	-0.659586
0.459478	-0.154393	-0.671210	-0.659486
0.459791	-0.154940	-0.671763	-0.658110
0.459702	-0.154746	-0.671182	-0.659685
0.459724	-0.155519	-0.670300	-0.659532
0.463930	-0.156413	-0.670236	-0.659719
0.464885	-0.153408	-0.671197	-0.659397
0.464752	-0.153751	-0.669883	-0.659403
0.464712	-0.153902	-0.670423	-0.659455
0.464732	-0.153662	-0.670390	-0.658561
0.460444	-0.153811	-0.671329	-0.659136
0.459540	-0.153734	-0.671429	-0.657877
0.459768	-0.152608	-0.673155	-0.659324
0.463892	-0.152206	-0.671463	-0.659873
0.465018	-0.153598	-0.673487	-0.658752
0.464685	-0.155149	-0.672862	-0.658678
0.464760	-0.155941	-0.671534	-0.659036
0.464885	-0.153623	-0.670509	-0.658538
0.464596	-0.155594	-0.671744	-0.660000
0.465144	-0.155160	-0.670452	-0.658694
0.462772	-0.156387	-0.669974	-0.660645
0.459210	-0.155397	-0.671650	-0.658818
0.459952	-0.155696	-0.671923	-0.659530
0.459417	-0.154673	-0.672791	-0.659148
0.459803	-0.155728	-0.671753	-0.658898
0.459635	-0.156080	-0.670945	-0.659458
0.459738	-0.157403	-0.670470	-0.659042
0.459616	-0.158198	-0.668905	-0.660161
0.459737	-0.157881	-0.668746	-0.659713
0.459535	-0.157093	-0.669027	-0.657915
0.459707	-0.160077	-0.667376	-0.659848
0.459601	-0.159229	-0.667831	-0.658918
0.459743	-0.160067	-0.667417	-0.659914
0.459705	-0.159202	-0.667025	-0.658300
0.459692	-0.162539	-0.666520	-0.660864
0.459596	-0.160884	-0.666699	-0.658881
0.459669	-0.161595	-0.666385	-0.659754
0.459697	-0.161869	-0.664484	-0.658906
0.459762	-0.159918	-0.664881	-0.657666
0.459723	-0.161291	-0.664849	-0.660016
0.459703	-0.163631	-0.664432	-0.660294
0.459678	-0.162056	-0.664868	-0.657520
0.459699	-0.164109	-0.664297	-0.659200
0.459740	-0.164221	-0.665598	-0.659714
0.459665	-0.162022	-0.664722	-0.659630
0.459676	-0.161480	-0.663988	-0.659131
0.459693	-0.162189	-0.662392	-0.658652
0.459685	-0.160227	-0.664880	-0.660354
0.459631	-0.159829	-0.663003	-0.659611
0.459674	-0.161433	-0.663714	-0.660547
0.459641	-0.159917	-0.664475	-0.658828
0.459715	-0.157467	-0.663059	-0.659686
0.459581	-0.157174	-0.663183	-0.658964
0.459732	-0.157750	-0.663008	-0.659297
0.459592	-0.154632	-0.666812	-0.659406
0.459715	-0.154432	-0.666835	-0.660246
0.459451	-0.155061	-0.666283	-0.659200
0.459875	-0.155052	-0.666243	-0.660750
0.459416	-0.155404	-0.666226	-0.659807
0.460068	-0.154362	-0.666345	-0.659438
0.457071	-0.153544	-0.667641	-0.660472
0.454211	-0.153080	-0.668355	-0.657778
0.454833	-0.153858	-0.668163	-0.660074
0.454376	-0.153084	-0.668701	-0.658033
0.454688	-0.152266	-0.668163	-0.658610
0.454598	-0.153150	-0.666842	-0.658857
0.454636	-0.152403	-0.667229	-0.659486
0.454587	-0.152082	-0.666973	-0.659024
0.454567	-0.151520	-0.667990	-0.659025
0.454572	-0.151934	-0.668736	-0.659265
0.454602	-0.151003	-0.668703	-0.658404
0.454662	-0.149997	-0.667520	-0.658050
0.454525	-0.150849	-0.669044	-0.658788
0.454673	-0.148963	-0.669193	-0.659495
0.454532	-0.149232	-0.669977	-0.661028
0.454823	-0.148721	-0.670108	-0.659587
0.454213	-0.149261	-0.669467	-0.658337
0.457396	-0.149928	-0.671095	-0.659658
0.460067	-0.149033	-0.669939	-0.660145
0.459513	-0.148969	-0.669807	-0.660149
0.459779	-0.148203	-0.670321	-0.658455
0.459582	-0.151456	-0.668290	-0.659071
0.459752	-0.150183	-0.669517	-0.658520
0.459600	-0.149511	-0.669374	-0.660102
0.459663	-0.149302	-0.667714	-0.658415
0.459648	-0.148716	-0.669518	-0.658632
0.459737	-0.149146	-0.669078	-0.658803
0.459515	-0.149819	-0.670435	-0.658918
0.459688	-0.152046	-0.666292	-0.659519
0.459665	-0.151814	-0.667078	-0.658269
0.459689	-0.150152	-0.666466	-0.660298
0.459697	-0.151430	-0.667620	-0.659058
0.459663	-0.152630	-0.667424	-0.660137
0.459602	-0.151680	-0.664877	-0.659659
0.459703	-0.151205	-0.666293	-0.658544
0.459641	-0.152320	-0.667702	-0.658743
0.459669	-0.152712	-0.668053	-0.659167
0.459620	-0.151618	-0.667575	-0.658381
0.459664	-0.153787	-0.668394	-0.659248
0.459611	-0.152186	-0.666860	-0.659410
0.459610	-0.153316	-0.666193	-0.659356
0.459650	-0.154613	-0.665099	-0.657930
0.459604	-0.155524	-0.666164	-0.659364
0.459712	-0.154711	-0.663703	-0.657722
0.459601	-0.155738	-0.664685	-0.657729
0.459663	-0.156369	-0.664168	-0.658080
0.459683	-0.158302	-0.662630	-0.658292
0.459634	-0.157480	-0.662644	-0.660145
0.459668	-0.157263	-0.665303	-0.659207
0.459668	-0.157806	-0.663308	-0.658407
0.459695	-0.159058	-0.662799	-0.659358
0.459592	-0.159258	-0.662731	-0.658857
0.459689	-0.161734	-0.663074	-0.658898
0.459709	-0.161524	-0.660972	-0.659031
0.459758	-0.162100	-0.661659	-0.658938
0.459554	-0.163539	-0.662454	-0.660270
0.459758	-0.162480	-0.660494	-0.658648
0.458800	-0.160476	-0.663466	-0.659490
0.454296	-0.160546	-0.663641	-0.659401
0.455668	-0.159815	-0.664361	-0.659960
0.459621	-0.159781	-0.663278	-0.658356
0.459704	-0.160774	-0.664719	-0.659570
0.459633	-0.159347	-0.663881	-0.660101
0.459680	-0.157409	-0.664710	-0.659397
0.459614	-0.159788	-0.664524	-0.659381
0.459704	-0.157972	-0.663372	-0.659041
0.459577	-0.159023	-0.665239	-0.658386
0.459737	-0.158774	-0.663878	-0.658748
0.459517	-0.157170	-0.664824	-0.659192
0.459962	-0.158972	-0.664969	-0.660094
0.456198	-0.159121	-0.663663	-0.658911
0.454275	-0.159291	-0.664065	-0.659229
0.454760	-0.157154	-0.661461	-0.658835
0.454481	-0.158574	-0.661621	-0.658011
0.454700	-0.158498	-0.662555	-0.659219
0.454604	-0.157361	-0.662518	-0.660132
0.454703	-0.158472	-0.663206	-0.660536
0.454545	-0.156541	-0.663054	-0.657801
0.454746	-0.156944	-0.663795	-0.659131
0.454578	-0.157291	-0.663611	-0.657564
0.454581	-0.157213	-0.663329	-0.659600
0.454503	-0.157232	-0.663709	-0.659093
0.454678	-0.156550	-0.662396	-0.659240
0.454537	-0.156463	-0.663567	-0.657123
0.454780	-0.157044	-0.663392	-0.661663
0.454253	-0.155832	-0.663737	-0.659950
0.455886	-0.156630	-0.663500	-0.659569
0.459868	-0.155030	-0.663267	-0.660798
0.459570	-0.155891	-0.663555	-0.658574
0.459798	-0.154970	-0.664822	-0.659872
0.459541	-0.153996	-0.665396	-0.658860
0.459675	-0.153480	-0.664832	-0.658876
0.459595	-0.154311	-0.665411	-0.658746
0.459705	-0.152458	-0.665623	-0.660823
0.459624	-0.150959	-0.666851	-0.658853
0.459678	-0.150127	-0.667870	-0.659169
0.459596	-0.149327	-0.665888	-0.657643
0.459676	-0.148476	-0.667102	-0.660656
0.459654	-0.147682	-0.668331	-0.659492
0.459729	-0.147175	-0.668103	-0.658432
0.459638	-0.146419	-0.668159	-0.659597
0.459704	-0.146865	-0.669727	-0.658748
0.459705	-0.146726	-0.668671	-0.659119
0.459634	-0.146536	-0.669670	-0.658632
0.459607	-0.148443	-0.669127	-0.659605
0.459636	-0.148024	-0.670370	-0.660582
0.459673	-0.149525	-0.670408	-0.660327
0.459648	-0.149785	-0.670126	-0.660572
0.459709	-0.150263	-0.668124	-0.658497
0.459710	-0.150018	-0.668307	-0.657617
0.459668	-0.149475	-0.668621	-0.659641
0.459787	-0.150847	-0.666973	-0.658936
0.459557	-0.151996	-0.666916	-0.658600
0.459774	-0.153035	-0.666536	-0.659851
0.459554	-0.151851	-0.665207	-0.658194
0.459959	-0.153706	-0.665002	-0.659027
0.459310	-0.151937	-0.664690	-0.660158
0.461249	-0.151115	-0.665361	-0.658155
0.465060	-0.151351	-0.664402	-0.657970
0.464587	-0.153210	-0.664403	-0.658887
0.464956	-0.151544	-0.663485	-0.658382
0.464621	-0.147496	-0.664802	-0.658990
0.464873	-0.148845	-0.666415	-0.658920
0.464673	-0.147994	-0.664599	-0.659045
0.464890	-0.148833	-0.668063	-0.657195
0.464606	-0.148500	-0.667049	-0.659450
0.464824	-0.147814	-0.667419	-0.660039
0.460534	-0.147309	-0.669133	-0.658689
0.459475	-0.148236	-0.667758	-0.657717
0.459705	-0.146831	-0.668159	-0.660422
0.459644	-0.149002	-0.667930	-0.659560
0.459773	-0.147967	-0.668117	-0.659289
0.459679	-0.147518	-0.669408	-0.658622
0.459680	-0.147883	-0.669868	-0.658365
0.459602	-0.148162	-0.668872	-0.659153
0.459673	-0.148187	-0.669439	-0.660110
0.459705	-0.148035	-0.668491	-0.658690
0.459649	-0.147065	-0.668677	-0.657988
0.459636	-0.146313	-0.668934	-0.658539
0.459769	-0.148536	-0.669128	-0.660467
0.459656	-0.146627	-0.670071	-0.660091
0.459661	-0.147369	-0.669812	-0.656969
0.459634	-0.146548	-0.671160	-0.659126
0.459705	-0.147224	-0.669754	-0.658525
0.459616	-0.148070	-0.669211	-0.660132
0.459649	-0.149367	-0.670841	-0.658922
0.459650	-0.145790	-0.670396	-0.660032
0.459685	-0.146506	-0.671344	-0.657990
0.459649	-0.147122	-0.670994	-0.659237
0.459638	-0.147351	-0.670435	-0.658217
0.459712	-0.147893	-0.670880	-0.657590
0.459650	-0.148124	-0.669551	-0.658088
0.459649	-0.148584	-0.670440	-0.659369
0.459661	-0.149591	-0.670419	-0.660442
0.459620	-0.150127	-0.672246	-0.657496
0.459793	-0.150982	-0.670512	-0.658173
0.464218	-0.151576	-0.671973	-0.658936
0.464885	-0.151847	-0.670900	-0.659247
0.464702	-0.150366	-0.669920	-0.658580
0.464866	-0.151402	-0.670897	-0.657681
0.464662	-0.149491	-0.670259	-0.658779
0.464746	-0.149555	-0.672718	-0.658759
0.464729	-0.149230	-0.671903	-0.659262
0.464720	-0.147799	-0.671002	-0.657817
0.464813	-0.149317	-0.670494	-0.659839
0.464789	-0.149067	-0.672863	-0.659291
0.464721	-0.147736	-0.672464	-0.658199
0.464830	-0.147054	-0.672507	-0.658871
0.464700	-0.147358	-0.673828	-0.660163
0.464765	-0.146525	-0.674145	-0.659747
0.464789	-0.146121	-0.673338	-0.659413
0.464840	-0.146458	-0.674722	-0.660419
0.464731	-0.149894	-0.673165	-0.658366
0.464756	-0.149094	-0.673078	-0.659254
0.464780	-0.148137	-0.672879	-0.659159
0.464816	-0.149460	-0.671829	-0.658852
0.464779	-0.150999	-0.671576	-0.658373
0.464688	-0.149775	-0.672442	-0.660045
0.464853	-0.150599	-0.672180	-0.657979
0.464777	-0.149823	-0.671855	-0.660689
0.464723	-0.151554	-0.672075	-0.659364
0.464792	-0.152105	-0.669504	-0.658437
0.464791	-0.151156	-0.670932	-0.660731
0.464759	-0.153520	-0.670905	-0.659187
0.464830	-0.151334	-0.671289	-0.657588
0.464782	-0.153239	-0.668809	-0.658703
0.464782	-0.152112	-0.671785	-0.657613
0.464795	-0.152712	-0.669757	-0.659525
0.464747	-0.152838	-0.670552	-0.658454
0.464797	-0.153726	-0.669663	-0.658756
0.464736	-0.153341	-0.670379	-0.658246
0.464715	-0.153189	-0.671432	-0.659195
0.464794	-0.151178	-0.671526	-0.659601
0.464764	-0.150728	-0.671076	-0.658674
0.464759	-0.150889	-0.670517	-0.658169
0.464771	-0.151899	-0.672598	-0.658599
0.464782	-0.150787	-0.671947	-0.659041
0.464690	-0.148977	-0.672832	-0.659347
0.464737	-0.149630	-0.671542	-0.658650
0.464795	-0.149308	-0.672652	-0.657841
0.464792	-0.149296	-0.672939	-0.659110
0.464818	-0.148750	-0.672827	-0.657808
0.464777	-0.149580	-0.672600	-0.657245
0.464745	-0.148355	-0.673634	-0.658170
0.464739	-0.147248	-0.674120	-0.657336
0.464816	-0.147746	-0.675089	-0.657238
0.464767	-0.149726	-0.672120	-0.659289
0.464752	-0.149073	-0.673680	-0.659288
0.464861	-0.148764	-0.671672	-0.659487
0.464792	-0.149928	-0.672374	-0.658678
0.464744	-0.150823	-0.670285	-0.658556
0.464790	-0.151078	-0.672145	-0.658947
0.464755	-0.149285	-0.672128	-0.659225
0.464790	-0.148562	-0.671419	-0.659053
0.464716	-0.150129	-0.672046	-0.658511
0.464828	-0.149889	-0.671453	-0.657619
0.464757	-0.150391	-0.671313	-0.658584
0.464796	-0.151754	-0.672721	-0.658173
0.464713	-0.149971	-0.670425	-0.658416
0.464757	-0.150948	-0.673008	-0.658748
0.464739	-0.150992	-0.672291	-0.657465
0.464770	-0.150928	-0.671919	-0.657772
0.464784	-0.150008	-0.671898	-0.658528
0.464755	-0.149476	-0.672191	-0.659770
0.464764	-0.150496	-0.673872	-0.658944
0.464732	-0.151687	-0.671031	-0.658345
0.464811	-0.149730	-0.671532	-0.658525
0.464781	-0.149869	-0.673794	-0.657793
0.464727	-0.150548	-0.672770	-0.658368
0.464745	-0.149789	-0.672864	-0.657533
0.464765	-0.151455	-0.672588	-0.658178
0.464892	-0.149168	-0.672964	-0.658605
0.464227	-0.150897	-0.673417	-0.658675
0.459742	-0.150997	-0.673602	-0.658365
0.459828	-0.150168	-0.673373	-0.657958
0.459530	-0.151125	-0.673003	-0.658466
0.459867	-0.149959	-0.673589	-0.657817
0.459289	-0.150963	-0.670849	-0.659483
0.462976	-0.153696	-0.670993	-0.660064
0.465125	-0.154379	-0.670097	-0.659679
0.464446	-0.152871	-0.670405	-0.658669
0.464895	-0.152663	-0.669650	-0.660159
0.464631	-0.153823	-0.671153	-0.658113
0.464830	-0.151732	-0.671712	-0.659309
0.464722	-0.154052	-0.670622	-0.658400
0.464887	-0.154006	-0.670013	-0.658648
0.464765	-0.152864	-0.667959	-0.659544
0.464761	-0.155456	-0.669161	-0.659752
0.464742	-0.155400	-0.668008	-0.659575
0.464759	-0.154427	-0.665731	-0.657802
0.464790	-0.155219	-0.665421	-0.657971
0.464813	-0.155542	-0.667844	-0.657525
0.464745	-0.154798	-0.665902	-0.658455
0.464734	-0.154027	-0.666565	-0.658624
0.464746	-0.154265	-0.668341	-0.658727
0.464775	-0.154760	-0.668455	-0.657842
0.464803	-0.153776	-0.666980	-0.658969
0.464690	-0.155836	-0.666429	-0.659526
0.464851	-0.157045	-0.664948	-0.658008
0.464637	-0.158540	-0.665385	-0.658880
0.464993	-0.157831	-0.663592	-0.658356
0.463560	-0.159948	-0.664559	-0.659276
0.459413	-0.159516	-0.663577	-0.658546
0.459861	-0.159560	-0.664115	-0.660812
0.459488	-0.159082	-0.664111	-0.658952
0.459717	-0.161098	-0.663541	-0.658383
0.459547	-0.160451	-0.664244	-0.660689
0.459723	-0.159358	-0.663368	-0.657927
0.459468	-0.159423	-0.662913	-0.657855
0.459868	-0.161685	-0.662292	-0.656633
0.459476	-0.159628	-0.661839	-0.658063
0.459905	-0.159964	-0.663755	-0.658985
0.459294	-0.158843	-0.663037	-0.658142
0.463617	-0.160126	-0.663141	-0.659098
0.461293	-0.160534	-0.662121	-0.660173
0.459244	-0.159081	-0.663185	-0.658276
0.459960	-0.159614	-0.661421	-0.658704
0.459500	-0.157483	-0.661125	-0.657874
0.459813	-0.157402	-0.662857	-0.657399
0.459601	-0.157480	-0.662476	-0.658613
0.459792	-0.158536	-0.662822	-0.658794
0.459577	-0.157891	-0.661421	-0.657669
0.459674	-0.158520	-0.661337	-0.658529
0.459604	-0.159550	-0.662609	-0.658818
0.459668	-0.158144	-0.662625	-0.658650
0.459604	-0.161256	-0.661713	-0.657357
0.459699	-0.159963	-0.660740	-0.660531
0.459653	-0.159552	-0.661562	-0.659447
0.459674	-0.160525	-0.661729	-0.658580
0.459620	-0.159700	-0.661211	-0.658644
0.459670	-0.159432	-0.660936	-0.657258
0.459577	-0.159768	-0.664047	-0.658435
0.459659	-0.158596	-0.664566	-0.659319
0.459668	-0.158769	-0.663604	-0.658113
0.459743	-0.159172	-0.662169	-0.658549
0.459640	-0.158734	-0.663258	-0.658489
0.459620	-0.159024	-0.663435	-0.659529
0.459651	-0.159317	-0.663470	-0.660052
0.459707	-0.161575	-0.661533	-0.656982
0.459714	-0.158745	-0.662594	-0.658708
0.459689	-0.159253	-0.663828	-0.659680
0.459611	-0.160702	-0.663447	-0.657189
0.459656	-0.157865	-0.664148	-0.659262
0.459631	-0.157374	-0.665120	-0.658402
0.459653	-0.156557	-0.663712	-0.658523
0.459560	-0.156805	-0.664433	-0.658295
0.459689	-0.157347	-0.663176	-0.659249
0.459676	-0.156792	-0.665040	-0.658788
0.459710	-0.155735	-0.666380	-0.657636
0.459621	-0.155244	-0.665680	-0.657737
0.459645	-0.154776	-0.666608	-0.658645
0.459655	-0.153534	-0.665436	-0.658277
0.459681	-0.153226	-0.665657	-0.659937
0.459655	-0.152777	-0.665703	-0.658432
0.459738	-0.153987	-0.665935	-0.657968
0.459719	-0.151584	-0.666832	-0.658213
0.459679	-0.151269	-0.664926	-0.659243
0.459683	-0.150909	-0.666652	-0.658709
0.459670	-0.150356	-0.668226	-0.658962
0.459670	-0.148303	-0.669633	-0.658465
0.459747	-0.148331	-0.670031	-0.658100
0.459671	-0.149924	-0.669106	-0.658079
0.459641	-0.148885	-0.669598	-0.658803
0.459653	-0.149880	-0.670047	-0.657698
0.459658	-0.147881	-0.668083	-0.657869
0.459625	-0.150411	-0.668857	-0.659224
0.459613	-0.147505	-0.670516	-0.658826
0.459648	-0.149401	-0.668641	-0.658985
0.459555	-0.148521	-0.671410	-0.658227
0.459635	-0.148391	-0.671257	-0.658268
0.459688	-0.150967	-0.671537	-0.659452
0.459735	-0.150763	-0.671249	-0.658766
0.459690	-0.149516	-0.672216	-0.659286
0.459698	-0.149596	-0.670980	-0.659530
0.459695	-0.151632	-0.671686	-0.659081
0.459690	-0.149725	-0.672590	-0.657545
0.459679	-0.150027	-0.671486	-0.658944
0.459718	-0.151977	-0.671889	-0.659141
0.459656	-0.150233	-0.671296	-0.659214
0.459784	-0.151096	-0.670878	-0.658257
0.459606	-0.150195	-0.671679	-0.660280
0.459737	-0.151791	-0.672239	-0.657476
0.459417	-0.149355	-0.671429	-0.658038
0.459951	-0.151141	-0.669426	-0.659046
0.459212	-0.152594	-0.668642	-0.658865
0.461868	-0.152584	-0.671061	-0.658375
0.465166	-0.153704	-0.670041	-0.658773
0.464557	-0.152366	-0.670677	-0.658791
0.464888	-0.154121	-0.670897	-0.657268
0.464616	-0.151707	-0.670701	-0.658826
0.464831	-0.152644	-0.671255	-0.659476
0.464628	-0.153757	-0.670607	-0.657077
0.464855	-0.153079	-0.671503	-0.658406
0.464755	-0.152689	-0.672175	-0.659590
0.464820	-0.153197	-0.671298	-0.658576
0.464725	-0.154429	-0.670531	-0.657841
0.464824	-0.155086	-0.671145	-0.658099
0.464710	-0.154059	-0.671806	-0.657568
0.464834	-0.154813	-0.670616	-0.657691
0.464797	-0.156787	-0.669622	-0.658347
0.464760	-0.156834	-0.670168	-0.657966
0.464772	-0.158063	-0.670224	-0.659544
0.464800	-0.156653	-0.670453	-0.658643
0.464819	-0.156518	-0.671026	-0.658261
0.464751	-0.157109	-0.669400	-0.657603
0.464695	-0.155832	-0.671363	-0.658539
0.464710	-0.156100	-0.670163	-0.657746
0.464780	-0.157004	-0.670148	-0.659046
0.464785	-0.155653	-0.669433	-0.658051
0.464676	-0.157413	-0.669990	-0.659626
0.464787	-0.155791	-0.669715	-0.658184
0.464810	-0.155151	-0.669364	-0.657544
0.464765	-0.155718	-0.669231	-0.659485
0.464721	-0.155052	-0.669983	-0.659591
0.464840	-0.155409	-0.668960	-0.659093
0.464698	-0.154818	-0.670255	-0.659514
0.464882	-0.156177	-0.670492	-0.657843
0.464594	-0.157521	-0.668708	-0.658652
0.464989	-0.156974	-0.668433	-0.661142
0.464494	-0.158397	-0.666588	-0.657643
0.465223	-0.158448	-0.666006	-0.657901
0.462048	-0.157455	-0.664098	-0.659808
0.459255	-0.157046	-0.662460	-0.657747
0.459924	-0.158117	-0.664210	-0.657278
0.459547	-0.156342	-0.664088	-0.657374
0.459789	-0.158502	-0.664943	-0.657755
0.459557	-0.159507	-0.663857	-0.659465
0.459654	-0.157138	-0.663935	-0.658985
0.459623	-0.159027	-0.663767	-0.658994
0.459671	-0.159457	-0.661809	-0.656593
0.459671	-0.159023	-0.664992	-0.657812
0.459688	-0.158912	-0.662634	-0.659304
0.459634	-0.158266	-0.662777	-0.658385
0.459624	-0.159464	-0.661863	-0.658035
0.459625	-0.159773	-0.663201	-0.656687
0.459571	-0.161226	-0.662414	-0.659592
0.459615	-0.156193	-0.661987	-0.658376
0.459708	-0.158907	-0.663784	-0.659661
0.459633	-0.158224	-0.663648	-0.659720
0.459607	-0.157960	-0.662508	-0.658720
0.459640	-0.155546	-0.664654	-0.659564
0.459684	-0.154400	-0.665833	-0.659509
0.459708	-0.152589	-0.666754	-0.659507
0.459643	-0.151560	-0.667552	-0.657322
0.459666	-0.151933	-0.668731	-0.659688
0.459673	-0.150802	-0.669175	-0.659774
0.459639	-0.150863	-0.670819	-0.658923
0.459694	-0.150666	-0.668641	-0.658219
0.459658	-0.152668	-0.667793	-0.659321
0.459743	-0.151903	-0.667130	-0.657860
0.459697	-0.151566	-0.667646	-0.658502
0.459680	-0.151747	-0.664952	-0.657867
0.459623	-0.153127	-0.665822	-0.658085
0.459666	-0.152719	-0.666561	-0.658880
0.459688	-0.153268	-0.667272	-0.659141
0.459671	-0.154334	-0.665954	-0.658367
0.459628	-0.152870	-0.664605	-0.657501
0.459723	-0.153671	-0.664610	-0.658967
0.459684	-0.153698	-0.663956	-0.658202
0.459673	-0.155780	-0.664664	-0.659269
0.459670	-0.156393	-0.663866	-0.660355
0.459618	-0.154826	-0.662503	-0.659337
0.459634	-0.156069	-0.662358	-0.658699
0.459684	-0.158083	-0.662908	-0.658330
0.459611	-0.156691	-0.661797	-0.658685
0.459665	-0.156607	-0.662802	-0.658098
0.459719	-0.157794	-0.662738	-0.657803
0.459709	-0.156991	-0.662328	-0.659620
0.459654	-0.158536	-0.661867	-0.657964
0.459666	-0.155583	-0.662576	-0.658768
0.459655	-0.158679	-0.661612	-0.658233
0.459683	-0.157799	-0.660384	-0.657138
0.459719	-0.159002	-0.663414	-0.658048
0.459670	-0.158323	-0.663546	-0.657312
0.459586	-0.156223	-0.660701	-0.657410
0.459718	-0.158544	-0.662755	-0.657712
0.459687	-0.157546	-0.660414	-0.659169
0.459653	-0.156786	-0.662325	-0.658650
0.459738	-0.157246	-0.662708	-0.658266
0.459658	-0.158286	-0.660931	-0.658510
0.459646	-0.157924	-0.660627	-0.657707
0.459748	-0.158711	-0.662047	-0.658533
0.459625	-0.160084	-0.660522	-0.658916
0.459698	-0.160257	-0.659533	-0.658495
0.459719	-0.160384	-0.660419	-0.658328
0.459663	-0.159257	-0.658529	-0.658614
0.459623	-0.160805	-0.659531	-0.659111
0.459750	-0.161879	-0.659188	-0.659055
0.459702	-0.160416	-0.660771	-0.657098
0.459671	-0.160247	-0.661587	-0.658707
0.459641	-0.159454	-0.661129	-0.658402
0.459648	-0.159978	-0.662468	-0.656950
0.459606	-0.159640	-0.663722	-0.658495
0.459738	-0.159596	-0.662478	-0.659708
0.459693	-0.158551	-0.661060	-0.657440
0.459616	-0.158356	-0.662073	-0.661350
0.459771	-0.157652	-0.661685	-0.659539
0.459613	-0.157611	-0.663248	-0.657426
0.459644	-0.156725	-0.663520	-0.659240
0.459546	-0.156041	-0.663534	-0.658961
0.459722	-0.156277	-0.664700	-0.657648
0.459497	-0.155941	-0.664346	-0.658147
0.459975	-0.156314	-0.665603	-0.657404
0.458287	-0.153957	-0.666233	-0.658009
0.454374	-0.154205	-0.666870	-0.659136
0.454766	-0.155471	-0.665690	-0.658949
0.454434	-0.155317	-0.663975	-0.658234
0.454722	-0.153910	-0.664393	-0.658773
0.454554	-0.154279	-0.665528	-0.656782
0.454643	-0.155832	-0.666148	-0.658467
0.454638	-0.155090	-0.665480	-0.658700
0.454589	-0.156188	-0.665885	-0.659118
0.454597	-0.156736	-0.666914	-0.659827
0.454626	-0.156489	-0.666288	-0.658352
0.454589	-0.157775	-0.665947	-0.660283
0.454696	-0.157500	-0.664185	-0.660661
0.454617	-0.156885	-0.665165	-0.658954
0.454540	-0.157089	-0.664214	-0.659559
0.454601	-0.156000	-0.664601	-0.658158
0.454646	-0.154641	-0.663564	-0.660080
0.454624	-0.155005	-0.662491	-0.658149
0.454589	-0.154094	-0.664366	-0.659139
0.454587	-0.154338	-0.663747	-0.659739
0.454540	-0.154154	-0.664227	-0.657312
0.454628	-0.154031	-0.663512	-0.657936
0.454658	-0.152398	-0.665482	-0.658635
0.454682	-0.151829	-0.664870	-0.658906
0.454608	-0.152131	-0.665421	-0.659225
0.454565	-0.152408	-0.665158	-0.659500
0.454594	-0.153746	-0.665660	-0.659475
0.454594	-0.153724	-0.666291	-0.657290
0.454693	-0.153798	-0.664788	-0.658650
0.454614	-0.153658	-0.662951	-0.658077
0.454581	-0.155881	-0.662978	-0.658482
0.454655	-0.156193	-0.663965	-0.660250
0.454623	-0.155353	-0.664865	-0.658008
0.454617	-0.155020	-0.663527	-0.658809
0.454633	-0.154899	-0.663420	-0.658499
0.454616	-0.158704	-0.663985	-0.659423
0.454693	-0.156300	-0.664981	-0.657603
0.454591	-0.157498	-0.662624	-0.658600
0.454672	-0.157707	-0.662729	-0.656440
0.454646	-0.158251	-0.662448	-0.657500
0.454642	-0.159146	-0.662349	-0.659265
0.454505	-0.160790	-0.659454	-0.657062
0.454607	-0.160285	-0.661390	-0.658451
0.454607	-0.161443	-0.660427	-0.660262
0.454700	-0.161578	-0.660125	-0.659185
0.454540	-0.162336	-0.659519	-0.657137
0.454762	-0.162498	-0.657252	-0.658822
0.454522	-0.163170	-0.658226	-0.657845
0.454825	-0.162911	-0.658771	-0.658649
0.454143	-0.163176	-0.659227	-0.658102
0.456584	-0.161483	-0.660334	-0.658206
0.460063	-0.161128	-0.660814	-0.658216
0.459412	-0.161720	-0.659602	-0.659091
0.455481	-0.161213	-0.660073	-0.658695
0.454369	-0.160906	-0.660444	-0.657392
0.454740	-0.160934	-0.659148	-0.657351
0.454410	-0.159122	-0.660529	-0.659661
0.454764	-0.158356	-0.661274	-0.658060
0.454539	-0.158345	-0.661571	-0.657651
0.454692	-0.155160	-0.662651	-0.657709
0.454619	-0.157164	-0.662072	-0.659367
0.454537	-0.155041	-0.662823	-0.658917
0.454557	-0.155239	-0.666248	-0.658933
0.454677	-0.155181	-0.663784	-0.658757
0.454560	-0.157592	-0.664646	-0.656624
0.454645	-0.156985	-0.663249	-0.657944
0.454626	-0.156371	-0.662693	-0.658856
0.454577	-0.156205	-0.663599	-0.658293
0.454594	-0.155626	-0.664714	-0.658072
0.454608	-0.156334	-0.662871	-0.659648
0.454583	-0.154183	-0.663502	-0.657643
0.454622	-0.153594	-0.662983	-0.659119
0.454571	-0.154755	-0.663886	-0.658023
0.454636	-0.153778	-0.664730	-0.658259
0.454582	-0.154165	-0.665759	-0.658630
0.454633	-0.153727	-0.667049	-0.658640
0.454559	-0.153585	-0.666217	-0.657993
0.454604	-0.155195	-0.664906	-0.657808
0.454645	-0.154181	-0.663199	-0.657731
0.454626	-0.154612	-0.663713	-0.658746
0.454594	-0.153940	-0.664255	-0.658917
0.454611	-0.155045	-0.663976	-0.658852
0.454592	-0.155433	-0.663223	-0.658492
0.454637	-0.153424	-0.664799	-0.656742
0.454660	-0.152658	-0.665188	-0.658974
0.454612	-0.153308	-0.665360	-0.658792
0.454660	-0.152792	-0.666609	-0.658138
0.454563	-0.153349	-0.667196	-0.658608
0.454594	-0.152321	-0.667844	-0.659757
0.454685	-0.151267	-0.666848	-0.656651
0.454715	-0.153469	-0.668376	-0.657880
0.454632	-0.152486	-0.669118	-0.658353
0.454626	-0.150991	-0.668810	-0.658530
0.454606	-0.150809	-0.668878	-0.658949
0.454692	-0.151911	-0.669190	-0.658202
0.454658	-0.152683	-0.668909	-0.658947
0.454683	-0.151321	-0.669504	-0.659041
0.454636	-0.149775	-0.670543	-0.658182
0.454647	-0.149511	-0.671783	-0.658938
0.454592	-0.149610	-0.672506	-0.658833
0.454708	-0.150186	-0.672917	-0.659249
0.454581	-0.149004	-0.670800	-0.659743
0.454591	-0.149748	-0.671417	-0.659388
0.454507	-0.150705	-0.673857	-0.658222
0.455102	-0.150256	-0.671642	-0.657732
0.459411	-0.150099	-0.672066	-0.658999
0.459638	-0.147978	-0.668905	-0.657627
0.459650	-0.149490	-0.671425	-0.660049
0.459640	-0.151812	-0.671266	-0.658618
0.459592	-0.148617	-0.673211	-0.659936
0.459666	-0.148087	-0.671488	-0.658388
0.459679	-0.148594	-0.673533	-0.659490
0.459614	-0.148371	-0.672652	-0.659225
0.459683	-0.151060	-0.672491	-0.658445
0.459738	-0.150267	-0.671897	-0.657633
0.459663	-0.151518	-0.670959	-0.657567
0.459665	-0.152987	-0.670586	-0.659878
0.459679	-0.153066	-0.670211	-0.658737
0.459690	-0.155564	-0.670544	-0.658355
0.459653	-0.153443	-0.669781	-0.659151
0.459670	-0.158025	-0.669304	-0.658905
0.459699	-0.157142	-0.667244	-0.658673
0.459666	-0.157813	-0.668935	-0.659277
0.459638	-0.159659	-0.667612	-0.659451
0.459655	-0.161780	-0.667628	-0.658678
0.459737	-0.161993	-0.667674	-0.658945
0.459591	-0.162971	-0.667021	-0.659230
0.459606	-0.162306	-0.666924	-0.659182
0.459650	-0.164748	-0.666267	-0.657195
0.459618	-0.164619	-0.664922	-0.658371
0.459596	-0.162319	-0.665357	-0.658198
0.459715	-0.162903	-0.664890	-0.658237
0.459626	-0.162824	-0.664724	-0.658756
0.459640	-0.163215	-0.665257	-0.659435
0.459660	-0.162506	-0.665040	-0.659303
0.459631	-0.162441	-0.665714	-0.658987
0.459655	-0.163030	-0.666025	-0.658331
0.459720	-0.162511	-0.663594	-0.659165
0.459707	-0.161210	-0.663862	-0.657790
0.459734	-0.162113	-0.663636	-0.659520
0.459634	-0.162509	-0.664781	-0.658162
0.459604	-0.161037	-0.665324	-0.658031
0.459576	-0.161301	-0.663206	-0.660156
0.459673	-0.160344	-0.662423	-0.659832
0.459680	-0.160648	-0.663060	-0.657753
0.459730	-0.159352	-0.663644	-0.660097
0.459569	-0.159097	-0.662805	-0.658855
0.459861	-0.160853	-0.663003	-0.657816
0.458735	-0.159629	-0.664017	-0.658392
0.454608	-0.158701	-0.662748	-0.658267
0.454660	-0.159639	-0.665252	-0.657796
0.454504	-0.157535	-0.664457	-0.658038
0.454616	-0.157973	-0.663446	-0.658685
0.454535	-0.157527	-0.663871	-0.658664
0.454639	-0.158952	-0.664876	-0.659589
0.454587	-0.157208	-0.665713	-0.658539
0.454691	-0.158557	-0.663977	-0.658831
0.454607	-0.159689	-0.663900	-0.658063
0.454656	-0.158780	-0.664530	-0.657585
0.454628	-0.160958	-0.665863	-0.658325
0.454617	-0.161684	-0.662823	-0.658481
0.454596	-0.161612	-0.664812	-0.658204
0.454668	-0.161869	-0.661157	-0.658761
0.454588	-0.161854	-0.660334	-0.657285
0.454692	-0.161561	-0.659603	-0.658922
0.454613	-0.162327	-0.660538	-0.659501
0.454611	-0.160941	-0.660102	-0.658307
0.454586	-0.161327	-0.659996	-0.658325
0.454678	-0.160818	-0.659165	-0.658223
0.454574	-0.161357	-0.659866	-0.659237
0.454761	-0.161344	-0.660110	-0.658233
0.454495	-0.161864	-0.659670	-0.658670
0.454766	-0.159400	-0.659979	-0.658186
0.454379	-0.162463	-0.661363	-0.657732
0.458265	-0.160626	-0.660671	-0.657950
0.459985	-0.162424	-0.661741	-0.659589
0.459611	-0.161439	-0.662001	-0.659948
0.459762	-0.161023	-0.658137	-0.659128
0.459539	-0.160948	-0.659611	-0.658559
0.459783	-0.161869	-0.659660	-0.658873
0.459565	-0.162376	-0.658939	-0.657671
0.459728	-0.162429	-0.658418	-0.659366
0.459539	-0.163759	-0.657450	-0.659490
0.459742	-0.163186	-0.656960	-0.659130
0.459606	-0.165066	-0.656072	-0.659021
0.459754	-0.164180	-0.655862	-0.658764
0.459602	-0.164347	-0.655659	-0.657706
0.459753	-0.163688	-0.655390	-0.658724
0.459491	-0.164387	-0.655729	-0.657346
0.459749	-0.164219	-0.656179	-0.657494
0.459406	-0.165651	-0.655209	-0.658659
0.459971	-0.165718	-0.654718	-0.658972
0.458277	-0.165990	-0.655045	-0.657880
0.454354	-0.164899	-0.655754	-0.657698
0.454770	-0.164661	-0.657586	-0.659167
0.454533	-0.166063	-0.655049	-0.657379
0.454715	-0.165707	-0.656505	-0.657864
0.454545	-0.165026	-0.655575	-0.657797
0.454653	-0.167664	-0.655018	-0.658117
0.454563	-0.167463	-0.655100	-0.658679
0.454648	-0.166413	-0.653461	-0.658699
0.454569	-0.167963	-0.654400	-0.657995
0.454661	-0.168858	-0.655063	-0.658782
0.454606	-0.166560	-0.655686	-0.659610
0.454701	-0.166130	-0.656201	-0.659371
0.454559	-0.167765	-0.653837	-0.657627
0.454552	-0.167657	-0.655005	-0.658239
0.454559	-0.168858	-0.655674	-0.657884
0.454613	-0.168799	-0.655350	-0.658466
0.454695	-0.168367	-0.655214	-0.659306
0.454675	-0.169138	-0.654111	-0.657765
0.454617	-0.169670	-0.655128	-0.657966
0.454624	-0.170406	-0.652896	-0.659030
0.454571	-0.170952	-0.651943	-0.658900
0.454525	-0.171456	-0.652653	-0.658430
0.454656	-0.172239	-0.653406	-0.658601
0.454573	-0.173008	-0.651615	-0.658748
0.454591	-0.173791	-0.651376	-0.658984
0.454627	-0.171948	-0.652982	-0.658155
0.454593	-0.171424	-0.650922	-0.658594
0.454593	-0.170649	-0.651297	-0.659887
0.454685	-0.168167	-0.651906	-0.657315
0.454648	-0.168609	-0.651280	-0.658422
0.454632	-0.166413	-0.651507	-0.658559
0.454633	-0.165981	-0.653245	-0.657782
0.454608	-0.164523	-0.651587	-0.659143
0.454594	-0.161864	-0.654381	-0.658333
0.454657	-0.160865	-0.654214	-0.658591
0.454569	-0.161650	-0.655247	-0.658218
0.454606	-0.160228	-0.655911	-0.658650
0.450291	-0.161813	-0.655624	-0.656963
0.449411	-0.160723	-0.656639	-0.657651
0.449674	-0.161093	-0.655518	-0.658982
0.449470	-0.160783	-0.656164	-0.658460
0.449585	-0.160387	-0.655848	-0.659586
0.449513	-0.159979	-0.657557	-0.659243
0.449616	-0.160193	-0.657622	-0.657889
0.449564	-0.161008	-0.657540	-0.657727
0.449565	-0.160049	-0.656048	-0.658821
0.449510	-0.159601	-0.657128	-0.658523
0.449580	-0.156995	-0.657868	-0.658089
0.449498	-0.158324	-0.656830	-0.658851
0.449640	-0.158794	-0.657564	-0.659207
0.449566	-0.157725	-0.658375	-0.657614
0.449596	-0.156192	-0.658502	-0.657567
0.449549	-0.156264	-0.657542	-0.659385
0.449561	-0.155536	-0.657073	-0.658138
0.449557	-0.156153	-0.659043	-0.659361
0.449569	-0.153762	-0.657406	-0.659560
0.449537	-0.153340	-0.657464	-0.658102
0.449515	-0.152948	-0.659350	-0.658290
0.449512	-0.153201	-0.659287	-0.658816
0.449654	-0.152196	-0.657686	-0.658747
0.449451	-0.151177	-0.659730	-0.658229
0.449638	-0.150809	-0.661038	-0.658198
0.449508	-0.150402	-0.661221	-0.658534
0.449660	-0.149693	-0.661058	-0.659294
0.449466	-0.148984	-0.663071	-0.657712
0.449748	-0.146679	-0.663777	-0.658292
0.449443	-0.147913	-0.666003	-0.656473
0.449940	-0.148134	-0.665583	-0.657306
0.453941	-0.145363	-0.665746	-0.658080
0.455002	-0.147820	-0.665830	-0.657181
0.454269	-0.145875	-0.665456	-0.659681
0.455254	-0.148005	-0.665680	-0.658903
0.451833	-0.148932	-0.664938	-0.657409
0.451421	-0.148640	-0.665336	-0.658168
0.455319	-0.148816	-0.665081	-0.657921
0.454216	-0.150911	-0.665070	-0.658781
0.454927	-0.149467	-0.666691	-0.658362
0.454303	-0.148493	-0.666456	-0.657042
0.454951	-0.149057	-0.666113	-0.659205
0.454296	-0.149440	-0.664905	-0.658204
0.454997	-0.149774	-0.666568	-0.657823
0.453859	-0.150008	-0.666747	-0.658484
0.452460	-0.149126	-0.666940	-0.659190
0.454890	-0.150291	-0.666654	-0.657347
0.454471	-0.150743	-0.666736	-0.658933
0.454737	-0.149446	-0.666550	-0.658222
0.454523	-0.151327	-0.667461	-0.658450
0.454646	-0.150991	-0.667058	-0.657971
0.454627	-0.152554	-0.667333	-0.657843
0.454622	-0.152568	-0.668256	-0.657688
0.454569	-0.153221	-0.667212	-0.659010
0.454667	-0.155120	-0.666091	-0.659278
0.454611	-0.154263	-0.666588	-0.657329
0.454624	-0.156633	-0.665949	-0.657370
0.454596	-0.157040	-0.665225	-0.657927
0.454617	-0.156277	-0.666461	-0.656573
0.454622	-0.156138	-0.664855	-0.658991
0.454596	-0.158771	-0.664598	-0.659316
0.454604	-0.159119	-0.662461	-0.658346
0.454612	-0.160424	-0.663125	-0.658377
0.454583	-0.160098	-0.663033	-0.658644
0.454666	-0.161252	-0.661906	-0.658811
0.454602	-0.161186	-0.661735	-0.656918
0.454609	-0.160357	-0.661330	-0.658563
0.454621	-0.162364	-0.662602	-0.658739
0.454574	-0.159587	-0.663549	-0.658719
0.454621	-0.159500	-0.662516	-0.659976
0.454602	-0.159367	-0.662344	-0.658837
0.454634	-0.161105	-0.663165	-0.658796
0.454611	-0.159574	-0.662512	-0.659144
0.454632	-0.159257	-0.664435	-0.657921
0.454623	-0.159880	-0.665154	-0.657594
0.454554	-0.158609	-0.664055	-0.658249
0.454645	-0.157855	-0.664900	-0.659199
0.454611	-0.156973	-0.665644	-0.658662
0.454572	-0.155042	-0.667748	-0.659557
0.454693	-0.155721	-0.665817	-0.659188
0.454608	-0.155976	-0.668174	-0.658847
0.454608	-0.154910	-0.669321	-0.657578
0.454608	-0.153717	-0.669574	-0.657971
0.454591	-0.154751	-0.668543	-0.659611
0.454634	-0.152107	-0.668362	-0.656488
0.454621	-0.151793	-0.669655	-0.658377
0.454622	-0.152766	-0.669881	-0.659153
0.454591	-0.150681	-0.670864	-0.657847
0.454622	-0.150784	-0.670828	-0.659168
0.454539	-0.150961	-0.671195	-0.658211
0.454667	-0.151177	-0.670928	-0.658330
0.454587	-0.149935	-0.671390	-0.658803
0.454628	-0.150539	-0.672995	-0.658575
0.454670	-0.150405	-0.673023	-0.658236
0.454582	-0.149909	-0.671905	-0.658564
0.454587	-0.150933	-0.671493	-0.658219
0.454523	-0.151996	-0.672021	-0.658516
0.454677	-0.152495	-0.670856	-0.658766
0.454509	-0.153505	-0.670833	-0.658036
0.454626	-0.154914	-0.671586	-0.656905
0.454626	-0.155233	-0.671216	-0.660047
0.454668	-0.155294	-0.669025	-0.659318
0.454560	-0.157674	-0.667837	-0.657064
0.454632	-0.160369	-0.667647	-0.658449
0.454562	-0.159557	-0.666105	-0.658971
0.454638	-0.160042	-0.664821	-0.658434
0.454557	-0.161942	-0.665522	-0.657143
0.454744	-0.159684	-0.666549	-0.658202
0.454405	-0.160589	-0.665906	-0.658586
0.455569	-0.162007	-0.667386	-0.658238
0.459704	-0.160523	-0.666333	-0.658182
0.459567	-0.162010	-0.666264	-0.659691
0.459687	-0.161580	-0.665979	-0.658068
0.459624	-0.160683	-0.664656	-0.657662
0.459734	-0.161753	-0.662411	-0.658997
0.459649	-0.161824	-0.664229	-0.660926
0.459694	-0.159800	-0.663774	-0.659907
0.459695	-0.159363	-0.664227	-0.658054
0.459654	-0.159919	-0.663755	-0.657686
0.459630	-0.159949	-0.664199	-0.658401
0.459559	-0.159437	-0.664000	-0.657401
0.459702	-0.158973	-0.664474	-0.658132
0.459574	-0.157279	-0.664212	-0.657625
0.459720	-0.157416	-0.664710	-0.657732
0.459468	-0.160315	-0.664149	-0.657600
0.459932	-0.159038	-0.665163	-0.658120
0.458520	-0.157811	-0.664905	-0.658911
0.454470	-0.158999	-0.663054	-0.657413
0.454710	-0.159062	-0.664332	-0.658895
0.454451	-0.157046	-0.663764	-0.657920
0.454609	-0.157874	-0.664418	-0.658916
0.454632	-0.157759	-0.663915	-0.658322
0.454666	-0.156021	-0.664410	-0.657009
0.454582	-0.157527	-0.664184	-0.658407
0.454619	-0.158505	-0.663720	-0.658066
0.454638	-0.158242	-0.664486	-0.659948
0.454597	-0.157276	-0.662830	-0.659069
0.454589	-0.156540	-0.663143	-0.658409
0.454661	-0.158294	-0.663636	-0.659866
0.454707	-0.156670	-0.663480	-0.658214
0.454612	-0.158005	-0.662234	-0.657129
0.454624	-0.158254	-0.664689	-0.658501
0.454586	-0.158223	-0.664076	-0.656883
0.454584	-0.157908	-0.663170	-0.659223
0.454622	-0.157039	-0.662822	-0.658613
0.454663	-0.157349	-0.663438	-0.658310
0.454623	-0.157820	-0.663338	-0.658232
0.454677	-0.159375	-0.662975	-0.658154
0.454642	-0.157164	-0.663074	-0.658548
0.454626	-0.158201	-0.662773	-0.658381
0.454616	-0.156647	-0.663601	-0.658396
0.454636	-0.156300	-0.663665	-0.657860
0.454592	-0.156243	-0.662837	-0.658228
0.454608	-0.156613	-0.662392	-0.657386
0.454629	-0.156149	-0.663364	-0.659762
0.454626	-0.155753	-0.663562	-0.658782
0.454678	-0.155603	-0.664190	-0.658420
0.454573	-0.155115	-0.664400	-0.656157
0.454665	-0.153266	-0.663436	-0.656094
0.454667	-0.153259	-0.663739	-0.657978
0.454535	-0.153395	-0.663641	-0.659339
0.454658	-0.150534	-0.663592	-0.658860
0.454591	-0.149844	-0.664744	-0.657651
0.454623	-0.149610	-0.665055	-0.657530
0.454592	-0.149999	-0.665875	-0.658066
0.454601	-0.148738	-0.665531	-0.657891
0.454648	-0.148899	-0.664301	-0.656868
0.454606	-0.148395	-0.665298	-0.658297
0.454627	-0.148333	-0.666966	-0.658502
0.454690	-0.149393	-0.665794	-0.656197
0.454522	-0.149376	-0.668319	-0.658640
0.454682	-0.149067	-0.668846	-0.658520
0.454573	-0.149440	-0.667763	-0.659073
0.454660	-0.151003	-0.669106	-0.658851
0.454641	-0.150258	-0.669880	-0.658001
0.454725	-0.150077	-0.668499	-0.658199
0.454593	-0.149907	-0.668454	-0.658182
0.454657	-0.151459	-0.668262	-0.657753
0.454548	-0.151080	-0.669050	-0.657334
0.454734	-0.149716	-0.667993	-0.659329
0.454534	-0.149895	-0.667108	-0.658956
0.454744	-0.150764	-0.667171	-0.659805
0.454394	-0.151062	-0.668839	-0.659392
0.454831	-0.149082	-0.669529	-0.658618
0.454173	-0.147838	-0.669207	-0.658700
0.456487	-0.150188	-0.670391	-0.659109
0.460049	-0.150563	-0.667800	-0.659800
0.459434	-0.152554	-0.668444	-0.658202
0.459799	-0.150301	-0.669119	-0.658769
0.459552	-0.152165	-0.667661	-0.657545
0.459789	-0.153216	-0.666466	-0.659016
0.459540	-0.153634	-0.666561	-0.658758
0.459735	-0.154644	-0.666261	-0.658519
0.459572	-0.155846	-0.668926	-0.658455
0.459688	-0.154746	-0.666198	-0.658928
0.459620	-0.155562	-0.666495	-0.658871
0.459664	-0.154845	-0.667537	-0.658731
0.459668	-0.154890	-0.667437	-0.657864
0.459636	-0.156234	-0.666959	-0.657509
0.459676	-0.155308	-0.665856	-0.658150
0.459621	-0.155318	-0.665687	-0.657057
0.459597	-0.156520	-0.666531	-0.659532
0.459673	-0.154663	-0.664808	-0.658233
0.459645	-0.155297	-0.664148	-0.658436
0.459703	-0.155921	-0.664277	-0.659131
0.459624	-0.156086	-0.666188	-0.657618
0.459623	-0.152882	-0.665944	-0.656874
0.459658	-0.152565	-0.666051	-0.658734
0.459592	-0.152630	-0.668381	-0.657578
0.459668	-0.151058	-0.665772	-0.657915
0.459705	-0.150742	-0.665818	-0.658118
0.459633	-0.150400	-0.667669	-0.658994
0.459680	-0.150048	-0.668476	-0.659963
0.459663	-0.150440	-0.668424	-0.657582
0.459615	-0.149827	-0.667439	-0.659334
0.459674	-0.147679	-0.669806	-0.658801
0.459659	-0.149230	-0.669557	-0.659446
0.459636	-0.148467	-0.669708	-0.656938
0.459611	-0.149356	-0.670266	-0.658619
0.459687	-0.148647	-0.668945	-0.657694
0.459630	-0.149012	-0.668387	-0.658120
0.459690	-0.149263	-0.670250	-0.657045
0.459645	-0.148502	-0.671473	-0.658614
0.459692	-0.147938	-0.671454	-0.657826
0.459650	-0.149529	-0.669340	-0.657241
0.459613	-0.149850	-0.669373	-0.659000
0.459661	-0.149452	-0.670371	-0.657956
0.459722	-0.149847	-0.670141	-0.658565
0.459619	-0.150094	-0.668989	-0.658272
0.459651	-0.151409	-0.668050	-0.657722
0.459644	-0.151107	-0.666910	-0.656965
0.459624	-0.154229	-0.667065	-0.657896
0.459605	-0.154930	-0.664634	-0.657978
0.459729	-0.156668	-0.664903	-0.658251
0.459613	-0.154979	-0.664797	-0.657679
0.459625	-0.154762	-0.665025	-0.658743
0.459740	-0.158346	-0.663507	-0.658726
0.459664	-0.156950	-0.662434	-0.657920
0.459681	-0.157771	-0.661521	-0.658241
0.459640	-0.158238	-0.661802	-0.658827
0.459688	-0.158546	-0.662750	-0.659279
0.459669	-0.158221	-0.662510	-0.658368
0.459636	-0.155804	-0.663145	-0.659159
0.459641	-0.156188	-0.663458	-0.658416
0.459623	-0.155725	-0.664913	-0.657815
0.459656	-0.157914	-0.663971	-0.659471
0.459640	-0.155284	-0.664841	-0.659719
0.459651	-0.154677	-0.665177	-0.659204
0.459653	-0.154899	-0.664514	-0.659359
0.459623	-0.153800	-0.666019	-0.658719
0.459669	-0.154031	-0.665032	-0.657273
0.459735	-0.152535	-0.666263	-0.657516
0.459633	-0.155289	-0.667108	-0.658712
0.459660	-0.154701	-0.667248	-0.658138
0.459634	-0.153981	-0.666737	-0.659274
0.459681	-0.154092	-0.666266	-0.658743
0.459646	-0.153845	-0.666726	-0.657558
0.459688	-0.154780	-0.665985	-0.656859
0.459607	-0.155314	-0.667659	-0.658840
0.459664	-0.153786	-0.667085	-0.659492
0.459619	-0.153902	-0.666348	-0.658179
0.459671	-0.155191	-0.664568	-0.657562
0.459661	-0.156028	-0.665558	-0.657186
0.459624	-0.156730	-0.666053	-0.658619
0.459772	-0.156513	-0.666813	-0.657594
0.459633	-0.157217	-0.664688	-0.657729
0.459605	-0.158098	-0.665548	-0.657980
0.459669	-0.157453	-0.664571	-0.658504
0.459641	-0.158140	-0.664809	-0.658414
0.459679	-0.158900	-0.664866	-0.658197
0.459624	-0.158317	-0.664323	-0.658407
0.459611	-0.157386	-0.666257	-0.659129
0.459638	-0.155961	-0.665873	-0.658169
0.459640	-0.157412	-0.666617	-0.659699
0.459656	-0.157506	-0.665951	-0.658252
0.459660	-0.156575	-0.667707	-0.659012
0.459610	-0.156184	-0.666757	-0.658274
0.459646	-0.155676	-0.665638	-0.658404
0.459602	-0.155804	-0.666219	-0.657785
0.459659	-0.155488	-0.666377	-0.657539
0.459664	-0.156472	-0.666904	-0.658118
0.459623	-0.158521	-0.667207	-0.659456
0.459703	-0.156014	-0.666237	-0.660235
0.459646	-0.157617	-0.664886	-0.657401
0.459661	-0.158645	-0.664961	-0.658202
0.459619	-0.157556	-0.664837	-0.659339
0.459650	-0.159093	-0.666170	-0.658995
0.459710	-0.156598	-0.664438	-0.659063
0.459670	-0.157711	-0.665633	-0.658763
0.459564	-0.157810	-0.664403	-0.657852
0.459644	-0.157762	-0.664346	-0.657532
0.459636	-0.158345	-0.666526	-0.659024
0.459695	-0.158776	-0.664745	-0.659160
0.459673	-0.159547	-0.663956	-0.658099
0.459739	-0.161352	-0.664108	-0.656415
0.459654	-0.161750	-0.664474	-0.658218
0.459668	-0.159467	-0.662470	-0.659358
0.459630	-0.160486	-0.662468	-0.658419
0.459643	-0.162090	-0.660942	-0.657345
0.459638	-0.159843	-0.661244	-0.656845
0.459671	-0.160479	-0.660647	-0.658942
0.459631	-0.158805	-0.659410	-0.656692
0.459681	-0.160755	-0.660365	-0.658325
0.459698	-0.160472	-0.660476	-0.659576
0.459699	-0.157694	-0.660883	-0.659532
0.459669	-0.157650	-0.661781	-0.657910
0.459685	-0.156254	-0.662210	-0.658965
0.459623	-0.155009	-0.662914	-0.656785
0.459643	-0.153512	-0.664601	-0.655709
0.459644	-0.153738	-0.665540	-0.659106
0.459653	-0.153124	-0.667311	-0.657966
0.459707	-0.150034	-0.667360	-0.657618
0.459636	-0.151043	-0.668082	-0.658175
0.459717	-0.149793	-0.667872	-0.659526
0.459589	-0.150376	-0.670165	-0.657932
0.459742	-0.150041	-0.669154	-0.658506
0.459577	-0.150102	-0.669890	-0.660244
0.459655	-0.150744	-0.669117	-0.658046
0.459572	-0.150735	-0.669217	-0.657643
0.459771	-0.149778	-0.668250	-0.658829
0.459576	-0.150405	-0.670018	-0.658635
0.459863	-0.148950	-0.669368	-0.658406
0.459431	-0.149858	-0.668898	-0.658862
0.460059	-0.151382	-0.667475	-0.657236
0.458424	-0.152734	-0.667036	-0.659482
0.454540	-0.152632	-0.666155	-0.658846
0.454667	-0.153545	-0.664551	-0.657723
0.454705	-0.152500	-0.665751	-0.657035
0.454390	-0.152958	-0.664937	-0.658181
0.455808	-0.154546	-0.665375	-0.659046
0.459914	-0.156145	-0.663506	-0.657974
0.459549	-0.155262	-0.664816	-0.658543
0.459794	-0.155350	-0.662899	-0.659244
0.459600	-0.156202	-0.663704	-0.658698
0.459709	-0.154294	-0.663259	-0.659281
0.459640	-0.155332	-0.663326	-0.658444
0.459766	-0.157334	-0.663765	-0.659015
0.459604	-0.155409	-0.663061	-0.659145
0.459683	-0.154339	-0.663314	-0.658201
0.459576	-0.155257	-0.664661	-0.657812
0.459737	-0.156955	-0.663831	-0.658118
0.459610	-0.156567	-0.662421	-0.658385
0.459715	-0.155345	-0.663626	-0.659545
0.459663	-0.156187	-0.663931	-0.658263
0.459625	-0.154851	-0.664556	-0.657579
0.459661	-0.154474	-0.664417	-0.658271
0.459664	-0.153444	-0.665061	-0.657842
0.459683	-0.153434	-0.666544	-0.659520
0.459681	-0.152822	-0.664916	-0.660546
0.459636	-0.151912	-0.666378	-0.658263
0.459685	-0.151309	-0.667539	-0.658624
0.459639	-0.154924	-0.668293	-0.657983
0.459693	-0.155249	-0.666068	-0.659769
0.459693	-0.152716	-0.666201	-0.658282
0.459738	-0.154348	-0.666822	-0.657179
0.455731	-0.155068	-0.665147	-0.658060
0.454338	-0.154316	-0.669033	-0.657994
0.454875	-0.154868	-0.666734	-0.659952
0.454441	-0.155541	-0.666387	-0.658153
0.454762	-0.155298	-0.666272	-0.659237
0.454449	-0.154430	-0.665683	-0.658472
0.454949	-0.155599	-0.667177	-0.657701
0.456799	-0.154626	-0.666931	-0.658568
0.454622	-0.155817	-0.664634	-0.657088
0.454678	-0.156540	-0.665757	-0.658401
0.454634	-0.157690	-0.665323	-0.657584
0.454557	-0.157251	-0.665787	-0.657669
0.454687	-0.155579	-0.664797	-0.657837
0.454562	-0.157979	-0.665429	-0.659888
0.454808	-0.156870	-0.666554	-0.659185
0.454208	-0.158168	-0.664960	-0.659648
0.456441	-0.158069	-0.664359	-0.657882
0.460039	-0.158273	-0.665194	-0.658356
0.459448	-0.158154	-0.664461	-0.658386
0.459877	-0.160213	-0.663585	-0.657922
0.459584	-0.159721	-0.662767	-0.657713
0.459786	-0.159922	-0.661689	-0.659903
0.459641	-0.160707	-0.662193	-0.658768
0.459761	-0.160785	-0.662135	-0.656251
0.459698	-0.161002	-0.660123	-0.658907
0.459730	-0.159625	-0.661172	-0.658267
0.459683	-0.157859	-0.660641	-0.656520
0.459728	-0.157203	-0.660978	-0.658777
0.459655	-0.157068	-0.660883	-0.657911
0.459532	-0.154611	-0.663169	-0.659138
0.459614	-0.155010	-0.663362	-0.657816
0.455269	-0.155039	-0.661372	-0.657929
0.454419	-0.154596	-0.663463	-0.659183
0.454726	-0.152513	-0.663483	-0.657360
0.454576	-0.153428	-0.663033	-0.658222
0.454683	-0.152147	-0.662869	-0.660035
0.454512	-0.152987	-0.663917	-0.658327
0.454645	-0.152912	-0.663873	-0.658341
0.454609	-0.153151	-0.664264	-0.657387
0.454568	-0.154382	-0.666704	-0.656948
0.454653	-0.153117	-0.664634	-0.659570
0.454645	-0.154403	-0.664995	-0.658175
0.454631	-0.154248	-0.664824	-0.659174
0.454606	-0.154007	-0.663936	-0.658211
0.454692	-0.152460	-0.665796	-0.659423
0.454665	-0.152532	-0.665807	-0.658165
0.454632	-0.152314	-0.665741	-0.658481
0.454565	-0.152138	-0.664957	-0.659666
0.454611	-0.152813	-0.666747	-0.658302
0.454564	-0.151163	-0.668035	-0.657387
0.454766	-0.152663	-0.667105	-0.658363
0.454471	-0.151140	-0.667570	-0.658624
0.454844	-0.151086	-0.667950	-0.657737
0.454138	-0.150932	-0.668801	-0.657674
0.457005	-0.151514	-0.667731	-0.659065
0.460067	-0.150649	-0.669695	-0.657055
0.459422	-0.150236	-0.668748	-0.657678
0.459804	-0.151281	-0.666488	-0.658510
0.459605	-0.149909	-0.667580	-0.657904
0.459728	-0.150812	-0.669682	-0.659685
0.459644	-0.153097	-0.668483	-0.659770
0.459689	-0.153136	-0.668992	-0.659108
0.459638	-0.152260	-0.668836	-0.657496
0.459705	-0.153334	-0.668919	-0.657528
0.459629	-0.153311	-0.668993	-0.658198
0.459715	-0.153200	-0.667550	-0.658931
0.459639	-0.154692	-0.668226	-0.658789
0.459713	-0.155566	-0.667366	-0.658482
0.459314	-0.155527	-0.665702	-0.658035
0.454984	-0.156468	-0.665242	-0.658194
0.454829	-0.155517	-0.665355	-0.658568
0.459396	-0.155543	-0.666662	-0.657931
0.459723	-0.154710	-0.667092	-0.658107
0.459591	-0.152469	-0.666296	-0.657973
0.459684	-0.155085	-0.666927	-0.657986
0.459644	-0.154159	-0.667910	-0.657389
0.459738	-0.154957	-0.668193	-0.658591
0.459681	-0.154805	-0.667693	-0.656874
0.459704	-0.154309	-0.667310	-0.656500
0.459597	-0.155224	-0.668228	-0.658677
0.459630	-0.153792	-0.667620	-0.658343
0.459623	-0.154904	-0.666906	-0.658450
0.459725	-0.153474	-0.667045	-0.658852
0.459590	-0.154788	-0.666937	-0.658134
0.459745	-0.154589	-0.667974	-0.656665
0.459517	-0.154990	-0.668567	-0.658891
0.459773	-0.154696	-0.669335	-0.658697
0.459432	-0.152146	-0.669072	-0.657783
0.460075	-0.154390	-0.668708	-0.657580
0.456804	-0.155740	-0.669240	-0.658598
0.454237	-0.154876	-0.669103	-0.659975
0.454856	-0.155514	-0.667465	-0.658114
0.454352	-0.154612	-0.669519	-0.659680
0.454647	-0.155090	-0.670140	-0.659859
0.454525	-0.156183	-0.669341	-0.658211
0.454711	-0.154837	-0.668794	-0.658502
0.454623	-0.156443	-0.670067	-0.658317
0.454633	-0.156103	-0.668517	-0.658046
0.454611	-0.153714	-0.669592	-0.659007
0.454681	-0.156387	-0.667347	-0.658836
0.454591	-0.153836	-0.668401	-0.657461
0.454638	-0.152948	-0.669404	-0.658624
0.454519	-0.155561	-0.669121	-0.657288
0.454732	-0.152784	-0.669181	-0.657384
0.454514	-0.152732	-0.670628	-0.658069
0.454745	-0.154941	-0.671800	-0.657192
0.454372	-0.152619	-0.672236	-0.658578
0.455386	-0.153288	-0.668059	-0.658782
0.459478	-0.154641	-0.669185	-0.658638
0.459729	-0.154815	-0.670237	-0.659821
0.459429	-0.155037	-0.669816	-0.657930
0.459949	-0.155961	-0.670833	-0.658331
0.456510	-0.156890	-0.670589	-0.656386
0.454221	-0.156722	-0.671930	-0.658472
0.454864	-0.156518	-0.671101	-0.658188
0.454455	-0.157398	-0.669980	-0.658788
0.454646	-0.158163	-0.667807	-0.657827
0.454504	-0.158025	-0.668921	-0.659402
0.454639	-0.156613	-0.669064	-0.657884
0.454632	-0.158669	-0.669616	-0.657186
0.454700	-0.159184	-0.670153	-0.658322
0.454528	-0.159206	-0.667124	-0.656951
0.454727	-0.158466	-0.667233	-0.657984
0.454581	-0.159500	-0.669025	-0.657506
0.454576	-0.160732	-0.668302	-0.657137
0.454589	-0.159372	-0.666816	-0.658167
0.454643	-0.158910	-0.667788	-0.657149
0.454621	-0.159002	-0.666914	-0.659159
0.454567	-0.159045	-0.667916	-0.658312
0.454652	-0.158560	-0.668473	-0.656057
0.454578	-0.159580	-0.667735	-0.657993
0.454681	-0.157288	-0.666833	-0.656675
0.454529	-0.158217	-0.669280	-0.658327
0.454687	-0.157780	-0.668340	-0.659318
0.454703	-0.157292	-0.666305	-0.658897
0.454657	-0.157144	-0.669098	-0.657532
0.454648	-0.158352	-0.667627	-0.658402
0.454652	-0.158370	-0.668316	-0.659941
0.454589	-0.156925	-0.667465	-0.658105
0.454670	-0.156588	-0.667381	-0.656971
0.454673	-0.155810	-0.667465	-0.657086
0.454637	-0.154802	-0.665981	-0.657843
0.454675	-0.154967	-0.667585	-0.658951
0.454623	-0.155444	-0.666905	-0.658198
0.454661	-0.153215	-0.669228	-0.657167
0.454646	-0.151456	-0.667481	-0.659089
0.454672	-0.150590	-0.668174	-0.657693
0.454634	-0.149576	-0.668372	-0.656874
0.454680	-0.150056	-0.671175	-0.658326
0.454711	-0.149710	-0.671378	-0.658211
0.454596	-0.148635	-0.670379	-0.658298
0.454588	-0.150409	-0.671694	-0.658305
0.454628	-0.148231	-0.670369	-0.657838
0.454636	-0.149711	-0.670648	-0.658673
0.454627	-0.149929	-0.673092	-0.658853
0.454676	-0.149469	-0.673273	-0.659551
0.454646	-0.150528	-0.673367	-0.659173
0.454651	-0.150952	-0.670668	-0.658722
0.454558	-0.151604	-0.671830	-0.657911
0.454553	-0.151647	-0.672839	-0.658926
0.454553	-0.152279	-0.672058	-0.658158
0.454637	-0.153923	-0.672874	-0.656827
0.454608	-0.152166	-0.671118	-0.658038
0.454622	-0.154210	-0.671313	-0.658387
0.454652	-0.154160	-0.669547	-0.657946
0.454611	-0.155557	-0.671294	-0.659284
0.454572	-0.155133	-0.670133	-0.657584
0.454671	-0.153475	-0.668662	-0.657793
0.454609	-0.155687	-0.669134	-0.656979
0.454716	-0.155323	-0.669365	-0.658181
0.454523	-0.154942	-0.668934	-0.658347
0.454731	-0.154442	-0.668193	-0.657005
0.454449	-0.154117	-0.667565	-0.657108
0.454737	-0.154879	-0.669057	-0.656411
0.454280	-0.154649	-0.669228	-0.657025
0.458651	-0.152574	-0.667657	-0.658073
0.456059	-0.154339	-0.668426	-0.658328
0.454237	-0.155307	-0.669233	-0.659227
0.454897	-0.156083	-0.668508	-0.657689
0.454471	-0.155488	-0.669556	-0.658796
0.454741	-0.155026	-0.668092	-0.658585
0.454571	-0.155761	-0.671267	-0.659450
0.454643	-0.155736	-0.669096	-0.659764
0.454517	-0.156126	-0.671394	-0.657292
0.454614	-0.156234	-0.670114	-0.658732
0.454609	-0.155650	-0.670013	-0.658386
0.454609	-0.155949	-0.670522	-0.658331
0.454618	-0.154961	-0.670980	-0.658266
0.454616	-0.154564	-0.672265	-0.658342
0.454636	-0.156111	-0.670442	-0.657925
0.454682	-0.155020	-0.672468	-0.658549
0.454569	-0.154732	-0.670512	-0.659510
0.454648	-0.155136	-0.672004	-0.657337
0.454579	-0.156441	-0.672260	-0.659584
0.454614	-0.155974	-0.673345	-0.658720
0.454581	-0.156822	-0.673101	-0.658900
0.454621	-0.156239	-0.671781	-0.658259
0.454708	-0.155069	-0.672622	-0.658569
0.454612	-0.155969	-0.673096	-0.658773
0.454631	-0.157112	-0.671309	-0.658370
0.454621	-0.158728	-0.670751	-0.657930
0.454586	-0.156294	-0.672077	-0.657171
0.454632	-0.157170	-0.672993	-0.659031
0.454634	-0.155318	-0.670472	-0.658142
0.454623	-0.156867	-0.669955	-0.660052
0.454562	-0.156313	-0.671489	-0.657746
0.454524	-0.155458	-0.669286	-0.657568
0.454588	-0.155377	-0.670785	-0.658165
0.454576	-0.155857	-0.670482	-0.657230
0.454641	-0.155379	-0.671924	-0.656444
0.454587	-0.155980	-0.672305	-0.658154
0.454629	-0.153373	-0.672234	-0.658058
0.454623	-0.154032	-0.671676	-0.658385
0.454622	-0.153971	-0.671110	-0.659357
0.454632	-0.152672	-0.670710	-0.658082
0.454636	-0.153828	-0.671620	-0.657286
0.454621	-0.154474	-0.670920	-0.657643
0.454562	-0.153405	-0.670844	-0.659292
0.454617	-0.151618	-0.671028	-0.658526
0.454662	-0.151648	-0.670701	-0.659096
0.454708	-0.152282	-0.670762	-0.659413
0.454577	-0.151635	-0.670810	-0.657009
0.454719	-0.150974	-0.671804	-0.658865
0.454440	-0.150207	-0.671873	-0.658049
0.454744	-0.151026	-0.673451	-0.657981
0.454371	-0.151236	-0.672071	-0.659706
0.454996	-0.150787	-0.673990	-0.657246
0.452557	-0.150357	-0.672164	-0.658504
0.453621	-0.150425	-0.670986	-0.658298
0.454988	-0.151765	-0.671838	-0.658633
0.454481	-0.152071	-0.670826	-0.657961
0.454724	-0.152076	-0.671865	-0.658163
0.454459	-0.152832	-0.670282	-0.658279
0.454734	-0.152878	-0.668648	-0.657597
0.454466	-0.154848	-0.669573	-0.656983
0.454671	-0.156363	-0.669014	-0.657222
0.454589	-0.153982	-0.669272	-0.659085
0.454643	-0.155328	-0.670482	-0.658466
0.454549	-0.156701	-0.669206	-0.658500
0.454604	-0.157386	-0.669396	-0.658578
0.454672	-0.156616	-0.669718	-0.659467
0.454690	-0.157369	-0.667555	-0.657268
0.454547	-0.157558	-0.667171	-0.658510
0.454712	-0.157520	-0.666836	-0.658271
0.454543	-0.158786	-0.666241	-0.657381
0.454671	-0.158017	-0.665180	-0.658401
0.454624	-0.158035	-0.667608	-0.658060
0.454539	-0.157995	-0.666945	-0.658273
0.454612	-0.160520	-0.667114	-0.658184
0.454642	-0.159198	-0.666274	-0.658900
0.454530	-0.158377	-0.666387	-0.657861
0.454661	-0.157203	-0.663102	-0.656802
0.454571	-0.160108	-0.665159	-0.658678
0.454706	-0.157920	-0.664259	-0.658456
0.454599	-0.159242	-0.664521	-0.658382
0.454695	-0.158211	-0.663443	-0.659130
0.454374	-0.157624	-0.664265	-0.658328
0.454948	-0.157167	-0.665103	-0.657474
0.452145	-0.154872	-0.665078	-0.657831
0.448924	-0.153902	-0.665294	-0.658026
0.450038	-0.153221	-0.665919	-0.657741
0.448845	-0.152663	-0.665652	-0.658850
0.452314	-0.150872	-0.664197	-0.658044
0.454855	-0.153748	-0.665183	-0.658617
0.454480	-0.151240	-0.666302	-0.656925
0.454603	-0.149403	-0.666944	-0.657609
0.454701	-0.150854	-0.666515	-0.659129
0.454455	-0.149178	-0.667437	-0.659220
0.454919	-0.150300	-0.668807	-0.657729
0.451841	-0.151423	-0.668822	-0.658667
0.449072	-0.148987	-0.667391	-0.658694
0.449818	-0.149179	-0.666961	-0.657983
0.449369	-0.147277	-0.668502	-0.657662
0.449606	-0.147460	-0.668553	-0.658283
0.449461	-0.147839	-0.667332	-0.659730
0.449651	-0.147707	-0.667464	-0.658776
0.449501	-0.147376	-0.668750	-0.657772
0.449603	-0.148530	-0.667658	-0.658036
0.449517	-0.147457	-0.666073	-0.657750
0.449529	-0.146608	-0.667099	-0.657940
0.449542	-0.146880	-0.668381	-0.657931
0.449661	-0.147486	-0.668458	-0.657613
0.449581	-0.148254	-0.667847	-0.656102
0.449526	-0.147441	-0.669047	-0.656944
0.449510	-0.148407	-0.666258	-0.659343
0.449575	-0.151173	-0.667504	-0.658485
0.449639	-0.150479	-0.665274	-0.658729
0.449422	-0.152043	-0.665322	-0.658470
0.450172	-0.151518	-0.664099	-0.656811
0.454461	-0.152421	-0.664015	-0.660181
0.454623	-0.154121	-0.663304	-0.658623
0.454616	-0.156200	-0.661698	-0.657608
0.454706	-0.157264	-0.660821	-0.658883
0.454547	-0.156322	-0.661558	-0.659247
0.454634	-0.156392	-0.660890	-0.657886
0.454611	-0.158184	-0.661447	-0.658969
0.454599	-0.159241	-0.661191	-0.658880
0.454606	-0.160103	-0.659739	-0.656648
0.454645	-0.160772	-0.659987	-0.657242
0.454596	-0.159487	-0.659571	-0.657298
0.454606	-0.159223	-0.660710	-0.659210
0.454607	-0.158460	-0.660131	-0.656792
0.454633	-0.158503	-0.658900	-0.656992
0.454628	-0.158402	-0.659539	-0.656376
0.454647	-0.159302	-0.660636	-0.658777
0.454599	-0.156496	-0.659734	-0.658039
0.454657	-0.155905	-0.659712	-0.657865
0.454589	-0.154871	-0.662889	-0.658699
0.454677	-0.155188	-0.663264	-0.655706
0.454604	-0.155617	-0.664569	-0.657320
0.454710	-0.153724	-0.664130	-0.658340
0.454571	-0.153648	-0.664748	-0.657647
0.454675	-0.155016	-0.663790	-0.657995
0.454484	-0.154209	-0.664811	-0.657945
0.454673	-0.153238	-0.665267	-0.658264
0.454543	-0.152854	-0.664755	-0.658821
0.454811	-0.154468	-0.664589	-0.657728
0.454409	-0.154209	-0.666327	-0.658080
0.455151	-0.151503	-0.665182	-0.658610
0.450982	-0.152632	-0.663759	-0.657114
0.452398	-0.153529	-0.665460	-0.657697
0.455440	-0.151594	-0.667869	-0.656509
0.453311	-0.153920	-0.664831	-0.658368
0.449674	-0.153706	-0.666114	-0.658446
0.449546	-0.152454	-0.667303	-0.659190
0.449589	-0.153141	-0.665763	-0.658811
0.449606	-0.154112	-0.664495	-0.658841
0.449518	-0.154730	-0.665327	-0.658393
0.449606	-0.153731	-0.663779	-0.658635
0.449314	-0.154244	-0.662465	-0.659253
0.450690	-0.153633	-0.664031	-0.657747
0.454811	-0.151760	-0.663011	-0.657590
0.454446	-0.155010	-0.662985	-0.658045
0.454724	-0.155084	-0.664942	-0.658579
0.454530	-0.153167	-0.662773	-0.657453
0.454690	-0.153170	-0.663763	-0.660452
0.454550	-0.153485	-0.665751	-0.659938
0.454650	-0.152317	-0.663679	-0.657787
0.454517	-0.151211	-0.662585	-0.659091
0.454631	-0.151277	-0.662854	-0.659153
0.454569	-0.152107	-0.663022	-0.657914
0.454650	-0.149750	-0.662847	-0.658292
0.454573	-0.149993	-0.662439	-0.657501
0.454609	-0.149969	-0.663101	-0.657223
0.454532	-0.151618	-0.663104	-0.658543
0.454725	-0.150969	-0.662718	-0.658819
0.454527	-0.151234	-0.662414	-0.658144
0.454853	-0.150319	-0.663742	-0.657609
0.454369	-0.150564	-0.663539	-0.656648
0.455003	-0.150533	-0.664708	-0.657263
0.453127	-0.149814	-0.663432	-0.659938
0.449446	-0.149372	-0.663864	-0.657651
0.449447	-0.150276	-0.665103	-0.658021
0.453285	-0.150263	-0.663609	-0.658130
0.454938	-0.152061	-0.663927	-0.657648
0.454411	-0.152216	-0.664557	-0.657173
0.454767	-0.153902	-0.664727	-0.656624
0.454527	-0.153199	-0.663087	-0.657500
0.454725	-0.154156	-0.662200	-0.658630
0.454663	-0.153656	-0.663463	-0.657631
0.454693	-0.153616	-0.662340	-0.657395
0.454597	-0.152987	-0.662125	-0.658920
0.454662	-0.153107	-0.662011	-0.657163
0.454500	-0.153714	-0.660957	-0.659327
0.454606	-0.156237	-0.659642	-0.658050
0.454636	-0.154602	-0.659433	-0.658540
0.454677	-0.156178	-0.659988	-0.658544
0.454535	-0.156144	-0.660837	-0.657558
0.454623	-0.155859	-0.659873	-0.656396
0.454661	-0.155408	-0.661705	-0.658657
0.454641	-0.155701	-0.660501	-0.656643
0.454545	-0.154813	-0.662913	-0.656583
0.454598	-0.153631	-0.662659	-0.657431
0.454660	-0.153043	-0.662525	-0.656735
0.454624	-0.153109	-0.660622	-0.658041
0.454533	-0.151680	-0.662293	-0.657461
0.454677	-0.152170	-0.661453	-0.657421
0.454598	-0.153122	-0.661669	-0.659255
0.454637	-0.150705	-0.664456	-0.657466
0.454576	-0.150908	-0.662112	-0.658165
0.454639	-0.151694	-0.664076	-0.658766
0.454599	-0.149759	-0.664728	-0.656492
0.454571	-0.148651	-0.664903	-0.658625
0.454557	-0.150904	-0.664578	-0.656541
0.454666	-0.148599	-0.664001	-0.658829
0.454631	-0.146389	-0.666767	-0.658005
0.454612	-0.147540	-0.664392	-0.657167
0.454627	-0.147466	-0.665955	-0.656687
0.454642	-0.147142	-0.663562	-0.658637
0.454581	-0.147072	-0.666320	-0.658653
0.454609	-0.148064	-0.665299	-0.657523
0.454571	-0.147269	-0.663713	-0.658440
0.454582	-0.149411	-0.664299	-0.657339
0.454609	-0.149792	-0.662456	-0.659724
0.454676	-0.149631	-0.664143	-0.657851
0.454675	-0.151683	-0.663873	-0.657320
0.454578	-0.151247	-0.661768	-0.657743
0.454729	-0.153124	-0.663140	-0.656754
0.454584	-0.154106	-0.660318	-0.656868
0.454593	-0.153712	-0.659883	-0.657838
0.454544	-0.154203	-0.658301	-0.657079
0.454626	-0.154992	-0.659120	-0.658039
0.454564	-0.155362	-0.659190	-0.658490
0.454641	-0.154732	-0.657723	-0.657484
0.454582	-0.154906	-0.657393	-0.658584
0.454621	-0.154636	-0.659707	-0.658437
0.454676	-0.155056	-0.657919	-0.658134
0.454616	-0.155952	-0.658167	-0.657118
0.454596	-0.155330	-0.657433	-0.657582
0.454631	-0.155854	-0.658726	-0.658395
0.454617	-0.157725	-0.657558	-0.658960
0.454627	-0.155552	-0.658903	-0.657950
0.454524	-0.154534	-0.659115	-0.657096
0.454631	-0.155262	-0.658760	-0.657191
0.454631	-0.154881	-0.659512	-0.656978
0.454571	-0.155105	-0.659628	-0.656940
0.454631	-0.154644	-0.660058	-0.655746
0.454666	-0.153445	-0.660523	-0.657577
0.454646	-0.153996	-0.660283	-0.657374
0.454632	-0.152707	-0.660581	-0.659022
0.454639	-0.151702	-0.661903	-0.656692
0.454596	-0.152191	-0.661576	-0.657702
0.454618	-0.150252	-0.662320	-0.658010
0.454671	-0.151491	-0.663096	-0.657451
0.454579	-0.151205	-0.663991	-0.658763
0.454613	-0.150374	-0.662970	-0.658432
0.454548	-0.151469	-0.663303	-0.658244
0.454626	-0.150375	-0.663884	-0.658754
0.454656	-0.149282	-0.662926	-0.658667
0.454593	-0.148873	-0.663003	-0.657325
0.454652	-0.148865	-0.660511	-0.658700
0.454629	-0.148353	-0.662487	-0.657474
0.454646	-0.146799	-0.662867	-0.657909
0.454626	-0.147681	-0.661741	-0.656983
0.454651	-0.147092	-0.662200	-0.659540
0.454639	-0.146233	-0.664075	-0.658287
0.454606	-0.148151	-0.663535	-0.656921
0.454642	-0.147073	-0.662156	-0.658298
0.454584	-0.148452	-0.662614	-0.657483
0.454608	-0.147426	-0.662472	-0.656901
0.454599	-0.148353	-0.663472	-0.659215
0.454673	-0.147719	-0.662283	-0.658515
0.454584	-0.149537	-0.665061	-0.657480
0.454636	-0.149701	-0.663747	-0.657904
0.454533	-0.149207	-0.664466	-0.657405
0.454658	-0.150007	-0.665058	-0.655202
0.454515	-0.147427	-0.664354	-0.657463
0.454732	-0.149214	-0.663839	-0.659199
0.454464	-0.147511	-0.661906	-0.657392
0.454798	-0.148090	-0.664818	-0.656807
0.454226	-0.149064	-0.662389	-0.656971
0.457246	-0.148589	-0.663161	-0.655628
0.460050	-0.148371	-0.662978	-0.658251
0.459385	-0.147965	-0.663727	-0.658606
0.459769	-0.148500	-0.664520	-0.656845
0.459513	-0.146945	-0.664761	-0.657750
0.459631	-0.147107	-0.665422	-0.660057
0.459523	-0.148515	-0.664184	-0.657336
0.459681	-0.150022	-0.663133	-0.658039
0.459640	-0.149486	-0.662770	-0.656847
0.459742	-0.150947	-0.663485	-0.657327
0.459646	-0.151138	-0.663161	-0.658335
0.459689	-0.149623	-0.662767	-0.658346
0.459634	-0.151292	-0.660214	-0.658707
0.459599	-0.152789	-0.660536	-0.657668
0.459615	-0.150732	-0.661649	-0.658774
0.459605	-0.152906	-0.660284	-0.657966
0.459669	-0.152020	-0.660847	-0.658739
0.459685	-0.152797	-0.661466	-0.659085
0.459680	-0.152254	-0.662030	-0.658147
0.459561	-0.151172	-0.660756	-0.657961
0.459679	-0.151078	-0.661142	-0.657608
0.459714	-0.150573	-0.662096	-0.657498
0.459663	-0.152474	-0.660558	-0.657806
0.459700	-0.150664	-0.661883	-0.656023
0.459673	-0.147990	-0.662649	-0.657158
0.459656	-0.149169	-0.662750	-0.658571
0.459611	-0.150879	-0.662799	-0.656992
0.459649	-0.149476	-0.665278	-0.657195
0.459710	-0.147982	-0.663952	-0.658464
0.459680	-0.148130	-0.663356	-0.659031
0.459725	-0.148148	-0.665111	-0.658066
0.459648	-0.147793	-0.666073	-0.659049
0.459690	-0.147836	-0.665225	-0.658579
0.459665	-0.147203	-0.667882	-0.659080
0.459653	-0.148531	-0.665767	-0.658001
0.459633	-0.146903	-0.667926	-0.657515
0.459638	-0.146199	-0.668935	-0.658886
0.459670	-0.147204	-0.669058	-0.658119
0.459670	-0.146105	-0.669816	-0.658044
0.459718	-0.147438	-0.670784	-0.657818
0.459670	-0.146021	-0.669811	-0.660988
0.459708	-0.147572	-0.670800	-0.659842
0.459648	-0.146782	-0.669957	-0.657926
0.459665	-0.147565	-0.671227	-0.658336
0.459587	-0.148249	-0.671378	-0.658754
0.459692	-0.147854	-0.670260	-0.657397
0.459626	-0.145677	-0.671997	-0.657666
0.459650	-0.148198	-0.670918	-0.658689
0.459621	-0.147873	-0.671004	-0.658913
0.459663	-0.147312	-0.670917	-0.657941
0.459643	-0.144566	-0.670328	-0.657480
0.459754	-0.146486	-0.670803	-0.659599
0.459569	-0.145552	-0.670897	-0.658688
0.459829	-0.144409	-0.673124	-0.658539
0.459327	-0.145394	-0.673220	-0.657939
0.463006	-0.143151	-0.674096	-0.657171
0.465183	-0.144498	-0.673600	-0.658913
0.464520	-0.145721	-0.673421	-0.657604
0.464871	-0.145717	-0.673941	-0.657484
0.464622	-0.146217	-0.674928	-0.659837
0.464898	-0.147128	-0.674973	-0.658456
0.464682	-0.145717	-0.674424	-0.659740
0.464893	-0.146583	-0.672367	-0.657786
0.464623	-0.146804	-0.672523	-0.659192
0.464904	-0.147900	-0.673601	-0.658637
0.464519	-0.148779	-0.672601	-0.657599
0.464927	-0.148537	-0.671841	-0.657788
0.464557	-0.149033	-0.671350	-0.658051
0.465139	-0.145976	-0.672622	-0.657792
0.463581	-0.148356	-0.670767	-0.658729
0.460828	-0.147960	-0.670586	-0.658717
0.464944	-0.145667	-0.671261	-0.656712
0.464603	-0.147393	-0.670782	-0.658000
0.464963	-0.145196	-0.671271	-0.659139
0.464678	-0.144944	-0.672482	-0.657872
0.464821	-0.146451	-0.671753	-0.658316
0.464729	-0.146595	-0.672230	-0.657347
0.464829	-0.145258	-0.670528	-0.656241
0.464776	-0.147883	-0.671473	-0.658783
0.464760	-0.149695	-0.671338	-0.657382
0.464750	-0.148377	-0.671666	-0.657587
0.464720	-0.147854	-0.672659	-0.658935
0.464761	-0.147382	-0.672511	-0.657778
0.464780	-0.148864	-0.672503	-0.659022
0.464828	-0.147727	-0.671873	-0.657939
0.464830	-0.147765	-0.672723	-0.657990
0.464779	-0.149997	-0.672076	-0.657614
0.464767	-0.149280	-0.672367	-0.658710
0.464759	-0.149201	-0.671853	-0.658519
0.464716	-0.149698	-0.671724	-0.657907
0.464671	-0.149719	-0.672157	-0.657582
0.464835	-0.149889	-0.669921	-0.657311
0.464808	-0.151274	-0.670147	-0.658239
0.464700	-0.151256	-0.670176	-0.656949
0.464803	-0.150078	-0.669404	-0.657288
0.464780	-0.149525	-0.670769	-0.658163
0.464725	-0.150638	-0.670643	-0.657582
0.464735	-0.148754	-0.670611	-0.658219
0.464751	-0.149982	-0.669901	-0.658287
0.464670	-0.150455	-0.669582	-0.656826
0.464833	-0.151749	-0.670343	-0.657558
0.464740	-0.149720	-0.670729	-0.658372
0.464746	-0.148950	-0.669985	-0.658231
0.464727	-0.150762	-0.668386	-0.657471
0.464789	-0.148999	-0.669749	-0.659768
0.464759	-0.149714	-0.670519	-0.658474
0.464868	-0.149328	-0.671008	-0.658425
0.464711	-0.149417	-0.670583	-0.659475
0.464918	-0.148845	-0.670274	-0.658063
0.464587	-0.148512	-0.670165	-0.658363
0.465091	-0.149917	-0.671107	-0.658529
0.463064	-0.148259	-0.669757	-0.659086
0.459258	-0.148415	-0.669152	-0.657798
0.459976	-0.147704	-0.670018	-0.658216
0.459422	-0.147866	-0.670032	-0.657924
0.459907	-0.149862	-0.669985	-0.657527
0.459426	-0.147784	-0.668945	-0.659120
0.459975	-0.148615	-0.669463	-0.658087
0.459155	-0.146852	-0.669430	-0.658784
0.461456	-0.146809	-0.668618	-0.657350
0.464979	-0.148274	-0.667480	-0.657791
0.464581	-0.147835	-0.666585	-0.659099
0.464811	-0.148161	-0.667315	-0.657188
0.464685	-0.148229	-0.665880	-0.657065
0.460522	-0.148825	-0.665756	-0.656522
0.459439	-0.148405	-0.667075	-0.656825
0.459789	-0.148575	-0.667349	-0.658256
0.459560	-0.146988	-0.666484	-0.658538
0.459705	-0.148206	-0.665116	-0.657731
0.459570	-0.146552	-0.665578	-0.657850
0.459767	-0.147139	-0.666697	-0.657508
0.459645	-0.146491	-0.665955	-0.658033
0.459648	-0.145060	-0.666920	-0.657713
0.459569	-0.146517	-0.668277	-0.657290
0.459802	-0.143508	-0.668157	-0.658337
0.459626	-0.143557	-0.668391	-0.657728
0.459633	-0.143742	-0.669222	-0.658297
0.459602	-0.143586	-0.669395	-0.655879
0.459715	-0.144904	-0.668925	-0.657662
0.459694	-0.145196	-0.667404	-0.657702
0.459646	-0.144330	-0.668013	-0.658660
0.459671	-0.144393	-0.666677	-0.657106
0.459709	-0.144995	-0.667440	-0.658023
0.459576	-0.143240	-0.667374	-0.658657
0.459718	-0.142025	-0.668133	-0.658149
0.459635	-0.142331	-0.667432	-0.657587
0.459732	-0.142504	-0.668194	-0.659336
0.459623	-0.142799	-0.668505	-0.658425
0.459747	-0.142880	-0.669205	-0.657261
0.459577	-0.144557	-0.667892	-0.658831
0.459739	-0.143467	-0.667222	-0.658279
0.459610	-0.143793	-0.666752	-0.657519
0.459906	-0.145846	-0.667173	-0.656888
0.459206	-0.144012	-0.666818	-0.659487
0.461952	-0.146389	-0.666295	-0.657533
0.465189	-0.143989	-0.665017	-0.657985
0.464489	-0.145583	-0.663313	-0.658066
0.464841	-0.143550	-0.664461	-0.657727
0.464623	-0.144349	-0.663671	-0.657005
0.464826	-0.143987	-0.664974	-0.657961
0.464751	-0.142060	-0.665020	-0.657193
0.464808	-0.141727	-0.665224	-0.659428
0.464688	-0.140765	-0.665695	-0.658361
0.464826	-0.140874	-0.666063	-0.659019
0.464681	-0.140838	-0.665708	-0.657689
0.464843	-0.140620	-0.667537	-0.656495
0.464712	-0.142499	-0.667450	-0.657832
0.464766	-0.141461	-0.667275	-0.656950
0.464775	-0.141266	-0.666749	-0.658843
0.464825	-0.142052	-0.664954	-0.658633
0.464843	-0.140420	-0.666969	-0.657840
0.464774	-0.138979	-0.666713	-0.657441
0.464696	-0.140329	-0.667399	-0.657285
0.464750	-0.139863	-0.669231	-0.657604
0.464713	-0.142394	-0.670166	-0.659276
0.464809	-0.140674	-0.669864	-0.657738
0.464765	-0.140444	-0.668760	-0.657708
0.464799	-0.140495	-0.671225	-0.657605
0.464718	-0.141530	-0.668410	-0.657572
0.464740	-0.141290	-0.670146	-0.658372
0.464685	-0.142624	-0.667031	-0.658560
0.464790	-0.146214	-0.668079	-0.657983
0.464805	-0.143442	-0.666800	-0.657692
0.464718	-0.142851	-0.668341	-0.656663
0.464799	-0.144915	-0.667153	-0.657142
0.464756	-0.144972	-0.668341	-0.658140
0.464717	-0.143759	-0.666761	-0.658511
0.464756	-0.143797	-0.667560	-0.657028
0.464742	-0.144440	-0.668707	-0.657179
0.464756	-0.144213	-0.667064	-0.656126
0.464710	-0.144601	-0.669232	-0.655685
0.464761	-0.143286	-0.669198	-0.657877
0.464759	-0.143836	-0.669433	-0.659192
0.464711	-0.143437	-0.669977	-0.655929
0.464736	-0.145477	-0.668961	-0.657816
0.464776	-0.146548	-0.670449	-0.656081
0.464755	-0.144776	-0.671273	-0.657973
0.464736	-0.144658	-0.669805	-0.658211
0.464805	-0.145587	-0.670506	-0.657790
0.464723	-0.144370	-0.671291	-0.657414
0.464841	-0.145647	-0.671072	-0.656837
0.464797	-0.144537	-0.671083	-0.657989
0.464910	-0.144654	-0.671517	-0.657859
0.464554	-0.144309	-0.672155	-0.658345
0.465341	-0.144848	-0.671492	-0.658677
0.469654	-0.143504	-0.672515	-0.658415
0.469774	-0.142928	-0.671290	-0.657662
0.469811	-0.143985	-0.672656	-0.658969
0.469758	-0.143644	-0.673112	-0.656584
0.469792	-0.143420	-0.671474	-0.656552
0.469707	-0.145030	-0.672388	-0.658273
0.469792	-0.144402	-0.672402	-0.658486
0.469808	-0.144269	-0.673538	-0.658272
0.469689	-0.145942	-0.671445	-0.658703
0.469759	-0.145526	-0.672036	-0.658835
0.469823	-0.144139	-0.672100	-0.658217
0.469755	-0.144373	-0.671567	-0.657300
0.469813	-0.144479	-0.671199	-0.658147
0.469754	-0.143951	-0.671377	-0.657039
0.469911	-0.143530	-0.671857	-0.657673
0.469764	-0.144855	-0.672835	-0.658232
0.469730	-0.141458	-0.672442	-0.658642
0.469806	-0.143732	-0.673090	-0.659561
0.469842	-0.142224	-0.673862	-0.657350
0.469767	-0.142349	-0.675290	-0.656716
0.469811	-0.141702	-0.673171	-0.656737
0.469797	-0.142149	-0.674501	-0.656826
0.469750	-0.143290	-0.674487	-0.658269
0.469804	-0.142232	-0.673691	-0.657297
0.469808	-0.142366	-0.673535	-0.657354
0.469788	-0.143096	-0.672620	-0.657899
0.469832	-0.143761	-0.673704	-0.657866
0.469788	-0.145567	-0.672029	-0.657792
0.469826	-0.144584	-0.671061	-0.659286
0.469723	-0.144721	-0.671586	-0.658868
0.469802	-0.145554	-0.670975	-0.659161
0.469826	-0.145983	-0.672783	-0.658117
0.469772	-0.145476	-0.672403	-0.657664
0.469808	-0.144134	-0.670613	-0.658804
0.469803	-0.146502	-0.671593	-0.658717
0.469887	-0.145048	-0.672488	-0.657098
0.469802	-0.144758	-0.672571	-0.656561
0.469714	-0.146807	-0.671162	-0.658682
0.469786	-0.147582	-0.670973	-0.657762
0.469778	-0.145750	-0.672072	-0.658910
0.469765	-0.147188	-0.672586	-0.656336
0.469762	-0.146796	-0.670032	-0.657980
0.469901	-0.146573	-0.672236	-0.657471
0.469811	-0.146960	-0.671058	-0.657628
0.469808	-0.147709	-0.670328	-0.658209
0.469799	-0.147150	-0.670305	-0.657535
0.469850	-0.146567	-0.669452	-0.657773
0.469842	-0.145353	-0.670964	-0.657855
0.469797	-0.146203	-0.672873	-0.657638
0.469797	-0.145056	-0.672157	-0.656891
0.469794	-0.145777	-0.671097	-0.657458
0.469845	-0.144852	-0.670475	-0.657474
0.469747	-0.144806	-0.673379	-0.656653
0.469834	-0.144828	-0.670528	-0.657286
0.469797	-0.143896	-0.673144	-0.657881
0.469841	-0.144449	-0.674007	-0.657469
0.469679	-0.145325	-0.674171	-0.657925
0.469782	-0.145318	-0.673052	-0.656472
0.469831	-0.144556	-0.672700	-0.657849
0.469737	-0.145150	-0.673075	-0.658930
0.469843	-0.145061	-0.673418	-0.656841
0.469762	-0.142517	-0.673505	-0.658004
0.469771	-0.142560	-0.672971	-0.656638
0.469855	-0.142952	-0.672122	-0.657384
0.469723	-0.140242	-0.672300	-0.658196
0.469765	-0.139919	-0.673652	-0.656928
0.469806	-0.139188	-0.672270	-0.656792
0.469753	-0.140610	-0.673853	-0.657607
0.469801	-0.141058	-0.674402	-0.657503
0.469801	-0.139232	-0.675841	-0.659606
0.469803	-0.139611	-0.674297	-0.657623
0.469872	-0.138634	-0.676291	-0.658286
0.469821	-0.140402	-0.674168	-0.658363
0.469782	-0.140135	-0.673421	-0.658239
0.469768	-0.138500	-0.673805	-0.657181
0.469789	-0.137866	-0.673287	-0.657357
0.469821	-0.137700	-0.674412	-0.657578
0.469789	-0.136941	-0.676529	-0.657837
0.469804	-0.138208	-0.675719	-0.658484
0.469791	-0.137714	-0.675682	-0.658110
0.469732	-0.136354	-0.675623	-0.657226
0.469782	-0.139061	-0.673818	-0.657533
0.469765	-0.138637	-0.674516	-0.657242
0.469813	-0.137331	-0.672799	-0.656780
0.469850	-0.136975	-0.675034	-0.658383
0.469737	-0.139216	-0.674384	-0.657686
0.469781	-0.137369	-0.674977	-0.657677
0.469744	-0.138440	-0.674120	-0.656530
0.469794	-0.139247	-0.673130	-0.657267
0.469750	-0.138660	-0.673636	-0.659046
0.469831	-0.140636	-0.673887	-0.657761
0.469781	-0.140707	-0.672718	-0.657728
0.469839	-0.141340	-0.672736	-0.658020
0.469743	-0.141192	-0.673636	-0.655682
0.469843	-0.141460	-0.672523	-0.656200
0.469767	-0.140754	-0.673164	-0.658120
0.469837	-0.140324	-0.673023	-0.657922
0.469740	-0.139113	-0.675072	-0.657336
0.469818	-0.141495	-0.672953	-0.657968
0.469732	-0.142822	-0.672963	-0.658317
0.469908	-0.142499	-0.671404	-0.658620
0.469614	-0.142711	-0.671351	-0.658540
0.469976	-0.143773	-0.672332	-0.658046
0.469408	-0.142870	-0.672112	-0.658159
0.471460	-0.142910	-0.673973	-0.658073
0.474799	-0.141628	-0.673834	-0.656210
0.474323	-0.143003	-0.672323	-0.658744
0.474563	-0.140923	-0.671938	-0.657669
0.474384	-0.141045	-0.673748	-0.657223
0.474432	-0.143015	-0.673639	-0.656755
0.474458	-0.141304	-0.672825	-0.656866
0.470583	-0.141196	-0.673057	-0.658287
0.469572	-0.141597	-0.671766	-0.657882
0.469878	-0.141749	-0.672493	-0.658013
0.469653	-0.142240	-0.673185	-0.658752
0.469797	-0.140906	-0.672300	-0.656572
0.473666	-0.139679	-0.672481	-0.657895
0.474685	-0.142415	-0.672392	-0.658487
0.474371	-0.140324	-0.673517	-0.656354
0.474534	-0.138482	-0.674035	-0.658075
0.474406	-0.139395	-0.674066	-0.656708
0.474550	-0.140412	-0.673028	-0.658051
0.474485	-0.140654	-0.673753	-0.658272
0.474511	-0.139492	-0.674315	-0.658163
0.474464	-0.140127	-0.672447	-0.658211
0.474547	-0.139948	-0.672706	-0.658575
0.474485	-0.138878	-0.673749	-0.658501
0.474549	-0.139151	-0.675906	-0.657552
0.474466	-0.139486	-0.675333	-0.657367
0.474469	-0.137209	-0.675140	-0.658856
0.474454	-0.138337	-0.675052	-0.658107
0.474468	-0.136807	-0.675948	-0.659407
0.474464	-0.139783	-0.674190	-0.657802
0.474475	-0.138102	-0.675878	-0.658170
0.474488	-0.140733	-0.674625	-0.658564
0.474498	-0.139966	-0.675629	-0.658411
0.474548	-0.140133	-0.673918	-0.659485
0.474515	-0.139763	-0.675462	-0.658434
0.474562	-0.141788	-0.673325	-0.658036
0.474478	-0.140434	-0.673520	-0.659358
0.474427	-0.140097	-0.673274	-0.656913
0.474448	-0.138889	-0.673240	-0.657704
0.474574	-0.140104	-0.674378	-0.656776
0.474488	-0.141868	-0.672595	-0.657220
0.474481	-0.141137	-0.674057	-0.658328
0.474445	-0.140404	-0.672670	-0.658283
0.474538	-0.142267	-0.671409	-0.658232
0.474401	-0.143034	-0.672616	-0.657679
0.474488	-0.141234	-0.673221	-0.657262
0.474538	-0.140689	-0.673837	-0.658213
0.474402	-0.142523	-0.673495	-0.657434
0.474544	-0.141967	-0.673696	-0.658311
0.474500	-0.139386	-0.673741	-0.658832
0.474491	-0.142946	-0.673963	-0.658617
0.474518	-0.141098	-0.675888	-0.657958
0.474582	-0.140824	-0.674062	-0.658073
0.474485	-0.140999	-0.675234	-0.657783
0.474446	-0.140186	-0.675536	-0.657846
0.474402	-0.140609	-0.675534	-0.658827
0.474471	-0.141429	-0.674026	-0.657290
0.474322	-0.142767	-0.673553	-0.656740
0.474511	-0.142466	-0.676620	-0.657152
0.474464	-0.139850	-0.673629	-0.658430
0.474578	-0.138097	-0.674492	-0.657054
0.474365	-0.140185	-0.676272	-0.657340
0.474619	-0.139495	-0.674917	-0.658888
0.474380	-0.138784	-0.677365	-0.657713
0.474535	-0.139087	-0.676877	-0.657320
0.474366	-0.137845	-0.678137	-0.659021
0.474727	-0.138960	-0.678061	-0.656601
0.474066	-0.139842	-0.677441	-0.656239
0.477128	-0.137811	-0.678953	-0.658509
0.479984	-0.139268	-0.677096	-0.657007
0.479304	-0.138962	-0.678409	-0.657012
0.479596	-0.139456	-0.675833	-0.658697
0.479395	-0.141423	-0.677288	-0.657995
0.479630	-0.143129	-0.676877	-0.657570
0.479516	-0.142190	-0.676737	-0.656399
0.479533	-0.141879	-0.675388	-0.656482
0.479447	-0.144489	-0.675965	-0.657141
0.479616	-0.145615	-0.675708	-0.657673
0.479464	-0.145852	-0.674105	-0.658442
0.479479	-0.147297	-0.672156	-0.657870
0.479426	-0.149381	-0.673611	-0.655418
0.479576	-0.147849	-0.672409	-0.655613
0.479477	-0.148411	-0.671135	-0.656210
0.479551	-0.147916	-0.672072	-0.656701
0.479490	-0.147044	-0.672414	-0.657773
0.479633	-0.147014	-0.672185	-0.655979
0.479483	-0.146868	-0.673327	-0.658133
0.479505	-0.147373	-0.673631	-0.658053
0.479518	-0.147189	-0.672390	-0.658313
0.479492	-0.146371	-0.673760	-0.658898
0.479439	-0.147090	-0.673569	-0.657407
0.479587	-0.147168	-0.672412	-0.658395
0.479407	-0.147788	-0.672815	-0.658734
0.479621	-0.147188	-0.675240	-0.657258
0.479482	-0.147308	-0.674817	-0.657468
0.479645	-0.147077	-0.673259	-0.658585
0.479271	-0.146756	-0.673387	-0.657600
0.479839	-0.145670	-0.673448	-0.658044
0.476463	-0.147296	-0.672256	-0.657267
0.474086	-0.144497	-0.673320	-0.657152
0.474723	-0.146646	-0.672798	-0.659799
0.474356	-0.147134	-0.673275	-0.658263
0.474547	-0.146697	-0.673193	-0.657402
0.474355	-0.145830	-0.673510	-0.658092
0.474514	-0.145682	-0.672720	-0.656275
0.474377	-0.145698	-0.673982	-0.656434
0.474508	-0.145722	-0.673285	-0.657537
0.474443	-0.145113	-0.672398	-0.658679
0.474490	-0.145367	-0.673080	-0.656809
0.474465	-0.144429	-0.673946	-0.658291
0.474495	-0.144295	-0.673749	-0.657132
0.474400	-0.145593	-0.675440	-0.656389
0.474510	-0.144425	-0.674567	-0.656946
0.474494	-0.143823	-0.674910	-0.657485
0.474469	-0.142421	-0.673472	-0.655061
0.474534	-0.142878	-0.675119	-0.657218
0.474503	-0.144372	-0.675110	-0.657268
0.474465	-0.143239	-0.673289	-0.657610
0.474476	-0.143514	-0.675189	-0.657461
0.474530	-0.144135	-0.675160	-0.657322
0.474435	-0.143718	-0.674605	-0.657847
0.474523	-0.144090	-0.675004	-0.657580
0.474430	-0.144378	-0.673422	-0.660101
0.474488	-0.144062	-0.674399	-0.657641
0.474515	-0.144631	-0.674419	-0.658352
0.474484	-0.144548	-0.675168	-0.656401
0.474426	-0.143488	-0.674075	-0.657554
0.474510	-0.142788	-0.674017	-0.658162
0.474474	-0.141705	-0.674836	-0.658434
0.474473	-0.142156	-0.673858	-0.657144
0.474456	-0.143291	-0.674258	-0.658227
0.474575	-0.143678	-0.674091	-0.657173
0.474389	-0.143363	-0.673506	-0.657010
0.474466	-0.145267	-0.672423	-0.658218
0.474484	-0.146834	-0.672517	-0.658412
0.474489	-0.143719	-0.672038	-0.659260
0.474446	-0.144295	-0.671402	-0.658573
0.474455	-0.143785	-0.671601	-0.656256
0.474419	-0.144940	-0.672139	-0.657033
0.474530	-0.144084	-0.672327	-0.657806
0.474435	-0.144320	-0.671296	-0.655048
0.474496	-0.142597	-0.672442	-0.657734
0.474490	-0.144130	-0.673317	-0.657460
0.474479	-0.144659	-0.672308	-0.658268
0.474522	-0.144061	-0.670888	-0.658623
0.474504	-0.143457	-0.672246	-0.657423
0.474441	-0.145044	-0.673167	-0.656995
0.474530	-0.141881	-0.672710	-0.656965
0.474555	-0.142832	-0.673006	-0.658054
0.474410	-0.142515	-0.671452	-0.657242
0.474465	-0.142379	-0.672427	-0.657167
0.474500	-0.140697	-0.670986	-0.657094
0.474461	-0.140641	-0.671788	-0.658439
0.474486	-0.142580	-0.672655	-0.655858
0.474520	-0.141965	-0.672582	-0.658041
0.474552	-0.141524	-0.673586	-0.656505
0.474524	-0.142275	-0.672684	-0.657875
0.474464	-0.142829	-0.672602	-0.657681
0.474540	-0.145160	-0.672451	-0.656921
0.474479	-0.144031	-0.671813	-0.657369
0.474568	-0.143283	-0.672412	-0.656343
0.474390	-0.143028	-0.670399	-0.658355
0.474547	-0.144492	-0.671066	-0.657266
0.474312	-0.146227	-0.671355	-0.657939
0.474593	-0.143671	-0.670434	-0.656999
0.474327	-0.144499	-0.669265	-0.658588
0.478481	-0.142704	-0.670429	-0.657225
0.479787	-0.144554	-0.671700	-0.657300
0.479354	-0.143119	-0.669858	-0.658082
0.479600	-0.142697	-0.670128	-0.657295
0.479486	-0.141425	-0.669449	-0.656083
0.479580	-0.142692	-0.671365	-0.657553
0.479501	-0.141787	-0.670300	-0.658061
0.479614	-0.139854	-0.672710	-0.657648
0.479521	-0.139078	-0.673676	-0.655984
0.479457	-0.141982	-0.673510	-0.658368
0.479577	-0.138995	-0.672063	-0.656482
0.479367	-0.139266	-0.672328	-0.656448
0.479740	-0.138975	-0.673567	-0.655948
0.477996	-0.142012	-0.672784	-0.658228
0.473768	-0.140024	-0.672847	-0.657820
0.476373	-0.141142	-0.672622	-0.657396
0.479797	-0.141544	-0.674475	-0.655912
0.475415	-0.142090	-0.673156	-0.657688
0.474189	-0.143007	-0.671620	-0.657196
0.474675	-0.143592	-0.672566	-0.657692
0.474348	-0.143155	-0.672456	-0.657602
0.474544	-0.143041	-0.672721	-0.656954
0.474417	-0.145027	-0.673106	-0.657811
0.478679	-0.144812	-0.672144	-0.657620
0.479725	-0.144548	-0.672442	-0.658256
0.479414	-0.147328	-0.670653	-0.656563
0.479560	-0.147478	-0.670695	-0.657743
0.479462	-0.146079	-0.670514	-0.657073
0.479581	-0.146129	-0.669444	-0.658452
0.479557	-0.147441	-0.670919	-0.656591
0.479571	-0.146950	-0.670242	-0.657773
0.479561	-0.146317	-0.670884	-0.657132
0.479532	-0.147283	-0.668695	-0.658429
0.479507	-0.145225	-0.671463	-0.656602
0.479585	-0.145421	-0.671858	-0.657275
0.479496	-0.144348	-0.671889	-0.657176
0.479512	-0.143016	-0.671063	-0.657252
0.479550	-0.143477	-0.670495	-0.657780
0.479589	-0.143390	-0.672956	-0.656961
0.479550	-0.144549	-0.673413	-0.658034
0.479478	-0.144869	-0.673026	-0.656944
0.479601	-0.142299	-0.672761	-0.657230
0.479500	-0.139918	-0.671628	-0.656834
0.479577	-0.142808	-0.672255	-0.655735
0.479548	-0.143328	-0.672708	-0.657567
0.479442	-0.141392	-0.673582	-0.658442
0.479567	-0.142261	-0.673373	-0.658419
0.479577	-0.141642	-0.673323	-0.657689
0.479545	-0.142751	-0.672949	-0.656484
0.479493	-0.140656	-0.673778	-0.656992
0.479517	-0.143717	-0.673548	-0.658189
0.479501	-0.142918	-0.675014	-0.657669
0.479579	-0.140728	-0.675309	-0.658541
0.479548	-0.142737	-0.675415	-0.657583
0.479548	-0.141524	-0.674887	-0.658160
0.479481	-0.143330	-0.673407	-0.660388
0.479542	-0.142689	-0.673919	-0.657887
0.479471	-0.142870	-0.673090	-0.656884
0.479507	-0.144064	-0.675363	-0.657305
0.479779	-0.145591	-0.673734	-0.658932
0.484065	-0.145377	-0.673469	-0.658183
0.484746	-0.144678	-0.673502	-0.658581
0.484549	-0.147341	-0.673700	-0.658746
0.484695	-0.145914	-0.672019	-0.658044
0.484528	-0.147059	-0.674171	-0.656493
0.484661	-0.147261	-0.674595	-0.657119
0.484547	-0.146533	-0.672989	-0.659022
0.484604	-0.145795	-0.673016	-0.658233
0.484607	-0.144862	-0.673140	-0.658462
0.484682	-0.144647	-0.673724	-0.657627
0.484642	-0.143442	-0.673137	-0.658376
0.484657	-0.145035	-0.673501	-0.657549
0.484614	-0.144021	-0.671522	-0.658504
0.484637	-0.145280	-0.673854	-0.656532
0.484658	-0.144121	-0.674274	-0.657728
0.484623	-0.143723	-0.674254	-0.655664
0.484659	-0.143030	-0.674773	-0.657340
0.484602	-0.141595	-0.674689	-0.655899
0.484555	-0.139925	-0.675294	-0.657910
0.484618	-0.140094	-0.674641	-0.657331
0.484598	-0.140241	-0.676841	-0.657756
0.484681	-0.141252	-0.676649	-0.657649
0.484601	-0.139161	-0.676867	-0.657307
0.484654	-0.139213	-0.678855	-0.656002
0.484192	-0.139277	-0.679827	-0.658543
0.479949	-0.139800	-0.678914	-0.658402
0.479545	-0.142633	-0.677205	-0.656652
0.479576	-0.140733	-0.678459	-0.656921
0.479502	-0.142475	-0.677640	-0.657598
0.479520	-0.142147	-0.675844	-0.655819
0.479497	-0.143176	-0.676932	-0.656809
0.479530	-0.142509	-0.676550	-0.657376
0.479429	-0.143291	-0.676249	-0.657073
0.479991	-0.142169	-0.677214	-0.657157
0.484315	-0.141887	-0.678266	-0.657713
0.484569	-0.141404	-0.677328	-0.656335
0.484597	-0.139041	-0.678128	-0.657451
0.484617	-0.139013	-0.678940	-0.656077
0.484668	-0.138550	-0.680292	-0.656490
0.484579	-0.137256	-0.681523	-0.656432
0.484634	-0.138203	-0.681804	-0.656708
0.484613	-0.140834	-0.680963	-0.658288
0.484614	-0.140107	-0.681603	-0.657827
0.484569	-0.140661	-0.680555	-0.657247
0.484575	-0.140148	-0.682397	-0.657681
0.484574	-0.139610	-0.681363	-0.657380
0.484617	-0.140367	-0.683141	-0.658243
0.484598	-0.139527	-0.683452	-0.657738
0.484633	-0.139798	-0.682341	-0.656868
0.484619	-0.138688	-0.683538	-0.656939
0.484657	-0.138262	-0.682044	-0.656617
0.484643	-0.139441	-0.681742	-0.656925
0.484614	-0.138352	-0.680566	-0.657659
0.484592	-0.140286	-0.681051	-0.656544
0.484577	-0.139210	-0.678460	-0.658168
0.484568	-0.138482	-0.679884	-0.657028
0.484618	-0.139628	-0.678763	-0.657574
0.484530	-0.139694	-0.678330	-0.656686
0.484597	-0.141245	-0.677238	-0.655902
0.484548	-0.140352	-0.677980	-0.657124
0.484570	-0.140946	-0.677336	-0.656261
0.484542	-0.141421	-0.676170	-0.656608
0.484582	-0.139996	-0.677350	-0.656493
0.484588	-0.140488	-0.675334	-0.657079
0.484601	-0.142777	-0.675253	-0.656520
0.484639	-0.142445	-0.674641	-0.657518
0.484602	-0.141971	-0.673536	-0.658282
0.484690	-0.141970	-0.675039	-0.657102
0.484603	-0.139661	-0.675971	-0.656366
0.484629	-0.137988	-0.675230	-0.657245
0.484567	-0.137456	-0.675764	-0.658048
0.484577	-0.137405	-0.676517	-0.657223
0.484619	-0.138557	-0.679245	-0.656277
0.484584	-0.137536	-0.679174	-0.658164
0.484573	-0.138899	-0.678465	-0.657317
0.484608	-0.136893	-0.680995	-0.657802
0.484562	-0.138028	-0.677652	-0.659061
0.484529	-0.139370	-0.676501	-0.658450
0.484691	-0.136421	-0.676952	-0.655895
0.484636	-0.135901	-0.678587	-0.657793
0.484588	-0.136535	-0.677579	-0.657360
0.484598	-0.136170	-0.678453	-0.656715
0.484584	-0.135200	-0.677499	-0.657268
0.484602	-0.136109	-0.677145	-0.658969
0.484613	-0.137238	-0.678899	-0.656950
0.484647	-0.135740	-0.678406	-0.657179
0.484627	-0.138131	-0.677504	-0.657952
0.484539	-0.136125	-0.679045	-0.658083
0.484618	-0.139316	-0.677301	-0.657405
0.484521	-0.137227	-0.675985	-0.657608
0.484604	-0.137053	-0.677376	-0.656920
0.484649	-0.139278	-0.675859	-0.657148
0.484608	-0.138698	-0.675655	-0.657360
0.484608	-0.138517	-0.675405	-0.657117
0.484701	-0.136518	-0.676830	-0.656845
0.484608	-0.139394	-0.675091	-0.657345
0.484683	-0.138328	-0.676492	-0.657904
0.484544	-0.138704	-0.676056	-0.656657
0.484642	-0.138283	-0.677544	-0.658291
0.484357	-0.139103	-0.675695	-0.657956
0.485748	-0.139271	-0.675977	-0.657104
0.489925	-0.139664	-0.677505	-0.657575
0.489338	-0.138967	-0.675858	-0.658330
0.490010	-0.138226	-0.676146	-0.657075
0.486018	-0.140838	-0.674626	-0.657994
0.484336	-0.137473	-0.677367	-0.658663
0.484664	-0.136848	-0.677073	-0.657808
0.484483	-0.136767	-0.676985	-0.657164
0.484601	-0.136971	-0.677896	-0.658658
0.484568	-0.135038	-0.677272	-0.657609
0.484570	-0.134589	-0.678815	-0.657325
0.484675	-0.133748	-0.678844	-0.656935
0.484490	-0.132023	-0.677827	-0.657124
0.484785	-0.133449	-0.677771	-0.658158
0.484284	-0.132066	-0.678308	-0.657740
0.485991	-0.131100	-0.680005	-0.656906
0.489892	-0.129163	-0.678614	-0.656361
0.489436	-0.129054	-0.681808	-0.657491
0.489757	-0.128889	-0.682803	-0.657423
0.489616	-0.130679	-0.683176	-0.656888
0.489784	-0.128641	-0.682026	-0.658199
0.489641	-0.130276	-0.682133	-0.658481
0.489673	-0.132096	-0.680860	-0.657064
0.489629	-0.132868	-0.682814	-0.657469
0.489784	-0.133382	-0.681226	-0.657887
0.489543	-0.134614	-0.680128	-0.656929
0.489847	-0.132002	-0.681625	-0.657654
0.485749	-0.132799	-0.679780	-0.658611
0.484279	-0.133110	-0.679730	-0.656939
0.484799	-0.134661	-0.678152	-0.657414
0.484419	-0.134434	-0.678920	-0.656632
0.488546	-0.133763	-0.678407	-0.657533
0.489861	-0.133818	-0.678292	-0.656799
0.489540	-0.133732	-0.678560	-0.658217
0.489735	-0.133862	-0.679320	-0.656626
0.489644	-0.133728	-0.679933	-0.656434
0.489688	-0.132998	-0.678609	-0.657326
0.489605	-0.133539	-0.677737	-0.656331
0.489661	-0.134025	-0.679001	-0.658165
0.489648	-0.133855	-0.678664	-0.657833
0.489607	-0.134060	-0.678951	-0.658509
0.489634	-0.131526	-0.679261	-0.657993
0.489619	-0.132007	-0.680217	-0.658068
0.489634	-0.131856	-0.678971	-0.657470
0.489634	-0.130969	-0.679832	-0.658287
0.489617	-0.131004	-0.681369	-0.657623
0.489654	-0.132741	-0.679632	-0.657956
0.489624	-0.133637	-0.679891	-0.656636
0.489666	-0.133535	-0.682716	-0.656774
0.489704	-0.133796	-0.681276	-0.657486
0.489637	-0.133668	-0.682136	-0.658162
0.489700	-0.134910	-0.682042	-0.657865
0.489640	-0.136222	-0.680639	-0.655939
0.489745	-0.137908	-0.681079	-0.656650
0.489648	-0.137347	-0.678404	-0.658580
0.489600	-0.138939	-0.678771	-0.657271
0.489609	-0.139187	-0.678907	-0.659293
0.489653	-0.140103	-0.675979	-0.658272
0.489671	-0.139660	-0.675450	-0.656866
0.489607	-0.142346	-0.673828	-0.656806
0.489685	-0.144241	-0.672439	-0.657052
0.489552	-0.141945	-0.671380	-0.656140
0.489777	-0.141778	-0.670242	-0.656056
0.489507	-0.141680	-0.670968	-0.656920
0.489753	-0.142302	-0.670297	-0.656514
0.489718	-0.140843	-0.671037	-0.656569
0.493927	-0.140838	-0.671627	-0.658393
0.494817	-0.141395	-0.670541	-0.658685
0.494553	-0.142011	-0.672132	-0.657187
0.494722	-0.141012	-0.670667	-0.657689
0.494490	-0.142281	-0.671202	-0.657747
0.490303	-0.141908	-0.672140	-0.657218
0.489444	-0.142040	-0.671667	-0.658282
0.489711	-0.142260	-0.671136	-0.656997
0.489619	-0.142643	-0.671791	-0.657565
0.489738	-0.142674	-0.670870	-0.656467
0.489591	-0.143624	-0.671239	-0.656703
0.489684	-0.144122	-0.671267	-0.656973
0.489610	-0.144821	-0.669266	-0.657876
0.489689	-0.143795	-0.668316	-0.656776
0.489661	-0.145971	-0.668424	-0.655518
0.489668	-0.144822	-0.668262	-0.656722
0.489674	-0.144201	-0.666806	-0.656779
0.489581	-0.143733	-0.668435	-0.657514
0.489640	-0.145208	-0.668216	-0.657127
0.489632	-0.144730	-0.668473	-0.657233
0.489611	-0.144178	-0.669346	-0.657805
0.489700	-0.144992	-0.667979	-0.656131
0.489591	-0.144862	-0.667196	-0.657836
0.489664	-0.145234	-0.669151	-0.657803
0.489630	-0.144680	-0.667169	-0.657189
0.489648	-0.144153	-0.667036	-0.656840
0.489627	-0.145605	-0.667209	-0.656890
0.489639	-0.145911	-0.666214	-0.656549
0.489625	-0.142741	-0.667953	-0.657648
0.489681	-0.143550	-0.668844	-0.656592
0.489680	-0.141837	-0.668683	-0.657121
0.489630	-0.141833	-0.667182	-0.656482
0.489584	-0.142017	-0.668450	-0.656180
0.489698	-0.142901	-0.670675	-0.656265
0.489698	-0.141940	-0.671288	-0.658147
0.489660	-0.141654	-0.670125	-0.657124
0.489655	-0.140474	-0.671261	-0.656549
0.489632	-0.139255	-0.670643	-0.656946
0.489590	-0.138274	-0.670716	-0.657329
0.489675	-0.137635	-0.673068	-0.657309
0.489688	-0.138124	-0.672429	-0.657277
0.489669	-0.139693	-0.673442	-0.658648
0.489666	-0.138039	-0.672521	-0.657479
0.489601	-0.138095	-0.671952	-0.657310
0.489661	-0.139069	-0.672903	-0.657375
0.489640	-0.140856	-0.671043	-0.658036
0.489683	-0.138765	-0.673075	-0.657771
0.489680	-0.139203	-0.673505	-0.656300
0.489649	-0.139541	-0.670266	-0.657538
0.489700	-0.138300	-0.672530	-0.657648
0.489648	-0.139167	-0.670764	-0.657949
0.489727	-0.139594	-0.671561	-0.659272
0.489656	-0.140192	-0.671849	-0.655504
0.489645	-0.139997	-0.673310	-0.658482
0.489685	-0.140619	-0.670912	-0.656711
0.489641	-0.139713	-0.671201	-0.656566
0.489685	-0.139764	-0.673349	-0.655823
0.489685	-0.140687	-0.671257	-0.656395
0.489634	-0.137227	-0.674536	-0.657882
0.489675	-0.138854	-0.674194	-0.658054
0.489609	-0.140058	-0.673165	-0.657456
0.489619	-0.140290	-0.674121	-0.657954
0.489723	-0.140853	-0.674957	-0.657124
0.489699	-0.139809	-0.673507	-0.658779
0.489641	-0.138942	-0.674521	-0.657656
0.489617	-0.140240	-0.673715	-0.656145
0.489640	-0.140096	-0.673458	-0.657577
0.489635	-0.141043	-0.674526	-0.657745
0.489609	-0.140626	-0.674727	-0.656310
0.489651	-0.139382	-0.676626	-0.658519
0.489655	-0.138708	-0.675460	-0.657443
0.489704	-0.138637	-0.674115	-0.656864
0.489627	-0.135837	-0.675204	-0.656368
0.489606	-0.136597	-0.676406	-0.657222
0.489632	-0.136150	-0.677576	-0.656385
0.489658	-0.135399	-0.676406	-0.657618
0.489688	-0.134462	-0.676719	-0.656572
0.489684	-0.136642	-0.677667	-0.655449
0.489691	-0.134700	-0.678123	-0.656532
0.489713	-0.133986	-0.676939	-0.656971
0.489649	-0.133722	-0.675980	-0.656738
0.489666	-0.132684	-0.678392	-0.658192
0.489637	-0.133089	-0.678444	-0.656681
0.489715	-0.132340	-0.677974	-0.656613
0.489660	-0.131976	-0.680017	-0.656442
0.489709	-0.131122	-0.678783	-0.656874
0.489622	-0.133315	-0.678980	-0.657539
0.489754	-0.133681	-0.680178	-0.656437
0.489646	-0.134682	-0.677588	-0.658634
0.489725	-0.135635	-0.677515	-0.657869
0.489520	-0.135549	-0.677125	-0.658148
0.489838	-0.138162	-0.678475	-0.656014
0.489522	-0.138544	-0.677180	-0.658395
0.489809	-0.139730	-0.676664	-0.657669
0.489270	-0.140261	-0.675997	-0.655869
0.492937	-0.141808	-0.675366	-0.657334
0.495068	-0.141734	-0.673058	-0.657152
0.494469	-0.139536	-0.673630	-0.657024
0.494777	-0.139623	-0.675460	-0.658920
0.494577	-0.139122	-0.674319	-0.656145
0.494752	-0.138924	-0.676323	-0.656634
0.494597	-0.138894	-0.674520	-0.657273
0.494659	-0.139186	-0.674431	-0.657232
0.494549	-0.140449	-0.674497	-0.656487
0.494653	-0.139718	-0.675535	-0.656115
0.494514	-0.138602	-0.675542	-0.657443
0.494649	-0.138060	-0.676490	-0.656990
0.494547	-0.137680	-0.675512	-0.656806
0.494706	-0.137516	-0.676254	-0.656752
0.494538	-0.136640	-0.677294	-0.656557
0.494776	-0.135772	-0.678672	-0.657554
0.494468	-0.136684	-0.677816	-0.658248
0.494839	-0.136863	-0.677390	-0.656592
0.493601	-0.137122	-0.680069	-0.656450
0.489502	-0.136235	-0.678327	-0.657200
0.489848	-0.137672	-0.677677	-0.657978
0.489497	-0.135190	-0.678912	-0.654974
0.489715	-0.137236	-0.677075	-0.656226
0.489577	-0.136983	-0.677370	-0.656380
0.489765	-0.137254	-0.675175	-0.657231
0.489487	-0.136796	-0.677271	-0.656735
0.489834	-0.137446	-0.676101	-0.656056
0.489424	-0.137357	-0.675238	-0.655736
0.489881	-0.133947	-0.675282	-0.655973
0.489165	-0.132832	-0.677569	-0.656007
0.491003	-0.131735	-0.676614	-0.655830
0.491171	-0.130511	-0.677554	-0.655271
0.489211	-0.130140	-0.678514	-0.655464
0.489896	-0.129355	-0.679233	-0.656196
0.489434	-0.128716	-0.681222	-0.656852
0.489720	-0.128915	-0.679004	-0.657174
0.489563	-0.131085	-0.680242	-0.657451
0.489730	-0.130526	-0.680487	-0.657584
0.489540	-0.130073	-0.679735	-0.655496
0.489619	-0.133743	-0.679439	-0.656338
0.489648	-0.130272	-0.680617	-0.657687
0.489691	-0.130440	-0.680045	-0.655581
0.489671	-0.130815	-0.679213	-0.657722
0.489589	-0.132056	-0.679444	-0.658317
0.489668	-0.131718	-0.680667	-0.656135
0.489683	-0.132425	-0.678273	-0.655972
0.489637	-0.133468	-0.679740	-0.657896
0.489587	-0.132215	-0.677947	-0.656116
0.489722	-0.133457	-0.678718	-0.656393
0.489472	-0.132547	-0.676334	-0.657706
0.493509	-0.130695	-0.677610	-0.655983
0.494868	-0.132764	-0.678278	-0.656671
0.494526	-0.131356	-0.677580	-0.655719
0.494738	-0.132478	-0.677687	-0.655890
0.494562	-0.131759	-0.677916	-0.657954
0.494677	-0.131901	-0.676178	-0.656889
0.494597	-0.132569	-0.676934	-0.657896
0.494648	-0.132651	-0.677312	-0.657272
0.494609	-0.131842	-0.677325	-0.657119
0.494587	-0.131794	-0.678536	-0.657580
0.494608	-0.131923	-0.677086	-0.655679
0.494638	-0.131398	-0.678912	-0.657732
0.494623	-0.130442	-0.679360	-0.658150
0.494682	-0.130042	-0.678731	-0.658135
0.494653	-0.131041	-0.679173	-0.657325
0.494663	-0.130879	-0.679209	-0.655427
0.494627	-0.129815	-0.677612	-0.656165
0.494609	-0.129603	-0.678011	-0.657823
0.494570	-0.128356	-0.676852	-0.655325
0.494677	-0.128465	-0.679207	-0.657608
0.494676	-0.128020	-0.677773	-0.656562
0.494671	-0.126800	-0.678188	-0.656163
0.494609	-0.128243	-0.679896	-0.656490
0.494577	-0.127367	-0.677917	-0.657347
0.494695	-0.126134	-0.677772	-0.657049
0.494594	-0.126388	-0.677401	-0.656558
0.494633	-0.124675	-0.680074	-0.656380
0.494592	-0.128067	-0.678386	-0.657113
0.494703	-0.127035	-0.678001	-0.656678
0.494600	-0.125991	-0.677575	-0.656514
0.494654	-0.125628	-0.676388	-0.658158
0.494638	-0.123970	-0.678382	-0.656348
0.494681	-0.125096	-0.679570	-0.658025
0.494584	-0.122669	-0.677608	-0.659235
0.494654	-0.123553	-0.679261	-0.656424
0.494633	-0.123467	-0.678307	-0.656869
0.494712	-0.124806	-0.680515	-0.658157
0.494662	-0.124076	-0.680796	-0.656014
0.494577	-0.124188	-0.681894	-0.657183
0.494667	-0.123657	-0.681300	-0.655570
0.494567	-0.123483	-0.681795	-0.658401
0.494518	-0.122192	-0.679641	-0.656311
0.494609	-0.124536	-0.681439	-0.657919
0.494584	-0.125108	-0.680089	-0.657674
0.494721	-0.124986	-0.680072	-0.656386
0.494624	-0.127005	-0.682321	-0.655933
0.494662	-0.127191	-0.680423	-0.656210
0.494617	-0.128366	-0.679750	-0.657847
0.494628	-0.128280	-0.679080	-0.655090
0.494651	-0.128840	-0.678767	-0.655726
0.494612	-0.127515	-0.678450	-0.655434
0.494702	-0.126971	-0.679658	-0.654948
0.494662	-0.126018	-0.679842	-0.654889
0.494626	-0.125867	-0.680968	-0.656683
0.494662	-0.123131	-0.683971	-0.656026
0.494669	-0.122945	-0.683629	-0.656230
0.494672	-0.122473	-0.685046	-0.655765
0.494830	-0.126205	-0.685012	-0.656930
0.499205	-0.126799	-0.684283	-0.656058
0.499795	-0.127562	-0.685556	-0.656423
0.499601	-0.130151	-0.684610	-0.657159
0.499650	-0.130351	-0.685461	-0.657746
0.499676	-0.129144	-0.684474	-0.656021
0.499727	-0.130841	-0.684812	-0.656665
0.499706	-0.131071	-0.685361	-0.657499
0.499757	-0.130372	-0.684733	-0.658072
0.499653	-0.130520	-0.684696	-0.655586
0.499780	-0.129411	-0.685282	-0.655944
0.499659	-0.130445	-0.682914	-0.656287
0.499673	-0.128592	-0.684659	-0.656354
0.499708	-0.127735	-0.685911	-0.657433
0.499732	-0.128411	-0.685691	-0.658080
0.499693	-0.129298	-0.686476	-0.656721
0.499767	-0.130046	-0.685752	-0.655219
0.499715	-0.128237	-0.688791	-0.656320
0.499680	-0.129019	-0.690852	-0.656068
0.499627	-0.129701	-0.690297	-0.656079
0.499625	-0.131682	-0.690029	-0.656236
0.499639	-0.131266	-0.688704	-0.657709
0.499730	-0.131033	-0.689159	-0.657291
0.499668	-0.130330	-0.689887	-0.656583
0.499686	-0.129206	-0.689946	-0.657443
0.499719	-0.130904	-0.689634	-0.656442
0.499654	-0.131113	-0.690405	-0.655962
0.499772	-0.130843	-0.689241	-0.658025
0.499675	-0.131212	-0.690134	-0.656861
0.499705	-0.130624	-0.690900	-0.656733
0.499795	-0.131291	-0.690530	-0.657425
0.499683	-0.131096	-0.689322	-0.657291
0.499666	-0.132902	-0.688511	-0.655278
0.499703	-0.131577	-0.687596	-0.657065
0.499696	-0.133838	-0.686770	-0.658713
0.499658	-0.134029	-0.686965	-0.656628
0.499713	-0.134224	-0.685406	-0.657856
0.499685	-0.134508	-0.684902	-0.656404
0.499733	-0.134772	-0.685998	-0.657434
0.499708	-0.136045	-0.685634	-0.656634
0.499659	-0.134021	-0.685767	-0.658021
0.499719	-0.135789	-0.685297	-0.656721
0.499681	-0.134384	-0.684553	-0.656260
0.499725	-0.135085	-0.684010	-0.658058
0.499680	-0.134261	-0.682826	-0.657513
0.499688	-0.135125	-0.683966	-0.656089
0.499710	-0.133289	-0.682563	-0.656346
0.499715	-0.133558	-0.684240	-0.655980
0.499710	-0.132808	-0.683526	-0.655819
0.499728	-0.131295	-0.685245	-0.656574
0.499607	-0.133320	-0.684317	-0.655848
0.499645	-0.130718	-0.685977	-0.657327
0.499639	-0.130966	-0.685457	-0.656009
0.499706	-0.129439	-0.685053	-0.658187
0.499675	-0.129963	-0.685980	-0.656692
0.499690	-0.130287	-0.685559	-0.656551
0.499779	-0.129668	-0.685715	-0.658687
0.499641	-0.131225	-0.686196	-0.658004
0.499750	-0.131202	-0.684850	-0.656400
0.499730	-0.132369	-0.686575	-0.658417
0.499671	-0.131717	-0.684958	-0.658596
0.499680	-0.131221	-0.685931	-0.656323
0.499686	-0.131217	-0.686692	-0.656225
0.499734	-0.131486	-0.686145	-0.657648
0.499706	-0.131614	-0.686926	-0.656131
0.499749	-0.131393	-0.686635	-0.656121
0.499772	-0.130836	-0.688243	-0.656989
0.499659	-0.131505	-0.685918	-0.656727
0.499651	-0.131824	-0.688778	-0.655662
0.499619	-0.129556	-0.688707	-0.656915
0.499833	-0.128917	-0.689360	-0.655934
0.499561	-0.128499	-0.689657	-0.656608
0.500523	-0.128157	-0.690773	-0.657494
0.504870	-0.127925	-0.691223	-0.658821
0.504728	-0.129009	-0.692170	-0.657644
0.504807	-0.129174	-0.690955	-0.655719
0.504817	-0.129161	-0.691475	-0.655694
0.504883	-0.128998	-0.690567	-0.655650
0.504785	-0.129566	-0.692188	-0.656323
0.504890	-0.129232	-0.690623	-0.657941
0.504809	-0.128814	-0.691899	-0.655519
0.504789	-0.130004	-0.690306	-0.656524
0.504845	-0.130223	-0.688629	-0.656525
0.504855	-0.129834	-0.689447	-0.655890
0.504732	-0.131735	-0.690044	-0.656624
0.504811	-0.129804	-0.689971	-0.657327
0.504772	-0.128102	-0.689495	-0.657062
0.504851	-0.127322	-0.691314	-0.657810
0.504785	-0.126694	-0.690069	-0.657267
0.504815	-0.125960	-0.689806	-0.657064
0.504799	-0.123857	-0.690971	-0.656098
0.504835	-0.124961	-0.690918	-0.656959
0.504772	-0.124607	-0.691834	-0.656805
0.504819	-0.122793	-0.691245	-0.655641
0.504814	-0.121976	-0.691718	-0.657897
0.504890	-0.121802	-0.692499	-0.657648
0.504920	-0.123268	-0.692965	-0.656287
0.504775	-0.122156	-0.693845	-0.656316
0.504873	-0.123440	-0.694895	-0.658088
0.504742	-0.124931	-0.696363	-0.655859
0.504901	-0.124473	-0.694440	-0.656632
0.504712	-0.125011	-0.693395	-0.656460
0.505097	-0.125723	-0.695215	-0.655015
0.503740	-0.127092	-0.692532	-0.656785
0.499449	-0.127363	-0.693608	-0.657200
0.499898	-0.129952	-0.693971	-0.657029
0.499527	-0.128470	-0.692891	-0.655965
0.499841	-0.127955	-0.691930	-0.656177
0.499432	-0.130792	-0.691519	-0.657917
0.503506	-0.129961	-0.691023	-0.656206
0.505177	-0.131264	-0.690162	-0.657321
0.504687	-0.130665	-0.689540	-0.656819
0.504992	-0.131245	-0.688847	-0.656743
0.504752	-0.130118	-0.690674	-0.657342
0.504846	-0.128743	-0.690238	-0.656915
0.504777	-0.127425	-0.690382	-0.656757
0.504915	-0.127574	-0.690047	-0.656054
0.504779	-0.129139	-0.691167	-0.657189
0.504903	-0.125498	-0.690290	-0.658246
0.504814	-0.125253	-0.691075	-0.656209
0.504858	-0.125747	-0.689837	-0.656460
0.504801	-0.130536	-0.691994	-0.655803
0.504841	-0.129298	-0.691463	-0.657535
0.504832	-0.130958	-0.689221	-0.656391
0.504763	-0.131577	-0.688751	-0.655836
0.504767	-0.130563	-0.688388	-0.655692
0.504854	-0.131274	-0.686537	-0.656950
0.504762	-0.130873	-0.686670	-0.658224
0.504880	-0.131551	-0.686796	-0.655942
0.504800	-0.131214	-0.687052	-0.656295
0.504896	-0.130668	-0.685549	-0.657381
0.504756	-0.131173	-0.683966	-0.656849
0.504904	-0.131564	-0.683618	-0.655679
0.504603	-0.131874	-0.683373	-0.656192
0.505076	-0.132508	-0.683522	-0.654932
0.500747	-0.131784	-0.683207	-0.655945
0.499572	-0.131844	-0.683179	-0.655853
0.499780	-0.133165	-0.682414	-0.656795
0.499757	-0.132378	-0.681938	-0.655721
0.499596	-0.131680	-0.683636	-0.656731
0.503650	-0.131155	-0.682459	-0.656587
0.505090	-0.131158	-0.680628	-0.657306
0.504593	-0.130732	-0.682098	-0.655665
0.504864	-0.130238	-0.681988	-0.656866
0.504812	-0.130800	-0.682143	-0.656421
0.504753	-0.130519	-0.682642	-0.655815
0.504792	-0.129695	-0.681226	-0.656725
0.500766	-0.130411	-0.682064	-0.656125
0.499472	-0.130299	-0.680383	-0.656470
0.499811	-0.128759	-0.681119	-0.655904
0.499637	-0.129864	-0.682002	-0.655427
0.499788	-0.128458	-0.681742	-0.656318
0.499624	-0.127749	-0.682049	-0.655620
0.499691	-0.126636	-0.682082	-0.657406
0.499650	-0.126893	-0.682012	-0.657742
0.499817	-0.128923	-0.682053	-0.656876
0.499614	-0.127770	-0.680567	-0.656779
0.499794	-0.128641	-0.681987	-0.656582
0.499706	-0.128490	-0.680444	-0.657501
0.499664	-0.127244	-0.680849	-0.656255
0.499701	-0.127207	-0.682850	-0.657192
0.499706	-0.125031	-0.680602	-0.655260
0.499674	-0.127569	-0.683982	-0.656779
0.499684	-0.126538	-0.683212	-0.655486
0.499660	-0.125442	-0.683118	-0.656985
0.499735	-0.127392	-0.685493	-0.657000
0.499763	-0.125103	-0.685676	-0.655081
0.499696	-0.125943	-0.686735	-0.656905
0.499763	-0.127328	-0.687026	-0.656478
0.499637	-0.127072	-0.685632	-0.656837
0.499758	-0.127009	-0.685977	-0.656401
0.499683	-0.128252	-0.686623	-0.656148
0.499806	-0.128912	-0.685198	-0.655023
0.499635	-0.127014	-0.686728	-0.656500
0.499752	-0.127736	-0.685721	-0.657706
0.499748	-0.127435	-0.686149	-0.657478
0.499752	-0.127296	-0.688193	-0.657133
0.499558	-0.125685	-0.688589	-0.657380
0.499732	-0.125708	-0.686209	-0.657107
0.499665	-0.125636	-0.687644	-0.655669
0.499759	-0.125238	-0.686193	-0.656202
0.499632	-0.125345	-0.686552	-0.656360
0.499795	-0.125019	-0.685665	-0.656950
0.499601	-0.125303	-0.687184	-0.657119
0.499912	-0.124308	-0.686806	-0.656767
0.499173	-0.125412	-0.688322	-0.658655
0.501965	-0.125323	-0.688484	-0.656532
0.505218	-0.126731	-0.687794	-0.656903
0.504557	-0.125930	-0.687643	-0.655085
0.504977	-0.124894	-0.687140	-0.657243
0.504688	-0.124781	-0.688411	-0.655365
0.504947	-0.125622	-0.687824	-0.655993
0.504772	-0.125902	-0.689600	-0.656083
0.504844	-0.125650	-0.688617	-0.656076
0.504690	-0.124170	-0.691430	-0.658298
0.504829	-0.124782	-0.690776	-0.656855
0.504827	-0.127283	-0.690034	-0.657738
0.504932	-0.125667	-0.688865	-0.656259
0.504765	-0.125856	-0.689758	-0.656582
0.504853	-0.124634	-0.689648	-0.656082
0.504763	-0.124748	-0.689823	-0.655851
0.504843	-0.124865	-0.690905	-0.657478
0.504868	-0.124113	-0.690983	-0.657035
0.504875	-0.125650	-0.691227	-0.657290
0.504809	-0.123835	-0.692237	-0.656668
0.504738	-0.124969	-0.692221	-0.658325
0.504830	-0.124538	-0.691761	-0.658184
0.504843	-0.124432	-0.692238	-0.657676
0.504809	-0.122915	-0.690844	-0.656341
0.504834	-0.123164	-0.691030	-0.656346
0.504769	-0.123422	-0.691682	-0.656576
0.504787	-0.124298	-0.691706	-0.655424
0.504790	-0.124034	-0.692291	-0.656712
0.504817	-0.123991	-0.690989	-0.656478
0.504835	-0.123229	-0.692114	-0.655124
0.504821	-0.123881	-0.690664	-0.657053
0.504784	-0.125827	-0.691365	-0.657679
0.504846	-0.124523	-0.689637	-0.656363
0.504763	-0.124103	-0.691869	-0.655965
0.504819	-0.123752	-0.691225	-0.656462
0.504884	-0.124798	-0.691970	-0.657543
0.504796	-0.125999	-0.693036	-0.656970
0.504816	-0.123552	-0.693041	-0.656536
0.504865	-0.124917	-0.692744	-0.655958
0.504815	-0.124444	-0.692766	-0.656911
0.504844	-0.123377	-0.692462	-0.657475
0.504820	-0.124294	-0.691792	-0.656424
0.504863	-0.125064	-0.690951	-0.657057
0.504771	-0.123245	-0.693158	-0.657681
0.504784	-0.125994	-0.692736	-0.655893
0.504795	-0.126679	-0.691865	-0.656894
0.504849	-0.126991	-0.693806	-0.654485
0.504806	-0.125841	-0.694058	-0.657418
0.504845	-0.126551	-0.693281	-0.656938
0.504777	-0.124254	-0.693193	-0.656554
0.504863	-0.125244	-0.692325	-0.657631
0.504715	-0.126941	-0.692509	-0.656568
